     10.00      7.00     25.00     25.00
     20.00      9.00     25.00     25.00
     30.00     11.00     25.00     25.00
     40.00     13.00     25.00     25.00
     50.00     15.00     25.00     25.00
     60.00     17.00     25.00     25.00
     70.00     19.00     25.00     25.00
     80.00     21.00     25.00     25.00
     90.00     23.00     25.00     25.00
    100.00     25.00     25.00     25.00
    110.00     27.00     25.00     25.00
    120.00     29.00     25.00     25.00
    130.00     31.00     25.00     25.00
    140.00     33.00     25.00     25.00
    150.00     35.00     25.00     25.00
    160.00     37.00     25.00     25.00
    170.00     39.00     25.00     25.00
    180.00     41.00     25.00     25.00
    190.00     43.00     25.00     25.00
    200.00     45.00     25.00     25.00
    210.00     47.00     25.00     25.00
    220.00     49.00     25.00     25.00
    230.00     51.00     25.00     25.00
    240.00     53.00     25.00     25.00
    250.00     55.00     25.00     25.00
    260.00     57.00     25.00     25.00
    270.00     59.00     25.00     25.00
    280.00     61.00     25.00     25.00
    290.00     63.00     25.00     25.00
    300.00     65.00     25.00     25.00
    310.00     67.00     25.00     25.00
    320.00     69.00     25.00     25.00
    330.00     71.00     25.00     25.00
    340.00     73.00     25.00     25.00
    350.00     75.00     25.00     25.00
    360.00     77.00     25.00     25.00
    370.00     79.00     25.00     25.00
    380.00     81.00     25.00     25.00
    390.00     83.00     25.00     25.00
    400.00     85.00     25.00     25.00
    410.00     87.00     25.00     25.00
    420.00     89.00     25.00     25.00
    430.00     91.00     25.00     25.00
    440.00     93.00     25.00     25.00
    450.00     95.00     25.00     25.00
    460.00     94.12     26.00     24.00
    470.00     92.12     26.00     24.00
    480.00     89.12     26.00     24.00
    490.00     87.12     26.00     24.00
    500.00     85.12     26.00     24.00
    510.00     83.12     26.00     24.00
    520.00     81.12     26.00     24.00
    530.00     79.12     26.00     24.00
    540.00     77.12     26.00     24.00
    550.00     75.12     26.00     24.00
    560.00     73.12     26.00     24.00
    570.00     71.12     26.00     24.00
    580.00     69.12     26.00     24.00
    590.00     67.12     26.00     24.00
    600.00     65.12     26.00     24.00
    610.00     63.12     26.00     24.00
    620.00     61.12     26.00     24.00
    630.00     59.12     26.00     24.00
    640.00     57.12     26.00     24.00
    650.00     55.12     26.00     24.00
    660.00     53.12     26.00     24.00
    670.00     51.12     26.00     24.00
    680.00     49.12     26.00     24.00
    690.00     47.12     26.00     24.00
    700.00     45.12     26.00     24.00
    710.00     43.12     26.00     24.00
    720.00     41.12     26.00     24.00
    730.00     39.12     26.00     24.00
    740.00     37.12     26.00     24.00
    750.00     35.12     26.00     24.00
    760.00     33.12     26.00     24.00
    770.00     31.12     26.00     24.00
    780.00     29.12     26.00     24.00
    790.00     27.12     26.00     24.00
    800.00     25.12     26.00     24.00
    810.00     23.12     26.00     24.00
    820.00     21.12     26.00     24.00
    830.00     19.12     26.00     24.00
    840.00     17.12     26.00     24.00
    850.00     15.12     26.00     24.00
    860.00     13.12     26.00     24.00
    870.00     11.12     26.00     24.00
    880.00      9.12     26.00     24.00
    890.00      7.12     26.00     24.00
    900.00      5.12     26.00     24.00
