     10.00    500.00     25.00     20.00
     20.00    500.00     35.00     50.00
     30.00    500.00     45.00     80.00
     40.00    500.00     50.00    110.00
     50.00    500.00     60.00    140.00
     60.00    500.00     70.00    170.00
     70.00    500.00     75.00    200.00
     80.00    500.00     85.00    230.00
     90.00    500.00     85.00     80.00
    100.00    450.00     75.00     50.00
    110.00    450.00     65.00     20.00
    120.00    450.00     55.00    350.00
    130.00    450.00     50.00    320.00
    140.00    450.00     40.00    290.00
    150.00    450.00     30.00    260.00
    160.00    450.00     25.00    230.00
    170.00    450.00     15.00    200.00
    180.00    450.00      5.00    170.00
    190.00    400.00     -5.00    140.00
    200.00    400.00    -15.00    110.00
    210.00    400.00    -25.00     80.00
    220.00    400.00    -30.00     50.00
    230.00    400.00    -40.00     20.00
    240.00    400.00    -50.00    350.00
    250.00    400.00    -65.00    320.00
    260.00    400.00    -75.00    290.00
    270.00    400.00    -85.00    260.00
    280.00    350.00    -85.00     50.00
    290.00    350.00    -75.00     80.00
    300.00    350.00    -65.00    110.00
    310.00    350.00    -50.00    140.00
    320.00    350.00    -40.00    170.00
    330.00    350.00    -30.00    200.00
    340.00    350.00    -25.00    230.00
    350.00    350.00    -15.00    260.00
    360.00    350.00     -5.00    350.00
    370.00    300.00      5.00     20.00
    380.00    300.00     15.00     80.00
    390.00    300.00     25.00    110.00
    400.00    300.00     30.00    140.00
    410.00    300.00     40.00    170.00
    420.00    300.00     50.00    200.00
    430.00    300.00     65.00    230.00
    440.00    300.00     75.00    260.00
    450.00    300.00     85.00    350.00
    460.00    250.00     85.00    200.00
    470.00    250.00     75.00    170.00
    480.00    250.00     65.00    140.00
    490.00    250.00     55.00    110.00
    500.00    250.00     50.00     80.00
    510.00    250.00     40.00     50.00
    520.00    250.00     30.00     20.00
    530.00    250.00     25.00    350.00
    540.00    250.00     15.00    320.00
    550.00    200.00      5.00    290.00
    560.00    200.00     -5.00    260.00
    570.00    200.00    -15.00    230.00
    580.00    200.00    -25.00    200.00
    590.00    200.00    -30.00    170.00
    600.00    200.00    -40.00    140.00
    610.00    200.00    -50.00    110.00
    620.00    200.00    -65.00     80.00
    630.00    200.00    -75.00     50.00
    640.00    150.00    -85.00     20.00
    650.00    150.00    -85.00    170.00
    660.00    150.00    -75.00    200.00
    670.00    150.00    -65.00    230.00
    680.00    150.00    -50.00    260.00
    690.00    150.00    -40.00    350.00
    700.00    150.00    -30.00     20.00
    710.00    150.00    -25.00     80.00
    720.00    150.00    -15.00    110.00
    730.00    100.00     -5.00    140.00
    740.00    100.00      5.00    170.00
    750.00    100.00     15.00    200.00
    760.00    100.00     25.00    230.00
    770.00    100.00     30.00    260.00
    780.00    100.00     40.00    350.00
    790.00    100.00     50.00     20.00
    800.00    100.00     65.00     80.00
    810.00    100.00     75.00    110.00
    820.00     50.00     85.00    140.00
    830.00     50.00     85.00    350.00
    840.00     50.00     75.00    320.00
    850.00     50.00     65.00    190.00
    860.00     50.00     55.00    160.00
    870.00     50.00     50.00    130.00
    880.00     50.00     40.00    100.00
    890.00     50.00     30.00     70.00
    900.00     50.00     25.00     40.00
