Zkm	TOTALNumden	N2Numdencm3	CH4Ndencm3	ArNdencm3	rhogcm3	Pergscm3	TempK	Fc
2200.0	1.30907E+03	9.70094E+01	1.21207E+03	1.61317E-04	3.67134E-20	2.62069E-11	145.00	1.00000
2190.0	1.38355E+03	1.06320E+02	1.27723E+03	1.81727E-04	3.88775E-20	2.76978E-11	145.00	1.00000
2180.0	1.46276E+03	1.16568E+02	1.34619E+03	2.04821E-04	4.11863E-20	2.92836E-11	145.00	1.00000
2170.0	1.54705E+03	1.27854E+02	1.41919E+03	2.30968E-04	4.36506E-20	3.09710E-11	145.00	1.00000
2160.0	1.63677E+03	1.40288E+02	1.49648E+03	2.60584E-04	4.62822E-20	3.27673E-11	145.00	1.00000
2150.0	1.73233E+03	1.53991E+02	1.57834E+03	2.94148E-04	4.90942E-20	3.46803E-11	145.00	1.00000
2140.0	1.83415E+03	1.69100E+02	1.66505E+03	3.32205E-04	5.21005E-20	3.67187E-11	145.00	1.00000
2130.0	1.94269E+03	1.85764E+02	1.75693E+03	3.75381E-04	5.53163E-20	3.88916E-11	145.00	1.00000
2120.0	2.05845E+03	2.04153E+02	1.85429E+03	4.24389E-04	5.87582E-20	4.12089E-11	145.00	1.00000
2110.0	2.18196E+03	2.24453E+02	1.95751E+03	4.80047E-04	6.24443E-20	4.36816E-11	145.00	1.00000
2100.0	2.31382E+03	2.46871E+02	2.06695E+03	5.43290E-04	6.63942E-20	4.63213E-11	145.00	1.00000
2090.0	2.45465E+03	2.71639E+02	2.18301E+03	6.15192E-04	7.06295E-20	4.91407E-11	145.00	1.00000
2080.0	2.60515E+03	2.99015E+02	2.30614E+03	6.96982E-04	7.51737E-20	5.21537E-11	145.00	1.00000
2070.0	2.76607E+03	3.29285E+02	2.43678E+03	7.90069E-04	8.00521E-20	5.53751E-11	145.00	1.00000
2060.0	2.93821E+03	3.62772E+02	2.57544E+03	8.96075E-04	8.52930E-20	5.88213E-11	145.00	1.00000
2050.0	3.12247E+03	3.99831E+02	2.72264E+03	1.01686E-03	9.09270E-20	6.25101E-11	145.00	1.00000
2040.0	3.31981E+03	4.40861E+02	2.87895E+03	1.15455E-03	9.69876E-20	6.64606E-11	145.00	1.00000
2030.0	3.53127E+03	4.86308E+02	3.04496E+03	1.31161E-03	1.03511E-19	7.06940E-11	145.00	1.00000
2020.0	3.75801E+03	5.36670E+02	3.22134E+03	1.49087E-03	1.10539E-19	7.52332E-11	145.00	1.00000
2010.0	4.00127E+03	5.92501E+02	3.40877E+03	1.69558E-03	1.18115E-19	8.01032E-11	145.00	1.00000
2000.0	4.26242E+03	6.54424E+02	3.60800E+03	1.92947E-03	1.26287E-19	8.53313E-11	145.00	1.00000
1990.0	4.54296E+03	7.23134E+02	3.81982E+03	2.19687E-03	1.35110E-19	9.09474E-11	145.00	1.00000
1980.0	4.84450E+03	7.99407E+02	4.04509E+03	2.50276E-03	1.44641E-19	9.69841E-11	145.00	1.00000
1970.0	5.16885E+03	8.84116E+02	4.28473E+03	2.85288E-03	1.54947E-19	1.03477E-10	145.00	1.00000
1960.0	5.51795E+03	9.78235E+02	4.53971E+03	3.25385E-03	1.66097E-19	1.10466E-10	145.00	1.00000
1950.0	5.89396E+03	1.08286E+03	4.81110E+03	3.71333E-03	1.78172E-19	1.17994E-10	145.00	1.00000
1940.0	6.29924E+03	1.19921E+03	5.10003E+03	4.24019E-03	1.91258E-19	1.26107E-10	145.00	1.00000
1930.0	6.73637E+03	1.32867E+03	5.40770E+03	4.84464E-03	2.05452E-19	1.34858E-10	145.00	1.00000
1920.0	7.20821E+03	1.47277E+03	5.73544E+03	5.53855E-03	2.20859E-19	1.44304E-10	145.00	1.00000
1910.0	7.71788E+03	1.63325E+03	6.08463E+03	6.33562E-03	2.37599E-19	1.54508E-10	145.00	1.00000
1900.0	8.26884E+03	1.81205E+03	6.45678E+03	7.25177E-03	2.55800E-19	1.65537E-10	145.00	1.00000
1890.0	8.86490E+03	2.01137E+03	6.85352E+03	8.30541E-03	2.75608E-19	1.77470E-10	145.00	1.00000
1880.0	9.51025E+03	2.23366E+03	7.27658E+03	9.51793E-03	2.97183E-19	1.90390E-10	145.00	1.00000
1870.0	1.02095E+04	2.48168E+03	7.72785E+03	1.09142E-02	3.20705E-19	2.04389E-10	145.00	1.00000
1860.0	1.09679E+04	2.75855E+03	8.20932E+03	1.25229E-02	3.46370E-19	2.19571E-10	145.00	1.00000
1850.0	1.17910E+04	3.06778E+03	8.72318E+03	1.43778E-02	3.74400E-19	2.36048E-10	145.00	1.00000
1840.0	1.26851E+04	3.41331E+03	9.27175E+03	1.65177E-02	4.05041E-19	2.53948E-10	145.00	1.00000
1830.0	1.36572E+04	3.79961E+03	9.85754E+03	1.89881E-02	4.38565E-19	2.73409E-10	145.00	1.00000
1820.0	1.47150E+04	4.23168E+03	1.04833E+04	2.18418E-02	4.75280E-19	2.94585E-10	145.00	1.00000
1810.0	1.58671E+04	4.71521E+03	1.11519E+04	2.51404E-02	5.15525E-19	3.17650E-10	145.00	1.00000
1800.0	1.71230E+04	5.25658E+03	1.18664E+04	2.89558E-02	5.59681E-19	3.42793E-10	145.00	1.00000
1790.0	1.84934E+04	5.86303E+03	1.26304E+04	3.33718E-02	6.08176E-19	3.70228E-10	145.00	1.00000
1780.0	1.99901E+04	6.54272E+03	1.34474E+04	3.84864E-02	6.61485E-19	4.00191E-10	145.00	1.00000
1770.0	2.16263E+04	7.30490E+03	1.43213E+04	4.44140E-02	7.20143E-19	4.32946E-10	145.00	1.00000
1760.0	2.34166E+04	8.16002E+03	1.52565E+04	5.12884E-02	7.84749E-19	4.68787E-10	145.00	1.00000
1750.0	2.53775E+04	9.11990E+03	1.62576E+04	5.92663E-02	8.55975E-19	5.08043E-10	145.00	1.00000
1740.0	2.75274E+04	1.01979E+04	1.73294E+04	6.85311E-02	9.34576E-19	5.51082E-10	145.00	1.00000
1730.0	2.98867E+04	1.14094E+04	1.84773E+04	7.92977E-02	1.02140E-18	5.98315E-10	145.00	1.00000
1720.0	3.24786E+04	1.27713E+04	1.97072E+04	9.18181E-02	1.11740E-18	6.50203E-10	145.00	1.00000
1710.0	3.53288E+04	1.43034E+04	2.10252E+04	1.06388E-01	1.22366E-18	7.07262E-10	145.00	1.00000
1700.0	3.84662E+04	1.60278E+04	2.24383E+04	1.23355E-01	1.34138E-18	7.70071E-10	145.00	1.00000
1690.0	4.19233E+04	1.79697E+04	2.39535E+04	1.43127E-01	1.47192E-18	8.39281E-10	145.00	1.00000
1680.0	4.57368E+04	2.01576E+04	2.55790E+04	1.66185E-01	1.61684E-18	9.15624E-10	145.00	1.00000
1670.0	4.99476E+04	2.26242E+04	2.73232E+04	1.93093E-01	1.77787E-18	9.99922E-10	145.00	1.00000
1660.0	5.46022E+04	2.54065E+04	2.91954E+04	2.24517E-01	1.95697E-18	1.09310E-09	145.00	1.00000
1650.0	5.97526E+04	2.85466E+04	3.12058E+04	2.61241E-01	2.15639E-18	1.19621E-09	145.00	1.00000
1640.0	6.54579E+04	3.20925E+04	3.33651E+04	3.04191E-01	2.37863E-18	1.31043E-09	145.00	1.00000
1630.0	7.17845E+04	3.60990E+04	3.56851E+04	3.54458E-01	2.62655E-18	1.43708E-09	145.00	1.00000
1620.0	7.88076E+04	4.06285E+04	3.81787E+04	4.13334E-01	2.90340E-18	1.57768E-09	145.00	1.00000
1610.0	8.66124E+04	4.57521E+04	4.08598E+04	4.82343E-01	3.21287E-18	1.73393E-09	145.00	1.00000
1600.0	9.52951E+04	5.15512E+04	4.37433E+04	5.63289E-01	3.55911E-18	1.90775E-09	145.00	1.00000
1590.0	1.04965E+05	5.81186E+04	4.68457E+04	6.58311E-01	3.94689E-18	2.10134E-09	145.00	1.00000
1580.0	1.15746E+05	6.55605E+04	5.01846E+04	7.69939E-01	4.38162E-18	2.31717E-09	145.00	1.00000
1570.0	1.27779E+05	7.39983E+04	5.37794E+04	9.01176E-01	4.86946E-18	2.55806E-09	145.00	1.00000
1560.0	1.41223E+05	8.35710E+04	5.76510E+04	1.05559E+00	5.41741E-18	2.82721E-09	145.00	1.00000
1550.0	1.56261E+05	9.44378E+04	6.18222E+04	1.23740E+00	6.03350E-18	3.12826E-09	145.00	1.00000
1540.0	1.73100E+05	1.06781E+05	6.63176E+04	1.45165E+00	6.72685E-18	3.46536E-09	145.00	1.00000
1530.0	1.91976E+05	1.20810E+05	7.11643E+04	1.70433E+00	7.50790E-18	3.84324E-09	145.00	1.00000
1520.0	2.13157E+05	1.36764E+05	7.63915E+04	2.00256E+00	8.38859E-18	4.26729E-09	145.00	1.00000
1510.0	2.36953E+05	1.54919E+05	8.20311E+04	2.35482E+00	9.38258E-18	4.74366E-09	145.00	1.00000
1500.0	2.63713E+05	1.75592E+05	8.81178E+04	2.77126E+00	1.05055E-17	5.27937E-09	145.00	1.00000
1490.0	2.93839E+05	1.99146E+05	9.46895E+04	3.26396E+00	1.17753E-17	5.88248E-09	145.00	1.00000
1480.0	3.27791E+05	2.26000E+05	1.01787E+05	3.84735E+00	1.32125E-17	6.56219E-09	145.00	1.00000
1470.0	3.66096E+05	2.56635E+05	1.09457E+05	4.53871E+00	1.48407E-17	7.32904E-09	145.00	1.00000
1460.0	4.09358E+05	2.91607E+05	1.17746E+05	5.35869E+00	1.66870E-17	8.19512E-09	145.00	1.00000
1450.0	4.58270E+05	3.31555E+05	1.26709E+05	6.33204E+00	1.87825E-17	9.17431E-09	145.00	1.00000
1440.0	5.13628E+05	3.77217E+05	1.36404E+05	7.48841E+00	2.11632E-17	1.02825E-08	145.00	1.00000
1430.0	5.76347E+05	4.29443E+05	1.46895E+05	8.86337E+00	2.38703E-17	1.15381E-08	145.00	1.00000
1420.0	6.47481E+05	4.89219E+05	1.58252E+05	1.04997E+01	2.69514E-17	1.29622E-08	145.00	1.00000
1410.0	7.28241E+05	5.57679E+05	1.70550E+05	1.24486E+01	3.04614E-17	1.45790E-08	145.00	1.00000
1400.0	8.20026E+05	6.36138E+05	1.83873E+05	1.47720E+01	3.44634E-17	1.64165E-08	145.00	1.00000
1390.0	9.24448E+05	7.26118E+05	1.98313E+05	1.75441E+01	3.90309E-17	1.85069E-08	145.00	1.00000
1380.0	1.04337E+06	8.29379E+05	2.13968E+05	2.08545E+01	4.42481E-17	2.08876E-08	145.00	1.00000
1370.0	1.17894E+06	9.47965E+05	2.30948E+05	2.48114E+01	5.02131E-17	2.36016E-08	145.00	1.00000
1360.0	1.33364E+06	1.08424E+06	2.49372E+05	2.95451E+01	5.70391E-17	2.66988E-08	145.00	1.00000
1350.0	1.51036E+06	1.24096E+06	2.69371E+05	3.52132E+01	6.48574E-17	3.02366E-08	145.00	1.00000
1340.0	1.71244E+06	1.42131E+06	2.91089E+05	4.20064E+01	7.38201E-17	3.42820E-08	145.00	1.00000
1330.0	1.94373E+06	1.62900E+06	3.14682E+05	5.01554E+01	8.41041E-17	3.89123E-08	145.00	1.00000
1320.0	2.20873E+06	1.86834E+06	3.40325E+05	5.99398E+01	9.59144E-17	4.42175E-08	145.00	1.00000
1310.0	2.51265E+06	2.14437E+06	3.68205E+05	7.16987E+01	1.09490E-16	5.03018E-08	145.00	1.00000
1300.0	2.86146E+06	2.46293E+06	3.98531E+05	8.58438E+01	1.25062E-16	5.72578E-08	145.00	1.00000
1295.0	3.05493E+06	2.63856E+06	4.16364E+05	9.16479E+01	1.33699E-16	6.11291E-08	145.00	1.00000
1290.0	3.26231E+06	2.82718E+06	4.35141E+05	9.78693E+01	1.42965E-16	6.52789E-08	145.00	1.00000
1285.0	3.48469E+06	3.02977E+06	4.54925E+05	1.04541E+02	1.52906E-16	6.97286E-08	145.00	1.00000
1280.0	3.72316E+06	3.24738E+06	4.75774E+05	1.11695E+02	1.63575E-16	7.45005E-08	145.00	1.00000
1275.0	3.97896E+06	3.48121E+06	4.97755E+05	1.19369E+02	1.75027E-16	7.96191E-08	145.00	1.00000
1270.0	4.25343E+06	3.73249E+06	5.20940E+05	1.27603E+02	1.87322E-16	8.51111E-08	145.00	1.00000
1265.0	4.54797E+06	4.00256E+06	5.45406E+05	1.36439E+02	2.00526E-16	9.10049E-08	145.00	1.00000
1260.0	4.86412E+06	4.29289E+06	5.71233E+05	1.45924E+02	2.14706E-16	9.73311E-08	145.00	1.00000
1255.0	5.20355E+06	4.60506E+06	5.98509E+05	1.56106E+02	2.29939E-16	1.04123E-07	145.00	1.00000
1250.0	5.56808E+06	4.94075E+06	6.27333E+05	1.67042E+02	2.46309E-16	1.11417E-07	145.00	1.00000
1245.0	5.95959E+06	5.30179E+06	6.57796E+05	1.78788E+02	2.63899E-16	1.19251E-07	145.00	1.00000
1240.0	6.38022E+06	5.69022E+06	6.90018E+05	1.91407E+02	2.82807E-16	1.27668E-07	145.00	1.00000
1235.0	6.83224E+06	6.10812E+06	7.24112E+05	2.04967E+02	3.03139E-16	1.36713E-07	145.00	1.00000
1230.0	7.31805E+06	6.55784E+06	7.60203E+05	2.19541E+02	3.25000E-16	1.46434E-07	145.00	1.00000
1225.0	7.84032E+06	7.04189E+06	7.98427E+05	2.35210E+02	3.48513E-16	1.56885E-07	145.00	1.00000
1220.0	8.40197E+06	7.56302E+06	8.38939E+05	2.52059E+02	3.73812E-16	1.68123E-07	145.00	1.00000
1215.0	9.00599E+06	8.12410E+06	8.81884E+05	2.70180E+02	4.01031E-16	1.80210E-07	145.00	1.00000
1210.0	9.65583E+06	8.72839E+06	9.27445E+05	2.89675E+02	4.30328E-16	1.93213E-07	145.00	1.00000
1205.0	1.03550E+07	9.37923E+06	9.75799E+05	3.10650E+02	4.61865E-16	2.07204E-07	145.00	1.00000
1200.0	1.11075E+07	1.00803E+07	1.02714E+06	3.33225E+02	4.95814E-16	2.22261E-07	145.00	1.00000
1195.0	1.19175E+07	1.08358E+07	1.08169E+06	3.57525E+02	5.32380E-16	2.38470E-07	145.00	1.00000
1190.0	1.27897E+07	1.16500E+07	1.13968E+06	3.83691E+02	5.71762E-16	2.55922E-07	145.00	1.00000
1185.0	1.37290E+07	1.25277E+07	1.20136E+06	4.11870E+02	6.14194E-16	2.74718E-07	145.00	1.00000
1180.0	1.47408E+07	1.34738E+07	1.26700E+06	4.42224E+02	6.59914E-16	2.94964E-07	145.00	1.00000
1175.0	1.58309E+07	1.44940E+07	1.33689E+06	4.74927E+02	7.09190E-16	3.16777E-07	145.00	1.00000
1170.0	1.70058E+07	1.55944E+07	1.41136E+06	5.10174E+02	7.62314E-16	3.40285E-07	145.00	1.00000
1165.0	1.82721E+07	1.67813E+07	1.49074E+06	5.48163E+02	8.19590E-16	3.65624E-07	145.00	1.00000
1160.0	1.96373E+07	1.80619E+07	1.57540E+06	5.89119E+02	8.81358E-16	3.92941E-07	145.00	1.00000
1155.0	2.11095E+07	1.94437E+07	1.66576E+06	6.33285E+02	9.47987E-16	4.22401E-07	145.00	1.00000
1150.0	2.26975E+07	2.09352E+07	1.76224E+06	6.80925E+02	1.01987E-15	4.54177E-07	145.00	1.00000
1145.0	2.44106E+07	2.25452E+07	1.86532E+06	7.32318E+02	1.09744E-15	4.88456E-07	145.00	1.00000
1140.0	2.62592E+07	2.42836E+07	1.97553E+06	7.87776E+02	1.18117E-15	5.25446E-07	145.00	1.00000
1135.0	2.82545E+07	2.61610E+07	2.09340E+06	8.47635E+02	1.27156E-15	5.65372E-07	145.00	1.00000
1130.0	3.04082E+07	2.81888E+07	2.21955E+06	9.12246E+02	1.36916E-15	6.08469E-07	145.00	1.00000
1125.0	3.27340E+07	3.03795E+07	2.35464E+06	9.82020E+02	1.47458E-15	6.55008E-07	145.00	1.00000
1120.0	3.52460E+07	3.27466E+07	2.49936E+06	1.05738E+03	1.58844E-15	7.05273E-07	145.00	1.00000
1115.0	3.79596E+07	3.53049E+07	2.65453E+06	1.13879E+03	1.71148E-15	7.59572E-07	145.00	1.00000
1110.0	4.08915E+07	3.80705E+07	2.82096E+06	1.22674E+03	1.84444E-15	8.18240E-07	145.00	1.00000
1105.0	4.40602E+07	4.10606E+07	2.99959E+06	1.32181E+03	1.98817E-15	8.81645E-07	145.00	1.00000
1100.0	4.74854E+07	4.42939E+07	3.19134E+06	1.42456E+03	2.14355E-15	9.50183E-07	145.00	1.00000
1095.0	5.11889E+07	4.77914E+07	3.39738E+06	1.53567E+03	2.31158E-15	1.02429E-06	145.00	1.00000
1090.0	5.51939E+07	5.15750E+07	3.61882E+06	1.65582E+03	2.49332E-15	1.10443E-06	145.00	1.00000
1085.0	5.95260E+07	5.56690E+07	3.85698E+06	1.78578E+03	2.68993E-15	1.19112E-06	145.00	1.00000
1080.0	6.42134E+07	6.01003E+07	4.11325E+06	1.92640E+03	2.90271E-15	1.28491E-06	145.00	1.00000
1075.0	6.92858E+07	6.48967E+07	4.38911E+06	2.07857E+03	3.13297E-15	1.38641E-06	145.00	1.00000
1070.0	7.47761E+07	7.00897E+07	4.68623E+06	2.24328E+03	3.38224E-15	1.49627E-06	145.00	1.00000
1065.0	8.07203E+07	7.57139E+07	5.00638E+06	2.42161E+03	3.65214E-15	1.61521E-06	145.00	1.00000
1060.0	8.71570E+07	8.18052E+07	5.35152E+06	2.61471E+03	3.94445E-15	1.74401E-06	145.00	1.00000
1055.0	9.41289E+07	8.84052E+07	5.72380E+06	2.82387E+03	4.26110E-15	1.88352E-06	145.00	1.00000
1050.0	1.01682E+08	9.55570E+07	6.12549E+06	3.05046E+03	4.60417E-15	2.03466E-06	145.00	1.00000
1045.0	1.09867E+08	1.03307E+08	6.55910E+06	3.29601E+03	4.97595E-15	2.19843E-06	145.00	1.00000
1040.0	1.18738E+08	1.11711E+08	7.02744E+06	3.56214E+03	5.37896E-15	2.37595E-06	145.00	1.00000
1035.0	1.28356E+08	1.20822E+08	7.53347E+06	3.85068E+03	5.81591E-15	2.56840E-06	145.00	1.00000
1030.0	1.38785E+08	1.30704E+08	8.08044E+06	4.16355E+03	6.28974E-15	2.77708E-06	145.00	1.00000
1025.0	1.50095E+08	1.41423E+08	8.67189E+06	4.50285E+03	6.80368E-15	3.00341E-06	145.00	1.00000
1020.0	1.62366E+08	1.53054E+08	9.31172E+06	4.87098E+03	7.36126E-15	3.24894E-06	145.00	1.00000
1015.0	1.75681E+08	1.65676E+08	1.00042E+07	5.27043E+03	7.96636E-15	3.51537E-06	145.00	1.00000
1010.0	1.90132E+08	1.79378E+08	1.07539E+07	5.70396E+03	8.62312E-15	3.80454E-06	145.00	1.00000
1005.0	2.05820E+08	1.94254E+08	1.15659E+07	6.17460E+03	9.33613E-15	4.11846E-06	145.00	1.00000
1000.0	2.22854E+08	2.10408E+08	1.24455E+07	6.68562E+03	1.01103E-14	4.45931E-06	145.00	1.00000
995.0	2.41356E+08	2.27956E+08	1.33990E+07	7.24068E+03	1.09513E-14	4.82952E-06	145.00	1.00000
990.0	2.61453E+08	2.47020E+08	1.44328E+07	7.84359E+03	1.18648E-14	5.23168E-06	145.00	1.00000
985.0	2.83293E+08	2.67739E+08	1.55541E+07	8.49879E+03	1.28576E-14	5.66870E-06	145.00	1.00000
980.0	3.07028E+08	2.90258E+08	1.67707E+07	9.21084E+03	1.39366E-14	6.14364E-06	145.00	1.00000
975.0	3.32831E+08	3.14739E+08	1.80911E+07	9.98493E+03	1.51096E-14	6.65996E-06	145.00	1.00000
970.0	3.60887E+08	3.41362E+08	1.95248E+07	1.08266E+04	1.63851E-14	7.22136E-06	145.00	1.00000
965.0	3.91403E+08	3.70322E+08	2.10818E+07	1.17421E+04	1.77724E-14	7.83197E-06	145.00	1.00000
960.0	4.24598E+08	4.01823E+08	2.27734E+07	1.27379E+04	1.92816E-14	8.49620E-06	145.00	1.00000
955.0	4.60717E+08	4.36107E+08	2.46118E+07	1.38215E+04	2.09239E-14	9.21896E-06	145.00	1.00000
950.0	5.00031E+08	4.73418E+08	2.66103E+07	1.50009E+04	2.27113E-14	1.00056E-05	145.00	1.00000
945.0	5.42826E+08	5.14041E+08	2.87836E+07	1.62848E+04	2.46571E-14	1.08620E-05	145.00	1.00000
940.0	5.89431E+08	5.58282E+08	3.11479E+07	1.76829E+04	2.67762E-14	1.17945E-05	145.00	1.00000
935.0	6.40188E+08	6.06468E+08	3.37205E+07	1.92056E+04	2.90842E-14	1.28102E-05	145.00	1.00000
930.0	6.95483E+08	6.58962E+08	3.65206E+07	2.08645E+04	3.15985E-14	1.39166E-05	145.00	1.00000
925.0	7.55743E+08	7.16175E+08	3.95697E+07	2.26723E+04	3.43387E-14	1.51224E-05	145.00	1.00000
920.0	8.21480E+08	7.78585E+08	4.28932E+07	2.46444E+04	3.73279E-14	1.64367E-05	144.99	1.00000
915.0	8.93348E+08	8.46823E+08	4.65245E+07	2.68004E+04	4.05959E-14	1.78697E-05	144.95	1.00000
910.0	9.71904E+08	9.21414E+08	5.04911E+07	2.91571E+04	4.41685E-14	1.94330E-05	144.89	1.00000
905.0	1.05798E+09	1.00314E+09	5.48350E+07	3.17394E+04	4.80825E-14	2.11394E-05	144.79	1.00000
900.0	1.15218E+09	1.09259E+09	5.95868E+07	3.45654E+04	5.23662E-14	2.30027E-05	144.67	1.00000
895.0	1.25544E+09	1.19065E+09	6.47926E+07	3.76632E+04	5.70625E-14	2.50382E-05	144.52	1.00000
890.0	1.36862E+09	1.29813E+09	7.04959E+07	4.10586E+04	6.22092E-14	2.72634E-05	144.35	1.00000
885.0	1.49296E+09	1.41620E+09	7.67590E+07	4.47888E+04	6.78638E-14	2.96970E-05	144.14	1.00000
880.0	1.62945E+09	1.54582E+09	8.36312E+07	4.88835E+04	7.40708E-14	3.23601E-05	143.91	1.00000
875.0	1.77937E+09	1.68819E+09	9.11764E+07	5.33811E+04	8.08889E-14	3.52761E-05	143.66	1.00000
870.0	1.94430E+09	1.84482E+09	9.94741E+07	5.83290E+04	8.83891E-14	3.84707E-05	143.38	1.00000
865.0	2.12590E+09	2.01729E+09	1.08608E+08	6.37770E+04	9.66482E-14	4.19730E-05	143.07	1.00000
860.0	2.32584E+09	2.20718E+09	1.18660E+08	6.97752E+04	1.05741E-13	4.58147E-05	142.74	1.00000
855.0	2.54633E+09	2.41659E+09	1.29743E+08	7.63899E+04	1.15769E-13	5.00314E-05	142.38	1.00000
850.0	2.78950E+09	2.64754E+09	1.41961E+08	8.36850E+04	1.26828E-13	5.46631E-05	142.00	1.00000
845.0	3.05790E+09	2.90246E+09	1.55444E+08	9.17370E+04	1.39035E-13	5.97538E-05	141.60	1.00000
840.0	3.35463E+09	3.18428E+09	1.70347E+08	1.00639E+05	1.52530E-13	6.53530E-05	141.17	1.00000
835.0	3.68270E+09	3.49588E+09	1.86819E+08	1.10481E+05	1.67450E-13	7.15156E-05	140.72	1.00000
830.0	4.04607E+09	3.84102E+09	2.05060E+08	1.21382E+05	1.83977E-13	7.83041E-05	140.24	1.00000
825.0	4.44825E+09	4.22301E+09	2.25244E+08	1.33448E+05	2.02268E-13	8.57867E-05	139.75	1.00000
820.0	4.89445E+09	4.64682E+09	2.47633E+08	1.46834E+05	2.22561E-13	9.40407E-05	139.23	1.00000
815.0	5.38965E+09	5.11721E+09	2.72476E+08	1.61690E+05	2.45084E-13	1.03154E-04	138.69	1.00000
810.0	5.93966E+09	5.63961E+09	3.00064E+08	1.78190E+05	2.70099E-13	1.13222E-04	138.13	1.00000
805.0	6.55126E+09	6.22050E+09	3.30734E+08	1.96538E+05	2.97914E-13	1.24355E-04	137.55	1.00000
800.0	7.23249E+09	6.86763E+09	3.64892E+08	2.16975E+05	3.28898E-13	1.36678E-04	136.94	1.00000
795.0	7.99098E+09	7.58807E+09	4.02917E+08	2.39729E+05	3.63395E-13	1.50328E-04	136.32	1.00000
790.0	8.83690E+09	8.39159E+09	4.45320E+08	2.65107E+05	4.01869E-13	1.65461E-04	135.68	1.00000
785.0	9.78135E+09	9.28868E+09	4.92654E+08	2.93441E+05	4.44823E-13	1.82254E-04	135.02	1.00000
780.0	1.08370E+10	1.02915E+10	5.45558E+08	3.25110E+05	4.92838E-13	2.00907E-04	134.34	1.00000
775.0	1.20173E+10	1.14126E+10	6.04698E+08	3.60519E+05	5.46519E-13	2.21644E-04	133.65	1.00000
770.0	1.33393E+10	1.26684E+10	6.70929E+08	4.00179E+05	6.06645E-13	2.44719E-04	132.94	1.00000
765.0	1.48218E+10	1.40766E+10	7.45191E+08	4.44654E+05	6.74072E-13	2.70424E-04	132.21	1.00000
760.0	1.64863E+10	1.56578E+10	8.28569E+08	4.94589E+05	7.49781E-13	2.99086E-04	131.46	1.00000
755.0	1.83560E+10	1.74339E+10	9.22213E+08	5.50680E+05	8.34818E-13	3.31081E-04	130.70	1.00000
750.0	2.04586E+10	1.94311E+10	1.02751E+09	6.13758E+05	9.30445E-13	3.66829E-04	129.93	1.00000
745.0	2.28273E+10	2.16811E+10	1.14612E+09	6.84819E+05	1.03818E-12	4.06813E-04	129.14	1.00000
740.0	2.54978E+10	2.42179E+10	1.27983E+09	7.64934E+05	1.15964E-12	4.51589E-04	128.34	1.00000
735.0	2.85116E+10	2.70809E+10	1.43072E+09	8.55348E+05	1.29672E-12	5.01780E-04	127.53	1.00000
730.0	3.19172E+10	3.03160E+10	1.60121E+09	9.57516E+05	1.45162E-12	5.58104E-04	126.71	1.00000
725.0	3.57705E+10	3.39763E+10	1.79411E+09	1.07312E+06	1.62687E-12	6.21385E-04	125.88	1.00000
720.0	4.01358E+10	3.81232E+10	2.01261E+09	1.20407E+06	1.82542E-12	6.92564E-04	125.04	1.00000
715.0	4.50839E+10	4.28236E+10	2.26027E+09	1.35252E+06	2.05048E-12	7.72720E-04	124.20	1.00000
710.0	5.07030E+10	4.81615E+10	2.54151E+09	1.52109E+06	2.30604E-12	8.63081E-04	123.35	1.00000
705.0	5.70937E+10	5.42324E+10	2.86133E+09	1.71281E+06	2.59672E-12	9.65091E-04	122.49	1.00000
700.0	6.43654E+10	6.11402E+10	3.22524E+09	1.93096E+06	2.92745E-12	1.08037E-03	121.63	1.00000
695.0	7.26503E+10	6.90105E+10	3.63982E+09	2.17951E+06	3.30428E-12	1.21081E-03	120.77	1.00000
690.0	8.21016E+10	7.79891E+10	4.11276E+09	2.46305E+06	3.73417E-12	1.35858E-03	119.91	1.00000
685.0	9.28976E+10	8.82447E+10	4.65292E+09	2.78693E+06	4.22519E-12	1.52620E-03	119.05	1.00000
680.0	1.05245E+11	9.99737E+10	5.27070E+09	3.15735E+06	4.78678E-12	1.71657E-03	118.19	1.00000
675.0	1.19374E+11	1.13396E+11	5.97763E+09	3.58122E+06	5.42945E-12	1.93302E-03	117.34	1.00000
670.0	1.35576E+11	1.28787E+11	6.78817E+09	4.06728E+06	6.16634E-12	2.17947E-03	116.49	1.00000
665.0	1.54149E+11	1.46431E+11	7.71731E+09	4.62447E+06	7.01108E-12	2.46038E-03	115.66	1.00000
660.0	1.75494E+11	1.66709E+11	8.78515E+09	5.26482E+06	7.98197E-12	2.78098E-03	114.83	1.00000
655.0	2.00022E+11	1.90010E+11	1.00121E+10	6.00066E+06	9.09757E-12	3.14730E-03	114.02	1.00000
650.0	2.28259E+11	2.16834E+11	1.14246E+10	6.84777E+06	1.03819E-11	3.56640E-03	113.22	1.00000
645.0	2.60751E+11	2.47701E+11	1.30499E+10	7.82253E+06	1.18598E-11	4.04636E-03	112.45	1.00000
640.0	2.98233E+11	2.83308E+11	1.49248E+10	8.94699E+06	1.35645E-11	4.59673E-03	111.69	1.00000
635.0	3.41455E+11	3.24369E+11	1.70867E+10	1.02437E+07	1.55305E-11	5.22852E-03	110.96	1.00000
630.0	3.91371E+11	3.71788E+11	1.95833E+10	1.17411E+07	1.78008E-11	5.95452E-03	110.25	1.00000
625.0	4.48988E+11	4.26523E+11	2.24651E+10	1.34696E+07	2.04215E-11	6.78962E-03	109.58	1.00000
620.0	5.15634E+11	4.89835E+11	2.57983E+10	1.54690E+07	2.34527E-11	7.75118E-03	108.93	1.00000
615.0	5.92622E+11	5.62973E+11	2.96487E+10	1.77787E+07	2.69545E-11	8.85942E-03	108.33	1.00000
610.0	6.81714E+11	6.47610E+11	3.41045E+10	2.04514E+07	3.10067E-11	1.01377E-02	107.76	1.00000
605.0	7.84805E+11	7.45544E+11	3.92603E+10	2.35442E+07	3.56957E-11	1.16133E-02	107.23	1.00000
600.0	9.03961E+11	8.58742E+11	4.52194E+10	2.71188E+07	4.11153E-11	1.33179E-02	106.76	1.00000
595.0	1.04189E+12	9.89774E+11	5.21173E+10	3.12567E+07	4.73890E-11	1.52882E-02	106.33	1.00000
590.0	1.20148E+12	1.14138E+12	6.00983E+10	3.60444E+07	5.46477E-11	1.75670E-02	105.95	1.00000
585.0	1.38599E+12	1.31667E+12	6.93254E+10	4.15797E+07	6.30399E-11	2.02035E-02	105.63	1.00000
580.0	1.59911E+12	1.51913E+12	7.99827E+10	4.79733E+07	7.27332E-11	2.32549E-02	105.38	1.00000
575.0	1.84550E+12	1.75320E+12	9.23043E+10	5.53650E+07	8.39401E-11	2.67872E-02	105.18	1.00000
570.0	2.12967E+12	2.02315E+12	1.06514E+11	6.38901E+07	9.68649E-11	3.08765E-02	105.06	1.00000
565.0	2.45760E+12	2.33469E+12	1.22914E+11	7.37280E+07	1.11781E-10	3.56106E-02	105.00	1.00000
560.0	2.83494E+12	2.69315E+12	1.41782E+11	8.50482E+07	1.28944E-10	4.10900E-02	105.03	1.00000
555.0	3.26791E+12	3.10446E+12	1.63433E+11	9.80373E+07	1.48637E-10	4.74286E-02	105.17	1.00000
550.0	3.76382E+12	3.57558E+12	1.88231E+11	1.12915E+08	1.71193E-10	5.47559E-02	105.42	1.00000
545.0	4.33114E+12	4.11454E+12	2.16599E+11	1.29934E+08	1.96997E-10	6.32184E-02	105.77	1.00000
540.0	4.97938E+12	4.73036E+12	2.49014E+11	1.49381E+08	2.26481E-10	7.29827E-02	106.21	1.00000
535.0	5.71826E+12	5.43229E+12	2.85961E+11	1.71548E+08	2.60089E-10	8.42385E-02	106.75	1.00000
530.0	6.55998E+12	6.23193E+12	3.28049E+11	1.96799E+08	2.98373E-10	9.71996E-02	107.37	1.00000
525.0	7.51719E+12	7.14129E+12	3.75913E+11	2.25516E+08	3.41911E-10	1.12109E-01	108.07	1.00000
520.0	8.60448E+12	8.17419E+12	4.30281E+11	2.58134E+08	3.91364E-10	1.29239E-01	108.84	1.00000
515.0	9.83641E+12	9.34452E+12	4.91880E+11	2.95092E+08	4.47398E-10	1.48896E-01	109.69	1.00000
510.0	1.12318E+13	1.06701E+13	5.61650E+11	3.36954E+08	5.10866E-10	1.71428E-01	110.60	1.00000
505.0	1.28108E+13	1.21702E+13	6.40602E+11	3.84324E+08	5.82683E-10	1.97225E-01	111.56	1.00000
500.0	1.45935E+13	1.38637E+13	7.29743E+11	4.37805E+08	6.63770E-10	2.26725E-01	112.58	1.00000
495.0	1.66061E+13	1.57757E+13	8.30376E+11	4.98183E+08	7.55311E-10	2.60422E-01	113.64	1.00000
490.0	1.88732E+13	1.79295E+13	9.43736E+11	5.66196E+08	8.58429E-10	2.98867E-01	114.75	1.00000
485.0	2.14271E+13	2.03557E+13	1.07143E+12	6.42813E+08	9.74589E-10	3.42680E-01	115.89	1.00000
480.0	2.43007E+13	2.30856E+13	1.21511E+12	7.29021E+08	1.10529E-09	3.92560E-01	117.06	1.00000
475.0	2.75296E+13	2.61532E+13	1.37657E+12	8.25888E+08	1.25216E-09	4.49280E-01	118.26	1.00000
470.0	3.11564E+13	2.95985E+13	1.55791E+12	9.34692E+08	1.41712E-09	5.13715E-01	119.48	1.00000
465.0	3.52291E+13	3.34676E+13	1.76154E+12	1.05687E+09	1.60236E-09	5.86845E-01	120.71	1.00000
460.0	3.97949E+13	3.78051E+13	1.98984E+12	1.19385E+09	1.81003E-09	6.69766E-01	121.96	1.00000
455.0	4.49159E+13	4.26700E+13	2.24589E+12	1.34748E+09	2.04295E-09	7.63703E-01	123.21	1.00000
450.0	5.06516E+13	4.81187E+13	2.53267E+12	1.51955E+09	2.30383E-09	8.70035E-01	124.47	1.00000
445.0	5.70749E+13	5.42209E+13	2.85385E+12	1.71225E+09	2.59599E-09	9.90291E-01	125.73	1.00000
440.0	6.42688E+13	6.10552E+13	3.21354E+12	1.92806E+09	2.92320E-09	1.12620E+00	126.98	1.00000
435.0	7.23160E+13	6.87002E+13	3.61590E+12	2.16948E+09	3.28922E-09	1.27968E+00	128.23	1.00000
430.0	8.13252E+13	7.72589E+13	4.06637E+12	2.43976E+09	3.69900E-09	1.45291E+00	129.46	1.00000
425.0	9.14015E+13	8.68314E+13	4.57020E+12	2.74204E+09	4.15730E-09	1.64832E+00	130.68	1.00000
420.0	1.02674E+14	9.75399E+13	5.13380E+12	3.08022E+09	4.67000E-09	1.86861E+00	131.88	1.00000
415.0	1.15281E+14	1.09517E+14	5.76418E+12	3.45843E+09	5.24345E-09	2.11682E+00	133.06	1.00000
410.0	1.29389E+14	1.22919E+14	6.46956E+12	3.88167E+09	5.88511E-09	2.39641E+00	134.21	1.00000
405.0	1.45163E+14	1.37904E+14	7.25828E+12	4.35489E+09	6.60258E-09	2.71119E+00	135.34	1.00000
400.0	1.62821E+14	1.54680E+14	8.14121E+12	4.88463E+09	7.40575E-09	3.06549E+00	136.43	1.00000
395.0	1.82578E+14	1.73449E+14	9.12903E+12	5.47734E+09	8.30436E-09	3.46416E+00	137.49	1.00000
390.0	2.04682E+14	1.94448E+14	1.02342E+13	6.14046E+09	9.30977E-09	3.91266E+00	138.52	1.00000
385.0	2.29449E+14	2.17977E+14	1.14726E+13	6.88347E+09	1.04363E-08	4.41713E+00	139.50	1.00000
380.0	2.57191E+14	2.44332E+14	1.28597E+13	7.71573E+09	1.16981E-08	4.98455E+00	140.44	1.00000
375.0	2.88271E+14	2.73857E+14	1.44137E+13	8.64813E+09	1.31117E-08	5.62270E+00	141.34	1.00000
370.0	3.23125E+14	3.06968E+14	1.61564E+13	9.69375E+09	1.46970E-08	6.34042E+00	142.19	1.00000
365.0	3.62254E+14	3.44141E+14	1.81129E+13	1.08676E+10	1.64767E-08	7.14771E+00	142.98	1.00000
360.0	4.06181E+14	3.85873E+14	2.03093E+13	1.21854E+10	1.84748E-08	8.05593E+00	143.72	1.00000
355.0	4.55520E+14	4.32744E+14	2.27761E+13	1.36656E+10	2.07189E-08	9.07788E+00	144.41	1.00000
350.0	5.10926E+14	4.85377E+14	2.55464E+13	1.53278E+10	2.32389E-08	1.02279E+01	145.06	1.00000
345.0	5.72011E+14	5.43411E+14	2.86007E+13	1.71603E+10	2.60173E-08	1.15210E+01	145.95	1.00000
340.0	6.40547E+14	6.08517E+14	3.20274E+13	1.92164E+10	2.91345E-08	1.29739E+01	146.77	1.00000
335.0	7.17439E+14	6.81566E+14	3.58721E+13	2.15232E+10	3.26320E-08	1.46066E+01	147.53	1.00000
330.0	8.03703E+14	7.63515E+14	4.01853E+13	2.41111E+10	3.65555E-08	1.64417E+01	148.24	1.00000
325.0	9.00664E+14	8.55631E+14	4.50334E+13	2.70199E+10	4.09659E-08	1.85049E+01	148.88	1.00000
320.0	1.00959E+15	9.59114E+14	5.04798E+13	3.02877E+10	4.59202E-08	2.08254E+01	149.48	1.00000
315.0	1.13204E+15	1.07543E+15	5.66020E+13	3.39612E+10	5.14897E-08	2.34359E+01	150.02	1.00000
310.0	1.26985E+15	1.20636E+15	6.34931E+13	3.80955E+10	5.77581E-08	2.63737E+01	150.50	1.00000
305.0	1.42489E+15	1.35365E+15	7.12449E+13	4.27467E+10	6.48101E-08	2.96811E+01	150.94	1.00000
300.0	1.59964E+15	1.51966E+15	7.99826E+13	4.79892E+10	7.27580E-08	3.34062E+01	151.33	1.00000
295.0	1.79665E+15	1.70682E+15	8.98331E+13	5.38995E+10	8.17190E-08	3.76038E+01	151.67	1.00000
290.0	2.01891E+15	1.91796E+15	1.00946E+14	6.05673E+10	9.18284E-08	4.23358E+01	151.95	1.00000
285.0	2.26988E+15	2.15639E+15	1.13494E+14	6.80964E+10	1.03244E-07	4.76733E+01	152.19	1.00000
280.0	2.55333E+15	2.42567E+15	1.27667E+14	7.65999E+10	1.16136E-07	5.36968E+01	152.39	1.00000
275.0	2.87389E+15	2.73020E+15	1.43695E+14	8.62167E+10	1.30716E-07	6.04983E+01	152.54	1.00000
270.0	3.23654E+15	3.07471E+15	1.61827E+14	9.70962E+10	1.47211E-07	6.81827E+01	152.66	1.00000
265.0	3.64738E+15	3.46501E+15	1.82369E+14	1.09421E+11	1.65897E-07	7.68702E+01	152.72	1.00000
260.0	4.11301E+15	3.90736E+15	2.05650E+14	1.23390E+11	1.87076E-07	8.66985E+01	152.75	1.00000
255.0	4.64117E+15	4.40912E+15	2.32059E+14	1.39235E+11	2.11099E-07	9.78242E+01	152.74	1.00000
250.0	5.24087E+15	4.97883E+15	2.62044E+14	1.57226E+11	2.38376E-07	1.10428E+02	152.69	1.00000
245.0	5.92276E+15	5.62662E+15	2.96138E+14	1.77683E+11	2.69390E-07	1.24716E+02	152.59	1.00000
240.0	6.69813E+15	6.36323E+15	3.34906E+14	2.00944E+11	3.04657E-07	1.40926E+02	152.46	1.00000
235.0	7.58104E+15	7.20194E+15	3.79051E+14	2.27431E+11	3.44815E-07	1.59331E+02	152.30	1.00000
230.0	8.58752E+15	8.15812E+15	4.29375E+14	2.57626E+11	3.90594E-07	1.80246E+02	152.10	1.00000
225.0	9.73539E+15	9.24859E+15	4.86768E+14	2.92062E+11	4.42803E-07	2.04031E+02	151.87	1.00000
220.0	1.10466E+16	1.04943E+16	5.52329E+14	3.31398E+11	5.02442E-07	2.31104E+02	151.60	1.00000
215.0	1.25460E+16	1.19187E+16	6.27305E+14	3.76380E+11	5.70644E-07	2.61948E+02	151.30	1.00000
210.0	1.42609E+16	1.35479E+16	7.13045E+14	4.27827E+11	6.48644E-07	2.97121E+02	150.98	1.00000
205.0	1.62261E+16	1.54148E+16	8.11307E+14	4.86783E+11	7.38027E-07	3.37263E+02	150.62	1.00000
200.0	1.84799E+16	1.75560E+16	9.24000E+14	5.54397E+11	8.40544E-07	3.83125E+02	150.23	1.00000
198.0	1.94711E+16	1.84975E+16	9.73558E+14	5.84133E+11	8.85626E-07	4.03261E+02	150.08	1.00000
196.0	2.05207E+16	1.94946E+16	1.02603E+15	6.15621E+11	9.33364E-07	4.24508E+02	149.91	1.00000
194.0	2.16282E+16	2.05467E+16	1.08141E+15	6.48846E+11	9.83734E-07	4.46935E+02	149.74	1.00000
192.0	2.28000E+16	2.16600E+16	1.14000E+15	6.84000E+11	1.03704E-06	4.70609E+02	149.57	1.00000
190.0	2.40401E+16	2.28381E+16	1.20200E+15	7.21203E+11	1.09344E-06	4.95603E+02	149.39	1.00000
188.0	2.53511E+16	2.40836E+16	1.26756E+15	7.60533E+11	1.15307E-06	5.21997E+02	149.21	1.00000
186.0	2.67372E+16	2.54004E+16	1.33686E+15	8.02116E+11	1.21612E-06	5.49873E+02	149.03	1.00000
184.0	2.82031E+16	2.67930E+16	1.41016E+15	8.46093E+11	1.28279E-06	5.79319E+02	148.85	1.00000
182.0	2.97554E+16	2.82676E+16	1.48777E+15	8.92662E+11	1.35340E-06	6.10427E+02	148.66	1.00000
180.0	3.13997E+16	2.98297E+16	1.56999E+15	9.41991E+11	1.42818E-06	6.43296E+02	148.46	1.00000
178.0	3.31396E+16	3.14827E+16	1.65698E+15	9.94188E+11	1.50732E-06	6.78037E+02	148.26	1.00000
176.0	3.49810E+16	3.32319E+16	1.74905E+15	1.04943E+12	1.59108E-06	7.14756E+02	148.06	1.00000
174.0	3.69303E+16	3.50837E+16	1.84651E+15	1.10791E+12	1.67973E-06	7.53579E+02	147.87	1.00000
172.0	3.89962E+16	3.70464E+16	1.94981E+15	1.16989E+12	1.77370E-06	7.94623E+02	147.66	1.00000
170.0	4.11842E+16	3.91250E+16	2.05921E+15	1.23553E+12	1.87322E-06	8.38036E+02	147.45	1.00001
168.0	4.35015E+16	4.13265E+16	2.17508E+15	1.30504E+12	1.97863E-06	8.83954E+02	147.25	1.00001
166.0	4.59592E+16	4.36613E+16	2.29796E+15	1.37878E+12	2.09041E-06	9.32531E+02	147.03	1.00001
164.0	4.85634E+16	4.61353E+16	2.42817E+15	1.45690E+12	2.20886E-06	9.83934E+02	146.82	1.00001
162.0	5.13228E+16	4.87567E+16	2.56614E+15	1.53968E+12	2.33437E-06	1.03833E+03	146.60	1.00001
160.0	5.42517E+16	5.15391E+16	2.71258E+15	1.62755E+12	2.46758E-06	1.09591E+03	146.38	1.00001
158.0	5.73525E+16	5.44848E+16	2.86762E+15	1.72057E+12	2.60862E-06	1.15686E+03	146.17	1.00001
156.0	6.06443E+16	5.76120E+16	3.03222E+15	1.81933E+12	2.75834E-06	1.22140E+03	145.95	1.00001
154.0	6.41352E+16	6.09285E+16	3.20676E+15	1.92406E+12	2.91713E-06	1.28975E+03	145.72	1.00001
152.0	6.78429E+16	6.44509E+16	3.39215E+15	2.03529E+12	3.08577E-06	1.36215E+03	145.49	1.00001
150.0	7.17721E+16	6.81832E+16	3.58859E+15	2.15316E+12	3.26447E-06	1.43886E+03	145.27	1.00001
148.0	7.60124E+16	7.22117E+16	3.80062E+15	2.28037E+12	3.45735E-06	1.52016E+03	144.92	1.00001
146.0	8.09868E+16	7.69374E+16	4.04933E+15	2.42960E+12	3.68360E-06	1.60666E+03	143.76	1.00001
144.0	8.52502E+16	8.09877E+16	4.26252E+15	2.55751E+12	3.87753E-06	1.69840E+03	144.37	1.00001
142.0	9.09769E+16	8.64280E+16	4.54886E+15	2.72931E+12	4.13800E-06	1.79578E+03	143.04	1.00001
140.0	9.67326E+16	9.18966E+16	4.83664E+15	2.90198E+12	4.39980E-06	1.89966E+03	142.31	1.00001
138.0	1.02498E+17	9.73731E+16	5.12489E+15	3.07494E+12	4.66201E-06	2.01007E+03	142.11	1.00001
136.0	1.09020E+17	1.03569E+17	5.45099E+15	3.27060E+12	4.95866E-06	2.12748E+03	141.41	1.00001
134.0	1.15561E+17	1.09783E+17	5.77805E+15	3.46683E+12	5.25617E-06	2.25231E+03	141.24	1.00002
132.0	1.22855E+17	1.16711E+17	6.14271E+15	3.68565E+12	5.58790E-06	2.38504E+03	140.68	1.00002
130.0	1.30171E+17	1.23663E+17	6.50856E+15	3.90513E+12	5.92071E-06	2.52610E+03	140.63	1.00002
128.0	1.39007E+17	1.32057E+17	6.95034E+15	4.17021E+12	6.32259E-06	2.67637E+03	139.52	1.00002
126.0	1.48630E+17	1.41199E+17	7.43149E+15	4.45890E+12	6.76029E-06	2.83720E+03	138.33	1.00002
124.0	1.58275E+17	1.50361E+17	7.91371E+15	4.74825E+12	7.19894E-06	3.00906E+03	137.77	1.00002
122.0	1.69467E+17	1.60994E+17	8.47338E+15	5.08401E+12	7.70807E-06	3.19285E+03	136.53	1.00002
120.0	1.80697E+17	1.71662E+17	9.03486E+15	5.42091E+12	8.21884E-06	3.38952E+03	135.93	1.00003
118.0	1.92711E+17	1.83076E+17	9.63554E+15	5.78133E+12	8.76528E-06	3.59954E+03	135.35	1.00003
116.0	2.05534E+17	1.95258E+17	1.02767E+16	6.16602E+12	9.34851E-06	3.82385E+03	134.82	1.00003
114.0	2.19152E+17	2.08194E+17	1.09576E+16	6.57456E+12	9.96787E-06	4.06343E+03	134.36	1.00003
112.0	2.34353E+17	2.22636E+17	1.17177E+16	7.03059E+12	1.06594E-05	4.31963E+03	133.57	1.00003
110.0	2.50362E+17	2.37843E+17	1.25181E+16	7.51086E+12	1.13874E-05	4.59389E+03	132.97	1.00004
108.0	2.67191E+17	2.53832E+17	1.33596E+16	8.01573E+12	1.21530E-05	4.88716E+03	132.55	1.00004
106.0	2.85614E+17	2.71334E+17	1.42807E+16	8.56842E+12	1.29909E-05	5.20087E+03	131.96	1.00004
104.0	3.07233E+17	2.91871E+17	1.53616E+16	9.21699E+12	1.39742E-05	5.53778E+03	130.62	1.00005
102.0	3.29709E+17	3.13223E+17	1.64854E+16	9.89127E+12	1.49965E-05	5.90029E+03	129.68	1.00005
100.0	3.54606E+17	3.36876E+17	1.77303E+16	1.06382E+13	1.61289E-05	6.29031E+03	128.55	1.00006
98.0	3.81169E+17	3.62111E+17	1.90585E+16	1.14351E+13	1.73371E-05	6.71034E+03	127.58	1.00006
96.0	4.10183E+17	3.89673E+17	2.05091E+16	1.23055E+13	1.86567E-05	7.16274E+03	126.55	1.00007
94.0	4.43274E+17	4.21110E+17	2.21637E+16	1.32982E+13	2.01619E-05	7.65134E+03	125.09	1.00007
92.0	4.80471E+17	4.56448E+17	2.40236E+16	1.44141E+13	2.18538E-05	8.18094E+03	123.39	1.00008
90.0	5.18595E+17	4.92665E+17	2.59297E+16	1.55579E+13	2.35878E-05	8.75467E+03	122.34	1.00009
88.0	5.57594E+17	5.29714E+17	2.78797E+16	1.67278E+13	2.53616E-05	9.37364E+03	121.83	1.00010
86.0	6.06482E+17	5.76158E+17	3.03241E+16	1.81945E+13	2.75852E-05	1.00440E+04	120.02	1.00011
84.0	6.64563E+17	6.31335E+17	3.32282E+16	1.99369E+13	3.02270E-05	1.07770E+04	117.53	1.00012
82.0	7.31866E+17	6.95272E+17	3.65933E+16	2.19560E+13	3.32881E-05	1.15835E+04	114.71	1.00014
80.0	8.06104E+17	7.65800E+17	4.03052E+16	2.41831E+13	3.66649E-05	1.24730E+04	112.14	1.00016
78.0	8.93133E+17	8.48478E+17	4.46568E+16	2.67940E+13	4.06234E-05	1.34571E+04	109.20	1.00019
76.0	9.89792E+17	9.40302E+17	4.94896E+16	2.96938E+13	4.50197E-05	1.45494E+04	106.54	1.00022
74.0	1.10027E+18	1.04525E+18	5.50135E+16	3.30081E+13	5.00447E-05	1.57634E+04	103.84	1.00025
72.0	1.24790E+18	1.18551E+18	6.23952E+16	3.74370E+13	5.67597E-05	1.71290E+04	99.50	1.00031
70.0	1.44397E+18	1.37178E+18	7.21988E+16	4.33191E+13	6.56778E-05	1.86961E+04	93.86	1.00040
68.0	1.67824E+18	1.59433E+18	8.39121E+16	5.03472E+13	7.63332E-05	2.05160E+04	88.63	1.00051
66.0	2.00405E+18	1.90385E+18	1.00202E+17	6.01215E+13	9.11525E-05	2.26643E+04	82.01	1.00070
64.0	2.41787E+18	2.29698E+18	1.20893E+17	7.25361E+13	1.09974E-04	2.52470E+04	75.74	1.00097
62.0	2.88448E+18	2.74025E+18	1.44224E+17	8.65344E+13	1.31197E-04	2.83498E+04	71.31	1.00128
60.0	3.38485E+18	3.21561E+18	1.69242E+17	1.01546E+14	1.53957E-04	3.20256E+04	68.67	1.00161
58.0	3.95134E+18	3.75377E+18	1.97567E+17	1.18540E+14	1.79723E-04	3.63340E+04	66.76	1.00198
56.0	4.57588E+18	4.34709E+18	2.28794E+17	1.37276E+14	2.08129E-04	4.13508E+04	65.64	1.00236
54.0	5.25514E+18	4.99239E+18	2.62757E+17	1.57654E+14	2.39026E-04	4.71453E+04	65.19	1.00274
52.0	6.01051E+18	5.70999E+18	3.00526E+17	1.80315E+14	2.73382E-04	5.37959E+04	65.06	1.00315
50.0	6.86106E+18	6.51801E+18	3.43053E+17	2.05832E+14	3.12069E-04	6.14070E+04	65.09	1.00360
48.0	7.81572E+18	7.42494E+18	3.90786E+17	2.34472E+14	3.55490E-04	7.00996E+04	65.26	1.00408
46.0	8.89702E+18	8.45216E+18	4.44851E+17	2.66911E+14	4.04672E-04	8.00132E+04	65.47	1.00462
44.0	1.01119E+19	9.60630E+18	5.05596E+17	3.03357E+14	4.59930E-04	9.13059E+04	65.77	1.00522
42.0	1.15106E+19	1.09350E+19	5.75526E+17	3.45318E+14	5.23545E-04	1.04170E+05	65.97	1.00592
40.0	1.30576E+19	1.24047E+19	6.52878E+17	3.91728E+14	5.93910E-04	1.18812E+05	66.37	1.00665
38.0	1.47829E+19	1.40437E+19	7.39144E+17	4.43487E+14	6.72384E-04	1.35430E+05	66.88	1.00744
36.0	1.67942E+19	1.59545E+19	8.39712E+17	5.03826E+14	7.63869E-04	1.54306E+05	67.14	1.00841
34.0	1.90847E+19	1.81304E+19	9.54228E+17	5.72541E+14	8.68046E-04	1.75785E+05	67.38	1.00951
32.0	2.16362E+19	2.05543E+19	1.08181E+18	6.49086E+14	9.84100E-04	2.00205E+05	67.77	1.01070
30.0	2.44677E+19	2.32443E+19	1.22339E+18	7.34031E+14	1.11289E-03	2.27892E+05	68.30	1.01196
28.0	2.76409E+19	2.62589E+19	1.38205E+18	8.29227E+14	1.25722E-03	2.59240E+05	68.87	1.01335
26.0	3.11213E+19	2.95651E+19	1.55606E+18	9.33639E+14	1.41552E-03	2.94643E+05	69.62	1.01478
24.0	3.49539E+19	3.32062E+19	1.74769E+18	1.04862E+15	1.58985E-03	3.34519E+05	70.48	1.01629
22.0	3.91021E+19	3.71470E+19	1.95510E+18	1.17306E+15	1.77852E-03	3.79283E+05	71.54	1.01780
20.0	4.38767E+19	4.16829E+19	2.19384E+18	1.31630E+15	1.99569E-03	4.29513E+05	72.33	1.01966
18.0	4.89316E+19	4.64850E+19	2.44658E+18	1.46795E+15	2.22561E-03	4.85786E+05	73.48	1.02139
16.0	5.44087E+19	5.16883E+19	2.72044E+18	1.63226E+15	2.47473E-03	5.48552E+05	74.75	1.02315
14.0	6.03966E+19	5.73767E+19	3.01983E+18	1.81190E+15	2.74708E-03	6.18386E+05	76.05	1.02502
12.0	6.69240E+19	6.35778E+19	3.34620E+18	2.00772E+15	3.04397E-03	6.95961E+05	77.39	1.02698
10.0	7.39711E+19	7.02725E+19	3.69856E+18	2.21913E+15	3.36450E-03	7.81938E+05	78.82	1.02898
8.0	8.13555E+19	7.72877E+19	4.06777E+18	2.44067E+15	3.70038E-03	8.76880E+05	80.51	1.03080
6.0	8.92952E+19	8.48304E+19	4.46476E+18	2.67886E+15	4.06150E-03	9.81353E+05	82.24	1.03268
5.0	9.32090E+19	8.80178E+19	5.19118E+18	2.79627E+15	4.22895E-03	1.03724E+06	83.33	1.03337
4.0	9.74054E+19	9.14304E+19	5.97503E+18	2.92216E+15	4.40838E-03	1.09552E+06	84.29	1.03423
3.0	1.01193E+20	9.39496E+19	7.24302E+18	3.03579E+15	4.55915E-03	1.15606E+06	85.65	1.03460
2.0	1.04522E+20	9.53502E+19	9.17101E+18	3.13566E+15	4.67546E-03	1.21848E+06	87.39	1.03450
1.5	1.06121E+20	9.58916E+19	1.02285E+19	3.18363E+15	4.72871E-03	1.25028E+06	88.31	1.03438
1.0	1.07921E+20	9.71289E+19	1.07921E+19	3.23763E+15	4.80119E-03	1.28250E+06	89.08	1.03444
0.5	1.09968E+20	9.89721E+19	1.09968E+19	3.29904E+15	4.89228E-03	1.31530E+06	89.68	1.03470
0.0	1.12028E+20	1.00826E+20	1.12028E+19	3.36084E+15	4.98392E-03	1.34873E+06	90.29	1.03495
