TU	Ls	Pmb	-90	-80	-70	-60	-50	-40	-30	-20	-10	0	10	20	30	40	50	60	70	80	90
1	0	1465	95.62	95.62	97.27	97.34	97.73	95.08	95.47	94.69	94.61	94.69	94.92	93.59	95.23	96.17	94.69	94.14	93.75	93.83	93.75
1	0	1000	87.11	87.03	87.19	87.42	87.66	87.66	87.73	87.73	87.89	87.89	87.97	87.89	87.97	87.73	87.73	87.50	87.34	87.03	86.48
1	0	800	83.12	83.12	83.52	83.52	83.83	84.06	84.11	84.14	84.45	84.45	84.53	84.37	84.37	83.98	83.98	83.67	83.36	83.12	82.73
1	0	600	80.62	80.70	81.80	81.48	81.64	81.87	82.11	82.27	82.42	82.34	82.66	82.34	82.42	82.03	81.50	81.41	81.09	81.02	80.70
1	0	500	76.17	76.17	76.64	76.87	77.11	77.50	77.81	77.89	77.89	78.05	78.12	78.05	78.05	77.73	77.42	76.80	76.72	76.64	76.48
1	0	400	74.22	73.67	73.83	74.37	74.30	74.92	75.16	75.31	75.55	75.55	75.62	75.47	75.39	75.08	74.92	74.70	74.60	74.53	74.61
1	0	300	73.52	73.20	73.52	73.83	73.83	73.75	74.06	74.22	74.06	74.37	73.67	73.67	74.14	73.75	73.28	72.34	72.27	73.36	73.12
1	0	200	72.27	72.66	73.05	73.36	73.52	73.28	73.36	73.91	73.83	74.06	73.20	72.89	72.89	72.73	72.34	71.87	71.02	71.64	71.17
1	0	150	72.27	72.50	72.89	73.20	73.75	73.52	73.52	73.91	73.98	73.98	73.28	73.12	72.58	72.42	72.42	72.42	71.64	70.23	69.61
1	0	100	72.97	72.81	73.44	73.75	74.22	74.37	74.53	74.30	74.45	74.37	74.22	73.91	73.83	73.05	73.12	72.89	72.19	71.48	71.17
1	0	80	73.98	73.44	73.83	74.14	74.69	75.23	75.78	76.02	76.25	76.33	76.09	75.55	75.16	74.06	74.22	73.83	73.36	73.28	73.12
1	0	60	74.45	74.45	74.77	75.31	76.17	76.87	77.19	77.50	77.58	77.73	77.50	77.19	76.64	75.94	75.23	74.84	74.69	74.30	74.14
1	0	50	84.22	84.14	83.75	83.83	83.67	84.37	84.14	84.37	84.22	83.91	83.75	83.83	83.98	83.91	85.08	85.55	86.09	86.33	86.72
1	0	40	97.81	97.73	93.98	98.36	98.83	98.52	98.67	97.89	98.05	97.50	97.58	97.27	98.05	97.81	98.20	98.44	97.73	96.41	96.09
1	0	30	116.02	116.02	117.34	118.83	118.98	118.75	119.14	119.14	119.14	118.75	118.98	118.59	118.36	117.50	116.09	113.59	108.98	105.70	103.91
1	0	20	132.00	132.00	133.69	135.09	135.47	135.94	136.22	136.59	137.25	137.25	136.97	136.50	135.38	133.59	131.25	126.84	121.03	118.22	117.75
1	0	15	138.94	138.75	140.44	141.47	142.13	142.59	143.06	143.72	144.38	144.47	144.28	143.44	142.03	140.44	136.97	132.19	127.13	125.25	124.41
1	0	10	145.13	145.03	145.97	146.91	147.38	148.31	148.78	149.34	149.91	150.00	149.72	148.78	147.47	145.97	142.31	138.00	133.97	132.28	131.81
1	0	8	147.09	147.00	148.22	149.06	150.09	150.47	150.84	151.22	151.31	151.50	151.31	150.84	149.72	147.84	145.03	140.72	137.16	135.56	135.09
1	0	6	148.13	148.13	149.34	150.19	150.56	151.22	151.69	152.06	152.25	152.53	152.16	151.69	150.66	149.06	146.16	142.22	138.75	137.06	136.69
1	0	5	150.75	150.75	151.59	152.16	152.44	153.28	153.84	154.31	154.59	154.78	154.41	154.03	153.00	151.31	148.88	145.78	142.69	141.00	140.81
1	0	4	151.88	151.88	152.81	153.19	153.75	154.59	155.16	155.44	155.91	156.09	155.72	155.34	154.41	152.72	150.66	147.84	145.31	143.63	143.25
1	0	3	153.47	153.56	154.50	154.78	155.25	155.91	156.38	157.03	157.50	157.69	157.31	156.66	155.81	154.50	152.81	150.47	148.22	146.63	146.25
1	0	2	155.91	156.00	156.56	156.94	157.03	157.69	158.25	159.00	159.84	159.94	159.75	158.53	157.59	156.56	155.63	154.13	152.25	150.84	150.47
1	0	1.5	157.50	157.59	157.88	158.16	158.16	158.81	159.38	160.31	160.97	161.06	160.97	159.75	158.81	157.97	157.31	156.38	154.97	153.75	153.38
1	0	1	159.84	159.84	159.94	159.94	160.13	160.88	161.72	162.28	162.66	162.75	162.66	162.00	161.06	160.03	159.75	159.66	159.09	158.25	158.06
1	0	0.8	161.81	161.81	161.81	161.81	162.09	162.47	162.94	163.41	163.59	163.69	163.59	163.13	162.56	162.00	161.81	162.00	161.63	160.97	160.78
1	0	0.6	163.03	162.94	162.94	163.03	163.22	163.31	163.88	163.97	164.16	164.25	164.25	163.88	163.50	163.13	163.13	163.50	163.41	162.75	162.38
1	0	0.5	165.94	165.94	165.94	166.03	165.94	165.75	165.84	165.66	165.38	165.66	165.38	165.94	165.75	165.94	166.59	167.72	168.09	167.72	167.34
1	0	0.4	168.09	168.09	168.28	168.28	167.81	167.63	167.72	166.31	166.13	166.88	166.22	167.63	167.44	167.91	168.84	171.00	171.28	171.84	171.66
1	0	0.3	171.84	171.75	171.19	171.09	170.63	169.97	169.97	169.31	168.47	168.47	168.75	169.97	170.06	170.53	172.22	175.03	176.72	176.91	178.97
1	270	1465	95.86	96.33	96.17	95.94	95.94	95.86	95.55	95.00	93.52	93.67	93.91	93.28	94.14	94.45	93.20	94.45	93.36	92.66	92.81
1	270	1000	86.33	86.41	86.56	86.80	86.80	87.03	87.03	87.11	87.11	87.03	86.87	86.72	86.64	86.64	86.48	86.09	85.94	85.62	85.31
1	270	800	82.58	82.73	83.05	83.05	83.28	83.52	83.52	83.67	83.67	83.52	83.52	83.44	83.28	82.97	82.66	82.50	82.11	81.87	81.64
1	270	600	78.36	78.52	78.75	78.91	79.14	79.37	79.53	79.45	79.53	79.45	79.53	79.37	79.06	78.98	78.67	78.28	78.05	77.81	77.66
1	270	500	76.02	76.17	76.33	76.41	76.87	77.19	77.27	77.34	77.34	77.27	77.34	77.27	76.95	76.80	76.33	76.02	75.62	75.39	75.23
1	270	400	73.83	73.83	74.06	74.14	74.45	74.77	74.77	74.77	74.84	74.84	74.77	74.77	74.69	74.30	74.14	74.06	73.91	73.28	72.81
1	270	300	73.59	73.20	72.97	73.67	73.59	73.05	73.44	73.05	73.12	73.36	73.67	73.91	73.83	73.44	73.12	73.05	73.05	72.50	71.87
1	270	200	72.81	72.81	72.73	73.20	72.97	72.58	72.89	72.73	72.81	73.05	73.52	73.52	73.05	73.20	72.81	72.58	72.42	72.11	71.41
1	270	150	72.42	72.58	72.73	73.12	72.89	72.81	73.12	72.81	73.20	73.52	73.91	73.75	73.12	73.36	72.81	72.81	72.27	71.80	71.25
1	270	100	73.12	73.12	73.12	73.83	73.67	74.06	74.06	74.53	74.77	75.00	74.77	74.61	74.22	73.98	73.59	73.67	73.20	72.89	71.80
1	270	80	74.14	73.83	74.14	74.61	74.45	75.47	76.02	76.72	77.03	77.19	77.03	76.80	76.41	75.55	74.77	74.37	74.30	74.06	73.67
1	270	60	78.75	78.75	78.75	78.98	79.06	79.37	79.69	79.84	79.92	79.92	79.84	80.00	80.00	79.77	80.00	80.55	80.94	81.09	81.48
1	270	50	85.55	85.62	85.94	86.17	86.02	86.17	86.17	86.33	87.11	87.34	87.34	87.66	88.36	88.83	89.53	90.94	91.56	92.58	93.12
1	270	40	97.11	97.19	99.06	100.23	101.09	101.72	102.42	102.73	103.52	103.59	103.52	104.14	105.00	105.55	106.25	106.56	105.78	104.53	105.08
1	270	30	112.03	113.44	116.48	119.45	120.39	120.70	121.02	121.48	121.48	121.48	121.48	121.48	121.48	121.17	120.94	119.69	116.88	114.61	113.52
1	270	20	129.00	129.56	131.72	134.53	135.66	136.97	137.63	138.28	138.84	139.03	139.03	138.66	137.44	135.84	132.94	129.47	124.97	121.88	121.31
1	270	15	138.47	138.28	139.69	141.09	142.41	143.53	144.56	145.03	145.50	145.78	145.69	145.22	143.63	141.56	138.00	133.22	127.97	125.06	124.50
1	270	10	146.72	146.63	146.63	147.00	147.66	148.59	149.53	150.09	150.66	150.66	150.56	150.09	149.06	146.91	143.91	138.09	132.28	129.94	130.03
1	270	8	149.53	149.16	148.97	149.06	149.81	150.56	151.13	151.50	151.97	152.06	151.97	151.50	150.84	149.16	146.25	140.72	134.91	131.72	131.63
1	270	6	152.63	152.25	151.78	151.69	152.06	152.53	153.00	153.38	153.75	153.94	153.84	153.38	152.53	151.22	148.59	144.00	137.44	134.06	133.97
1	270	5	154.59	154.22	153.56	153.38	153.47	153.66	154.22	154.59	154.97	155.06	154.97	154.50	153.75	152.34	150.09	145.50	139.03	135.47	135.38
1	270	4	156.47	156.00	155.44	155.16	155.06	155.25	155.44	155.81	156.28	156.38	156.19	155.72	155.16	153.66	151.13	146.53	141.00	137.25	136.88
1	270	3	158.72	158.25	157.59	157.22	156.84	156.75	157.03	157.41	157.78	157.97	157.78	156.94	156.19	155.16	152.06	147.94	143.34	139.41	138.75
1	270	2	161.34	160.97	160.41	160.03	159.38	158.81	159.19	159.66	160.13	160.03	159.94	159.09	157.69	156.56	153.66	149.63	147.66	145.50	143.91
1	270	1.5	163.03	162.56	161.72	161.34	160.78	160.50	160.59	160.97	161.25	161.34	161.25	160.41	158.72	157.50	154.69	152.25	151.78	151.13	149.81
1	270	1	165.47	164.81	163.59	163.03	162.66	162.47	162.47	162.75	163.03	163.03	163.03	162.47	160.50	159.00	157.31	156.84	157.97	157.88	157.59
1	270	0.8	167.06	166.50	164.53	163.97	163.78	163.50	163.50	163.78	163.97	164.06	163.97	163.50	162.00	159.75	158.81	159.56	161.44	161.53	161.25
1	270	0.6	169.13	168.84	167.81	165.75	165.19	164.91	164.81	165.00	165.28	165.47	165.38	164.91	163.97	162.19	162.00	164.25	166.41	166.50	165.94
1	270	0.5	170.63	170.44	170.34	167.91	166.59	166.31	166.22	166.31	166.50	166.59	166.50	166.22	165.28	164.06	164.72	167.72	169.88	169.97	169.97
1	270	0.4	172.22	172.41	172.22	170.34	168.38	168.00	167.81	167.91	168.09	168.09	168.00	167.81	167.34	167.06	169.03	172.59	174.75	175.22	174.75
1	270	0.3	174.38	174.56	173.91	173.16	171.19	170.53	170.25	170.34	169.97	170.06	169.88	170.06	170.34	172.03	173.81	178.88	180.56	181.22	181.69
2	0	1465	0.00	0.00	0.00	0.00	0.00	0.00	0.00	0.00	0.00	0.00	0.00	0.00	0.00	0.00	0.00	0.00	0.00	0.00	0.00
2	0	1000	0.00	1.00	2.50	2.00	0.50	-0.50	-0.50	-0.50	0.00	0.00	0.00	0.50	2.00	3.00	3.00	3.50	3.50	1.50	0.00
2	0	800	0.00	2.00	4.00	3.00	3.00	2.00	2.00	1.50	2.00	3.00	2.50	3.50	4.50	5.50	6.00	6.50	6.50	3.00	0.00
2	0	600	0.00	4.00	6.00	7.00	7.00	6.00	6.50	5.50	6.00	5.00	6.00	7.00	7.50	9.00	10.00	11.00	9.50	5.00	0.00
2	0	500	0.00	5.00	7.50	9.00	9.50	8.00	8.50	7.00	7.50	7.00	7.50	9.00	10.00	11.00	12.00	13.00	11.00	6.00	0.00
2	0	400	0.00	6.00	9.00	12.00	11.50	11.00	10.00	9.50	9.00	9.00	9.00	11.00	12.00	13.00	14.50	15.00	13.00	7.00	0.00
2	0	300	0.00	7.00	11.00	15.00	14.50	14.00	12.50	13.50	12.00	12.50	13.00	13.50	14.50	15.50	17.00	17.00	14.00	8.00	0.00
2	0	200	0.00	8.00	15.00	18.00	18.50	17.00	16.00	16.50	15.00	15.50	16.00	16.50	17.00	19.00	21.00	21.00	17.00	9.50	0.00
2	0	150	0.00	9.50	17.50	20.00	20.50	18.00	17.00	17.00	17.00	18.00	17.50	18.50	19.00	22.00	24.00	23.00	19.00	10.50	0.00
2	0	100	0.00	11.00	20.00	23.00	23.00	22.50	20.50	21.00	22.00	24.00	24.00	24.00	25.00	28.00	30.50	29.50	21.00	11.00	0.00
2	0	80	0.00	12.00	22.00	24.00	24.50	24.50	22.50	23.50	24.50	27.00	27.00	27.00	29.50	31.00	32.50	30.50	23.00	13.00	0.00
2	0	60	0.00	15.00	24.00	25.50	27.00	27.00	22.50	26.00	28.00	31.00	31.00	31.00	32.00	34.00	35.00	31.00	24.50	16.50	0.00
2	0	50	0.00	16.50	25.00	27.00	29.00	28.50	27.00	28.50	30.00	32.00	32.50	32.50	33.50	35.50	35.50	30.50	25.00	18.00	0.00
2	0	40	0.00	17.50	26.00	29.00	32.00	31.00	29.00	29.00	30.00	31.00	32.00	35.00	34.00	37.00	35.00	28.00	26.00	18.00	0.00
2	0	30	0.00	18.50	27.00	32.00	34.50	33.00	33.50	32.00	31.00	30.50	31.50	31.00	33.00	38.00	38.00	32.00	30.50	21.50	0.00
2	0	20	0.00	20.00	31.50	36.00	37.00	37.00	36.50	38.00	40.00	40.50	40.50	41.00	43.00	44.50	47.00	50.50	46.50	29.00	0.00
2	0	15	0.00	20.50	35.00	40.00	39.50	38.50	41.00	45.00	51.00	52.00	51.00	50.00	51.50	54.00	58.00	61.00	53.00	30.00	0.00
2	0	10	0.00	22.00	39.50	43.00	43.00	43.00	46.00	53.00	63.00	70.50	65.00	62.00	63.00	69.50	76.00	75.50	60.50	31.00	0.00
2	0	8	0.00	23.00	40.00	44.00	44.00	45.50	49.00	56.00	68.00	75.00	71.00	68.50	70.00	75.00	82.00	82.00	64.00	32.00	0.00
2	0	6	0.00	25.00	41.00	46.00	47.00	49.00	54.00	61.00	73.00	81.00	77.00	75.00	77.00	82.00	89.50	89.00	69.00	34.50	0.00
2	0	5	0.00	26.00	42.00	47.00	48.00	51.00	57.00	63.50	76.00	83.00	82.00	79.50	81.00	87.00	93.00	91.50	70.00	35.00	0.00
2	0	4	0.00	27.00	43.00	49.00	50.00	53.00	59.00	66.00	77.00	85.00	85.00	83.50	84.50	90.50	98.50	95.00	71.50	35.50	0.00
2	0	3	0.00	28.00	44.00	50.50	53.00	56.00	62.00	71.00	81.00	89.00	90.00	89.00	90.00	95.00	102.00	100.00	75.00	38.00	0.00
2	0	2	0.00	28.50	45.00	51.00	55.00	59.00	68.00	79.00	90.50	98.00	98.00	96.50	95.00	100.00	106.50	102.00	78.00	39.50	0.00
2	0	1.5	0.00	29.00	46.00	52.00	56.00	61.00	69.50	81.50	95.00	104.00	102.00	100.00	97.00	103.50	110.00	105.00	79.50	40.00	0.00
2	0	1	0.00	29.50	46.00	51.50	57.00	62.50	71.00	85.00	100.50	110.50	107.00	105.00	101.50	107.00	111.00	106.50	80.00	40.00	0.00
2	0	0.8	0.00	29.50	45.50	51.50	57.50	64.50	72.00	87.00	101.00	111.00	110.00	107.00	103.00	108.00	111.00	107.50	80.50	40.00	0.00
2	0	0.6	0.00	29.50	45.00	51.00	58.00	65.00	74.00	89.00	103.00	112.00	112.00	108.50	105.00	107.00	110.50	106.00	82.00	40.50	0.00
2	0	0.5	0.00	29.00	44.00	51.00	58.50	66.00	75.00	89.50	104.00	113.00	112.50	109.00	106.00	107.00	110.50	105.00	83.00	40.50	0.00
2	0	0.4	0.00	28.50	43.00	51.00	57.50	66.50	75.50	89.50	105.00	114.00	113.00	109.00	106.00	106.00	107.50	104.50	83.50	40.50	0.00
2	0	0.3	0.00	28.00	42.50	50.50	57.50	66.00	75.00	89.50	106.00	114.00	113.00	109.00	107.00	105.00	105.00	103.00	84.00	43.00	0.00
2	270	1465	0.00	0.00	0.00	0.00	0.00	0.00	0.00	0.00	0.00	0.00	0.00	0.00	0.00	0.00	0.00	0.00	0.00	0.00	0.00
2	270	1000	0.00	1.00	1.50	2.50	2.00	0.50	-0.50	-0.50	0.00	0.00	0.50	1.00	3.00	4.00	4.50	4.00	3.50	2.00	0.00
2	270	800	0.00	2.00	2.00	5.00	5.00	4.00	3.00	2.00	3.00	3.00	3.00	4.00	5.00	6.00	6.50	6.50	6.00	2.50	0.00
2	270	600	0.00	4.00	7.00	9.50	9.00	8.00	7.00	5.50	7.00	6.50	6.50	7.50	8.00	8.00	9.50	9.50	8.00	3.50	0.00
2	270	500	0.00	5.00	8.50	11.00	11.00	10.00	9.50	8.50	8.50	8.00	8.00	9.00	9.50	10.00	11.00	12.00	9.50	5.00	0.00
2	270	400	0.00	7.00	10.00	13.00	13.00	12.50	11.50	10.50	10.00	10.00	10.50	11.50	12.00	12.50	16.50	14.00	11.00	6.00	0.00
2	270	300	0.00	8.00	12.00	15.00	16.00	15.00	14.50	13.00	13.50	12.50	13.50	14.00	14.50	15.00	17.00	13.50	14.50	6.50	0.00
2	270	200	0.00	9.00	15.00	19.00	19.50	18.50	17.00	16.50	16.50	16.50	17.00	17.00	17.00	18.00	19.50	19.00	16.00	7.50	0.00
2	270	150	0.00	10.00	17.00	22.00	23.00	20.50	19.00	18.50	18.00	18.50	19.00	19.50	20.00	22.00	23.00	21.00	17.00	9.00	0.00
2	270	100	0.00	10.50	20.50	25.00	27.00	25.00	23.50	22.00	23.50	24.00	25.00	25.50	25.00	26.50	27.00	26.00	20.50	10.50	0.00
2	270	80	0.00	11.00	21.50	27.00	29.00	27.00	26.00	25.00	26.00	27.00	28.50	29.00	28.00	29.50	30.00	28.00	21.50	11.00	0.00
2	270	60	0.00	11.50	22.50	28.50	32.00	30.50	28.50	28.00	29.50	32.00	31.50	31.00	31.00	32.00	32.00	31.00	22.50	11.50	0.00
2	270	50	0.00	12.00	22.50	28.00	32.50	32.00	31.00	30.50	32.00	33.00	32.50	31.50	31.50	33.00	34.00	30.50	23.00	12.00	0.00
2	270	40	0.00	12.50	24.00	30.00	33.00	33.00	33.00	32.50	33.00	32.00	31.00	30.50	31.00	36.00	37.00	29.00	24.00	13.00	0.00
2	270	30	0.00	18.00	29.50	34.50	36.50	36.50	35.50	35.00	32.00	29.00	38.50	39.00	30.50	37.00	38.00	34.00	29.00	18.00	0.00
2	270	20	0.00	22.50	39.00	43.00	40.50	39.00	38.00	38.00	39.00	39.00	39.50	40.50	42.00	45.00	47.00	46.50	39.50	21.00	0.00
2	270	15	0.00	27.00	43.00	46.00	44.00	42.00	41.00	44.00	46.00	50.00	50.00	56.50	57.00	59.00	61.00	59.50	47.00	25.00	0.00
2	270	10	0.00	27.50	46.00	51.00	49.50	47.00	47.50	52.00	59.50	62.00	63.00	64.00	68.50	72.00	77.00	73.50	56.00	28.50	0.00
2	270	8	0.00	27.00	45.00	52.50	51.00	49.50	51.00	56.00	67.00	69.00	69.00	70.50	73.00	79.50	84.00	82.00	60.00	29.00	0.00
2	270	6	0.00	25.50	43.50	52.50	52.00	51.00	55.00	60.00	70.00	73.50	74.00	76.00	78.50	86.00	93.00	92.00	68.00	29.50	0.00
2	270	5	0.00	23.50	43.00	52.00	53.00	51.50	56.00	62.00	72.00	77.00	77.00	78.50	82.00	89.50	98.00	98.50	70.00	29.50	0.00
2	270	4	0.00	22.00	42.00	52.00	53.00	52.50	58.00	65.50	75.00	80.50	80.50	83.00	85.50	93.00	101.50	104.00	77.00	30.00	0.00
2	270	3	0.00	21.00	41.00	51.50	53.50	55.50	60.50	69.50	80.00	86.00	87.00	88.00	91.50	99.50	108.00	110.00	80.50	34.00	0.00
2	270	2	0.00	20.00	38.50	50.50	53.50	57.00	62.50	72.00	89.00	94.50	93.00	95.00	98.00	106.00	115.50	120.00	89.00	39.00	0.00
2	270	1.5	0.00	18.00	36.00	48.00	54.00	58.50	62.50	75.00	92.00	99.00	98.00	99.00	102.00	110.00	120.00	120.50	89.50	39.50	0.00
2	270	1	0.00	15.50	31.50	42.00	50.00	58.00	66.00	79.50	97.00	106.50	107.00	106.00	109.50	116.00	120.50	120.50	89.50	40.00	0.00
2	270	0.8	0.00	14.00	29.50	40.50	48.50	57.50	66.50	80.00	100.00	111.00	110.00	110.00	113.00	120.00	121.00	120.00	89.00	40.50	0.00
2	270	0.6	0.00	13.00	26.00	37.00	47.00	56.00	68.00	84.00	106.00	119.00	116.50	116.00	118.00	120.50	121.50	118.00	88.00	42.00	0.00
2	270	0.5	0.00	12.50	23.50	38.50	45.00	55.50	68.50	85.00	110.00	120.50	120.00	119.50	120.50	121.00	121.00	115.00	87.00	43.50	0.00
2	270	0.4	0.00	11.00	22.00	32.00	42.00	53.00	68.50	87.00	110.50	121.00	121.50	121.00	121.50	121.00	120.50	111.50	86.50	44.50	0.00
2	270	0.3	0.00	10.00	19.50	30.00	39.50	51.50	68.00	88.00	113.00	121.50	123.00	122.50	121.00	120.00	117.00	109.00	85.00	45.00	0.00
