  Zkm     TOTALNumden N2Numdencm3  CH4Ndencm3  ArNdencm3   rhogcm3     Pergscm3      TempK    Fc
 2200.0   2.90152E+05 4.41953E+04 2.45931E+05 2.59431E+01 8.59048E-18 7.01048E-09   175.00 1.00000
 2190.0   3.04547E+05 4.76818E+04 2.56837E+05 2.86347E+01 9.04250E-18 7.35828E-09   175.00 1.00000
 2180.0   3.19767E+05 5.14598E+04 2.68275E+05 3.16186E+01 9.52224E-18 7.72600E-09   175.00 1.00000
 2170.0   3.35864E+05 5.55550E+04 2.80274E+05 3.49280E+01 1.00316E-17 8.11494E-09   175.00 1.00000
 2160.0   3.52898E+05 5.99954E+04 2.92864E+05 3.86000E+01 1.05728E-17 8.52651E-09   175.00 1.00000
 2150.0   3.70931E+05 6.48120E+04 3.06077E+05 4.26761E+01 1.11481E-17 8.96221E-09   175.00 1.00000
 2140.0   3.90030E+05 7.00381E+04 3.19945E+05 4.72028E+01 1.17598E-17 9.42367E-09   175.00 1.00000
 2130.0   4.10267E+05 7.57105E+04 3.34505E+05 5.22320E+01 1.24107E-17 9.91263E-09   175.00 1.00000
 2120.0   4.31721E+05 8.18696E+04 3.49793E+05 5.78219E+01 1.31036E-17 1.04310E-08   175.00 1.00000
 2110.0   4.54474E+05 8.85592E+04 3.65851E+05 6.40379E+01 1.38416E-17 1.09807E-08   175.00 1.00000
 2100.0   4.78617E+05 9.58276E+04 3.82718E+05 7.09531E+01 1.46281E-17 1.15640E-08   175.00 1.00000
 2090.0   5.04248E+05 1.03728E+05 4.00441E+05 7.86497E+01 1.54668E-17 1.21833E-08   175.00 1.00000
 2080.0   5.31471E+05 1.12317E+05 4.19066E+05 8.72197E+01 1.63615E-17 1.28411E-08   175.00 1.00000
 2070.0   5.60400E+05 1.21660E+05 4.38643E+05 9.67665E+01 1.73166E-17 1.35400E-08   175.00 1.00000
 2060.0   5.91158E+05 1.31825E+05 4.59226E+05 1.07406E+02 1.83367E-17 1.42832E-08   175.00 1.00000
 2050.0   6.23877E+05 1.42889E+05 4.80869E+05 1.19270E+02 1.94269E-17 1.50737E-08   175.00 1.00000
 2040.0   6.58701E+05 1.54936E+05 5.03633E+05 1.32505E+02 2.05926E-17 1.59151E-08   175.00 1.00000
 2030.0   6.95785E+05 1.68057E+05 5.27580E+05 1.47274E+02 2.18398E-17 1.68111E-08   175.00 1.00000
 2020.0   7.35296E+05 1.82354E+05 5.52778E+05 1.63766E+02 2.31750E-17 1.77658E-08   175.00 1.00000
 2010.0   7.77418E+05 1.97938E+05 5.79298E+05 1.82189E+02 2.46053E-17 1.87835E-08   175.00 1.00000
 2000.0   8.22347E+05 2.14931E+05 6.07213E+05 2.02779E+02 2.61383E-17 1.98690E-08   175.00 1.00000
 1990.0   8.70299E+05 2.33467E+05 6.36606E+05 2.25801E+02 2.77825E-17 2.10276E-08   175.00 1.00000
 1980.0   9.21505E+05 2.53694E+05 6.67559E+05 2.51557E+02 2.95468E-17 2.22648E-08   175.00 1.00000
 1970.0   9.76218E+05 2.75773E+05 7.00164E+05 2.80383E+02 3.14414E-17 2.35868E-08   175.00 1.00000
 1960.0   1.03471E+06 2.99885E+05 7.34516E+05 3.12662E+02 3.34772E-17 2.50001E-08   175.00 1.00000
 1950.0   1.09729E+06 3.26226E+05 7.70717E+05 3.48824E+02 3.56658E-17 2.65121E-08   175.00 1.00000
 1940.0   1.16428E+06 3.55012E+05 8.08874E+05 3.89359E+02 3.80205E-17 2.81305E-08   175.00 1.00000
 1930.0   1.23602E+06 3.86484E+05 8.49102E+05 4.34815E+02 4.05554E-17 2.98640E-08   175.00 1.00000
 1920.0   1.31291E+06 4.20905E+05 8.91524E+05 4.85818E+02 4.32859E-17 3.17218E-08   175.00 1.00000
 1910.0   1.39538E+06 4.58567E+05 9.36268E+05 5.43071E+02 4.62293E-17 3.37142E-08   175.00 1.00000
 1900.0   1.48387E+06 4.99789E+05 9.83473E+05 6.07373E+02 4.94039E-17 3.58523E-08   175.00 1.00000
 1890.0   1.57889E+06 5.44927E+05 1.03329E+06 6.79631E+02 5.28305E-17 3.81482E-08   175.00 1.00000
 1880.0   1.68100E+06 5.94372E+05 1.08586E+06 7.60868E+02 5.65312E-17 4.06152E-08   175.00 1.00000
 1870.0   1.79078E+06 6.48557E+05 1.14137E+06 8.52248E+02 6.05308E-17 4.32677E-08   175.00 1.00000
 1860.0   1.90890E+06 7.07960E+05 1.19998E+06 9.55091E+02 6.48563E-17 4.61216E-08   175.00 1.00000
 1850.0   2.03607E+06 7.73110E+05 1.26189E+06 1.07090E+03 6.95373E-17 4.91944E-08   175.00 1.00000
 1840.0   2.17309E+06 8.44593E+05 1.32730E+06 1.20137E+03 7.46065E-17 5.25049E-08   175.00 1.00000
 1830.0   2.32082E+06 9.23056E+05 1.39642E+06 1.34843E+03 8.00999E-17 5.60742E-08   175.00 1.00000
 1820.0   2.48020E+06 1.00922E+06 1.46947E+06 1.51430E+03 8.60569E-17 5.99250E-08   175.00 1.00000
 1810.0   2.65228E+06 1.10387E+06 1.54671E+06 1.70147E+03 9.25211E-17 6.40826E-08   175.00 1.00000
 1800.0   2.83819E+06 1.20789E+06 1.62839E+06 1.91280E+03 9.95405E-17 6.85745E-08   175.00 1.00000
 1790.0   3.03919E+06 1.32226E+06 1.71478E+06 2.15152E+03 1.07168E-16 7.34311E-08   175.00 1.00000
 1780.0   3.25667E+06 1.44806E+06 1.80619E+06 2.42135E+03 1.15462E-16 7.86857E-08   175.00 1.00000
 1770.0   3.49215E+06 1.58650E+06 1.90292E+06 2.72649E+03 1.24487E-16 8.43751E-08   175.00 1.00000
 1760.0   3.74729E+06 1.73890E+06 2.00532E+06 3.07178E+03 1.34315E-16 9.05397E-08   175.00 1.00000
 1750.0   4.02395E+06 1.90675E+06 2.11374E+06 3.46270E+03 1.45023E-16 9.72243E-08   175.00 1.00000
 1740.0   4.32417E+06 2.09169E+06 2.22857E+06 3.90554E+03 1.56699E-16 1.04478E-07   175.00 1.00000
 1730.0   4.65018E+06 2.29556E+06 2.35021E+06 4.40747E+03 1.69441E-16 1.12355E-07   175.00 1.00000
 1720.0   5.00448E+06 2.52040E+06 2.47911E+06 4.97672E+03 1.83353E-16 1.20915E-07   175.00 1.00000
 1710.0   5.38980E+06 2.76846E+06 2.61572E+06 5.62267E+03 1.98556E-16 1.30225E-07   175.00 1.00000
 1700.0   5.80918E+06 3.04227E+06 2.76056E+06 6.35609E+03 2.15179E-16 1.40358E-07   175.00 1.00000
 1690.0   6.26598E+06 3.34464E+06 2.91415E+06 7.18931E+03 2.33369E-16 1.51395E-07   175.00 1.00000
 1680.0   6.76391E+06 3.67870E+06 3.07708E+06 8.13647E+03 2.53287E-16 1.63425E-07   175.00 1.00000
 1670.0   7.30709E+06 4.04794E+06 3.24994E+06 9.21377E+03 2.75113E-16 1.76549E-07   175.00 1.00000
 1660.0   7.90010E+06 4.45626E+06 3.43340E+06 1.04399E+04 2.99046E-16 1.90877E-07   175.00 1.00000
 1650.0   8.54799E+06 4.90799E+06 3.62816E+06 1.18361E+04 3.25308E-16 2.06531E-07   175.00 1.00000
 1640.0   9.25640E+06 5.40800E+06 3.83497E+06 1.34271E+04 3.54147E-16 2.23647E-07   175.00 1.00000
 1630.0   1.00316E+07 5.96169E+06 4.05464E+06 1.52410E+04 3.85837E-16 2.42377E-07   175.00 1.00000
 1620.0   1.08805E+07 6.57513E+06 4.28804E+06 1.73105E+04 4.20684E-16 2.62887E-07   175.00 1.00000
 1610.0   1.18108E+07 7.25508E+06 4.53607E+06 1.96729E+04 4.59032E-16 2.85366E-07   175.00 1.00000
 1600.0   1.28312E+07 8.00913E+06 4.79975E+06 2.23714E+04 5.01260E-16 3.10021E-07   175.00 1.00000
 1590.0   1.39513E+07 8.84574E+06 5.08014E+06 2.54559E+04 5.47794E-16 3.37083E-07   175.00 1.00000
 1580.0   1.51818E+07 9.77442E+06 5.37837E+06 2.89836E+04 5.99110E-16 3.66813E-07   175.00 1.00000
 1570.0   1.65345E+07 1.08058E+07 5.69568E+06 3.30208E+04 6.55739E-16 3.99496E-07   175.00 1.00000
 1560.0   1.80228E+07 1.19518E+07 6.03338E+06 3.76441E+04 7.18274E-16 4.35456E-07   175.00 1.00000
 1550.0   1.96617E+07 1.32258E+07 6.39289E+06 4.29421E+04 7.87381E-16 4.75053E-07   175.00 1.00000
 1540.0   2.14676E+07 1.46428E+07 6.77573E+06 4.90170E+04 8.63804E-16 5.18686E-07   175.00 1.00000
 1530.0   2.34592E+07 1.62197E+07 7.18353E+06 5.59873E+04 9.48378E-16 5.66807E-07   175.00 1.00000
 1520.0   2.56574E+07 1.79754E+07 7.61805E+06 6.39905E+04 1.04204E-15 6.19919E-07   175.00 1.00000
 1510.0   2.80855E+07 1.99311E+07 8.08117E+06 7.31855E+04 1.14583E-15 6.78584E-07   175.00 1.00000
 1500.0   3.07695E+07 2.21109E+07 8.57493E+06 8.37569E+04 1.26093E-15 7.43434E-07   175.00 1.00000
 1490.0   3.37389E+07 2.45415E+07 9.10151E+06 9.59190E+04 1.38867E-15 8.15179E-07   175.00 1.00000
 1480.0   3.70265E+07 2.72533E+07 9.66328E+06 1.09921E+05 1.53053E-15 8.94612E-07   175.00 1.00000
 1470.0   4.06693E+07 3.02805E+07 1.02628E+07 1.26051E+05 1.68818E-15 9.82627E-07   175.00 1.00000
 1460.0   4.47089E+07 3.36616E+07 1.09027E+07 1.44647E+05 1.86351E-15 1.08023E-06   175.00 1.00000
 1450.0   4.91919E+07 3.74398E+07 1.15860E+07 1.66099E+05 2.05863E-15 1.18854E-06   175.00 1.00000
 1440.0   5.41708E+07 4.16642E+07 1.23158E+07 1.90864E+05 2.27593E-15 1.30884E-06   175.00 1.00000
 1430.0   5.97050E+07 4.63899E+07 1.30956E+07 2.19475E+05 2.51810E-15 1.44256E-06   175.00 1.00000
 1420.0   6.58612E+07 5.16795E+07 1.39291E+07 2.52550E+05 2.78819E-15 1.59130E-06   175.00 1.00000
 1410.0   7.27145E+07 5.76034E+07 1.48202E+07 2.90815E+05 3.08961E-15 1.75688E-06   175.00 1.00000
 1400.0   8.03499E+07 6.42415E+07 1.57733E+07 3.35115E+05 3.42624E-15 1.94136E-06   175.00 1.00000
 1390.0   8.88632E+07 7.16839E+07 1.67929E+07 3.86440E+05 3.80247E-15 2.14706E-06   175.00 1.00000
 1380.0   9.83629E+07 8.00329E+07 1.78841E+07 4.45946E+05 4.22325E-15 2.37658E-06   175.00 1.00000
 1370.0   1.08971E+08 8.94042E+07 1.90522E+07 5.14990E+05 4.69417E-15 2.63290E-06   175.00 1.00000
 1360.0   1.20827E+08 9.99290E+07 2.03032E+07 5.95159E+05 5.22161E-15 2.91936E-06   175.00 1.00000
 1350.0   1.34088E+08 1.11756E+08 2.16434E+07 6.88315E+05 5.81276E-15 3.23975E-06   175.00 1.00000
 1340.0   1.48931E+08 1.25055E+08 2.30796E+07 7.96643E+05 6.47577E-15 3.59838E-06   175.00 1.00000
 1330.0   1.65558E+08 1.40016E+08 2.46191E+07 9.22711E+05 7.21993E-15 4.00011E-06   175.00 1.00000
 1320.0   1.84198E+08 1.56859E+08 2.62701E+07 1.06954E+06 8.05577E-15 4.45049E-06   175.00 1.00000
 1310.0   2.05112E+08 1.75830E+08 2.80411E+07 1.24067E+06 8.99523E-15 4.95578E-06   175.00 1.00000
 1300.0   2.28594E+08 1.97212E+08 2.99416E+07 1.44028E+06 1.00487E-14 5.52055E-06   175.00 1.00000
 1295.0   2.41403E+08 2.08815E+08 3.10468E+07 1.54154E+06 1.06235E-14 5.82989E-06   175.00 1.00000
 1290.0   2.54980E+08 2.21129E+08 3.22011E+07 1.65017E+06 1.12331E-14 6.15777E-06   175.00 1.00000
 1285.0   2.69375E+08 2.34201E+08 3.34072E+07 1.76674E+06 1.18797E-14 6.50541E-06   175.00 1.00000
 1280.0   2.84641E+08 2.48081E+08 3.46681E+07 1.89185E+06 1.25659E-14 6.87407E-06   175.00 1.00000
 1275.0   3.00831E+08 2.62819E+08 3.59864E+07 2.02617E+06 1.32940E-14 7.26507E-06   175.00 1.00000
 1270.0   3.18005E+08 2.78470E+08 3.73645E+07 2.17033E+06 1.40668E-14 7.67981E-06   175.00 1.00000
 1265.0   3.36227E+08 2.95095E+08 3.88065E+07 2.32514E+06 1.48872E-14 8.11988E-06   175.00 1.00000
 1260.0   3.55562E+08 3.12755E+08 4.03150E+07 2.49135E+06 1.57582E-14 8.58683E-06   175.00 1.00000
 1255.0   3.76084E+08 3.31521E+08 4.18937E+07 2.66988E+06 1.66831E-14 9.08244E-06   175.00 1.00000
 1250.0   3.97870E+08 3.51461E+08 4.35463E+07 2.86161E+06 1.76655E-14 9.60856E-06   175.00 1.00000
 1245.0   4.21000E+08 3.72656E+08 4.52769E+07 3.06758E+06 1.87090E-14 1.01672E-05   175.00 1.00000
 1240.0   4.45563E+08 3.95185E+08 4.70894E+07 3.28886E+06 1.98176E-14 1.07603E-05   175.00 1.00000
 1235.0   4.71653E+08 4.19137E+08 4.89886E+07 3.52662E+06 2.09957E-14 1.13904E-05   175.00 1.00000
 1230.0   4.99368E+08 4.44607E+08 5.09786E+07 3.78212E+06 2.22478E-14 1.20597E-05   175.00 1.00000
 1225.0   5.28816E+08 4.71695E+08 5.30649E+07 4.05672E+06 2.35789E-14 1.27709E-05   175.00 1.00000
 1220.0   5.60112E+08 5.00508E+08 5.52526E+07 4.35188E+06 2.49941E-14 1.35267E-05   175.00 1.00000
 1215.0   5.93376E+08 5.31160E+08 5.75470E+07 4.66915E+06 2.64989E-14 1.43300E-05   175.00 1.00000
 1210.0   6.28740E+08 5.63776E+08 5.99543E+07 5.01028E+06 2.80994E-14 1.51841E-05   175.00 1.00000
 1205.0   6.66342E+08 5.98485E+08 6.24807E+07 5.37706E+06 2.98020E-14 1.60922E-05   175.00 1.00000
 1200.0   7.06330E+08 6.35426E+08 6.51325E+07 5.77146E+06 3.16133E-14 1.70579E-05   175.00 1.00000
 1195.0   7.48866E+08 6.74753E+08 6.79174E+07 6.19565E+06 3.35407E-14 1.80851E-05   175.00 1.00000
 1190.0   7.94121E+08 7.16627E+08 7.08425E+07 6.65189E+06 3.55923E-14 1.91780E-05   175.00 1.00000
 1185.0   8.42276E+08 7.61216E+08 7.39160E+07 7.14270E+06 3.77762E-14 2.03410E-05   175.00 1.00000
 1180.0   8.93524E+08 8.08709E+08 7.71461E+07 7.67071E+06 4.01013E-14 2.15786E-05   175.00 1.00000
 1175.0   9.48079E+08 8.59299E+08 8.05418E+07 8.23883E+06 4.25772E-14 2.28961E-05   175.00 1.00000
 1170.0   1.00616E+09 9.13197E+08 8.41129E+07 8.85014E+06 4.52142E-14 2.42988E-05   175.00 1.00000
 1165.0   1.06801E+09 9.70633E+08 8.78693E+07 9.50801E+06 4.80233E-14 2.57924E-05   175.00 1.00000
 1160.0   1.13388E+09 1.03184E+09 9.18219E+07 1.02161E+07 5.10162E-14 2.73833E-05   175.00 1.00000
 1155.0   1.20406E+09 1.09710E+09 9.59823E+07 1.09782E+07 5.42056E-14 2.90780E-05   175.00 1.00000
 1150.0   1.27883E+09 1.16666E+09 1.00363E+08 1.17987E+07 5.76052E-14 3.08837E-05   175.00 1.00000
 1145.0   1.35850E+09 1.24085E+09 1.04977E+08 1.26821E+07 6.12292E-14 3.28079E-05   175.00 1.00000
 1140.0   1.44343E+09 1.31996E+09 1.09837E+08 1.36332E+07 6.50930E-14 3.48588E-05   175.00 1.00000
 1135.0   1.53397E+09 1.40436E+09 1.14959E+08 1.46574E+07 6.92137E-14 3.70454E-05   175.00 1.00000
 1130.0   1.63051E+09 1.49439E+09 1.20358E+08 1.57604E+07 7.36082E-14 3.93768E-05   175.00 1.00000
 1125.0   1.73346E+09 1.59046E+09 1.26052E+08 1.69484E+07 7.82969E-14 4.18631E-05   175.00 1.00000
 1120.0   1.84329E+09 1.69300E+09 1.32059E+08 1.82281E+07 8.32999E-14 4.45155E-05   175.00 1.00000
 1115.0   1.96046E+09 1.80246E+09 1.38397E+08 1.96065E+07 8.86386E-14 4.73451E-05   175.00 1.00000
 1110.0   2.08548E+09 1.91930E+09 1.45086E+08 2.10917E+07 9.43373E-14 5.03644E-05   175.00 1.00000
 1105.0   2.21892E+09 2.04407E+09 1.52147E+08 2.26918E+07 1.00421E-13 5.35869E-05   175.00 1.00000
 1100.0   2.36136E+09 2.17734E+09 1.59607E+08 2.44162E+07 1.06917E-13 5.70269E-05   175.00 1.00000
 1095.0   2.51345E+09 2.31968E+09 1.67488E+08 2.62745E+07 1.13855E-13 6.06999E-05   175.00 1.00000
 1090.0   2.67586E+09 2.47177E+09 1.75815E+08 2.82772E+07 1.21266E-13 6.46219E-05   175.00 1.00000
 1085.0   2.84933E+09 2.63428E+09 1.84619E+08 3.04360E+07 1.29183E-13 6.88114E-05   175.00 1.00000
 1080.0   3.03467E+09 2.80798E+09 1.93931E+08 3.27632E+07 1.37645E-13 7.32872E-05   175.00 1.00000
 1075.0   3.23268E+09 2.99363E+09 2.03779E+08 3.52721E+07 1.46687E-13 7.80692E-05   175.00 1.00000
 1070.0   3.44429E+09 3.19211E+09 2.14199E+08 3.79768E+07 1.56354E-13 8.31797E-05   175.00 1.00000
 1065.0   3.67051E+09 3.40438E+09 2.25231E+08 4.08935E+07 1.66689E-13 8.86427E-05   175.00 1.00000
 1060.0   3.91236E+09 3.63141E+09 2.36911E+08 4.40386E+07 1.77741E-13 9.44835E-05   175.00 1.00000
 1055.0   4.17099E+09 3.87427E+09 2.49283E+08 4.74308E+07 1.89563E-13 1.00729E-04   175.00 1.00000
 1050.0   4.44760E+09 4.13413E+09 2.62392E+08 5.10896E+07 2.02210E-13 1.07410E-04   175.00 1.00000
 1045.0   4.74351E+09 4.41218E+09 2.76285E+08 5.50360E+07 2.15742E-13 1.14556E-04   175.00 1.00000
 1040.0   5.06015E+09 4.70984E+09 2.91017E+08 5.92938E+07 2.30226E-13 1.22203E-04   175.00 1.00000
 1035.0   5.39899E+09 5.02846E+09 3.06639E+08 6.38870E+07 2.45727E-13 1.30386E-04   175.00 1.00000
 1030.0   5.76170E+09 5.36964E+09 3.23214E+08 6.88431E+07 2.62326E-13 1.39145E-04   175.00 1.00000
 1025.0   6.15001E+09 5.73502E+09 3.40803E+08 7.41911E+07 2.80098E-13 1.48523E-04   175.00 1.00000
 1020.0   6.56581E+09 6.12637E+09 3.59475E+08 7.99625E+07 2.99133E-13 1.58564E-04   175.00 1.00000
 1015.0   7.01116E+09 6.54567E+09 3.79306E+08 8.61915E+07 3.19525E-13 1.69320E-04   175.00 1.00000
 1010.0   7.48823E+09 6.99494E+09 4.00370E+08 9.29150E+07 3.41373E-13 1.80841E-04   175.00 1.00000
 1005.0   7.99937E+09 7.47644E+09 4.22752E+08 1.00173E+08 3.64786E-13 1.93185E-04   175.00 1.00000
 1000.0   8.54718E+09 7.99262E+09 4.46546E+08 1.08008E+08 3.89884E-13 2.06414E-04   175.00 1.00000
  995.0   9.13441E+09 8.54608E+09 4.71849E+08 1.16469E+08 4.16792E-13 2.20596E-04   175.00 1.00000
  990.0   9.76396E+09 9.13958E+09 4.98763E+08 1.25603E+08 4.45645E-13 2.35800E-04   175.00 1.00000
  985.0   1.04391E+10 9.77620E+09 5.27399E+08 1.35469E+08 4.76591E-13 2.52103E-04   175.00 1.00000
  980.0   1.11632E+10 1.04591E+10 5.57880E+08 1.46124E+08 5.09787E-13 2.69590E-04   175.00 1.00000
  975.0   1.19400E+10 1.11921E+10 5.90341E+08 1.57633E+08 5.45413E-13 2.88351E-04   175.00 1.00000
  970.0   1.27735E+10 1.19785E+10 6.24906E+08 1.70063E+08 5.83636E-13 3.08480E-04   175.00 1.00000
  965.0   1.36680E+10 1.28228E+10 6.61738E+08 1.83494E+08 6.24669E-13 3.30083E-04   175.00 1.00000
  960.0   1.46282E+10 1.37293E+10 7.00989E+08 1.98004E+08 6.68719E-13 3.53272E-04   175.00 1.00000
  955.0   1.56592E+10 1.47027E+10 7.42835E+08 2.13683E+08 7.16022E-13 3.78169E-04   175.00 1.00000
  950.0   1.67664E+10 1.57483E+10 7.87470E+08 2.30628E+08 7.66831E-13 4.04908E-04   175.00 1.00000
  945.0   1.79555E+10 1.68715E+10 8.35082E+08 2.48941E+08 8.21411E-13 4.33626E-04   175.00 1.00000
  940.0   1.92332E+10 1.80786E+10 8.85897E+08 2.68735E+08 8.80058E-13 4.64481E-04   175.00 1.00000
  935.0   2.06061E+10 1.93757E+10 9.40141E+08 2.90132E+08 9.43086E-13 4.97636E-04   175.00 1.00000
  930.0   2.20815E+10 2.07701E+10 9.98065E+08 3.13265E+08 1.01083E-12 5.33268E-04   175.00 1.00000
  925.0   2.36677E+10 2.22695E+10 1.05995E+09 3.38277E+08 1.08368E-12 5.71574E-04   175.00 1.00000
  920.0   2.53762E+10 2.38846E+10 1.12620E+09 3.65366E+08 1.16214E-12 6.12765E-04   174.98 1.00000
  915.0   2.72174E+10 2.56255E+10 1.19719E+09 3.94719E+08 1.24672E-12 6.57074E-04   174.94 1.00000
  910.0   2.92057E+10 2.75057E+10 1.27341E+09 4.26579E+08 1.33806E-12 7.04754E-04   174.86 1.00000
  905.0   3.13508E+10 2.95345E+10 1.35520E+09 4.61131E+08 1.43662E-12 7.56084E-04   174.76 1.00000
  900.0   3.36682E+10 3.17264E+10 1.44309E+09 4.98645E+08 1.54310E-12 8.11367E-04   174.63 1.00000
  895.0   3.61706E+10 3.40938E+10 1.53748E+09 5.39357E+08 1.65810E-12 8.70925E-04   174.48 1.00000
  890.0   3.88794E+10 3.66567E+10 1.63914E+09 5.83635E+08 1.78260E-12 9.35128E-04   174.29 1.00000
  885.0   4.18083E+10 3.94281E+10 1.74849E+09 6.31739E+08 1.91723E-12 1.00436E-03   174.08 1.00000
  880.0   4.49771E+10 4.24269E+10 1.86620E+09 6.84030E+08 2.06290E-12 1.07906E-03   173.85 1.00000
  875.0   4.84129E+10 4.56787E+10 1.99323E+09 7.40980E+08 2.22086E-12 1.15969E-03   173.58 1.00000
  870.0   5.21318E+10 4.91988E+10 2.13003E+09 8.02901E+08 2.39184E-12 1.24675E-03   173.30 1.00000
  865.0   5.61693E+10 5.30209E+10 2.27788E+09 8.70416E+08 2.57751E-12 1.34083E-03   172.98 1.00000
  860.0   6.05448E+10 5.71636E+10 2.43736E+09 9.43906E+08 2.77873E-12 1.44252E-03   172.65 1.00000
  855.0   6.53008E+10 6.16667E+10 2.60994E+09 1.02411E+09 2.99747E-12 1.55250E-03   172.28 1.00000
  850.0   7.04621E+10 6.65541E+10 2.79638E+09 1.11152E+09 3.23488E-12 1.67152E-03   171.90 1.00000
  845.0   7.60754E+10 7.18702E+10 2.99828E+09 1.20695E+09 3.49309E-12 1.80037E-03   171.49 1.00000
  840.0   8.21847E+10 7.76564E+10 3.21710E+09 1.31123E+09 3.77414E-12 1.93996E-03   171.05 1.00000
  835.0   8.88278E+10 8.39487E+10 3.45402E+09 1.42506E+09 4.07978E-12 2.09126E-03   170.60 1.00000
  830.0   9.60682E+10 9.08074E+10 3.71120E+09 1.54959E+09 4.41292E-12 2.25535E-03   170.12 1.00000
  825.0   1.03964E+11 9.82880E+10 3.99057E+09 1.68589E+09 4.77628E-12 2.43341E-03   169.61 1.00000
  820.0   1.12570E+11 1.06441E+11 4.29381E+09 1.83499E+09 5.17229E-12 2.62675E-03   169.09 1.00000
  815.0   1.21962E+11 1.15339E+11 4.62348E+09 1.99828E+09 5.60452E-12 2.83681E-03   168.55 1.00000
  810.0   1.32226E+11 1.25066E+11 4.98246E+09 2.17737E+09 6.07696E-12 3.06517E-03   167.98 1.00000
  805.0   1.43447E+11 1.35699E+11 5.37345E+09 2.37379E+09 6.59348E-12 3.31360E-03   167.39 1.00000
  800.0   1.55711E+11 1.47323E+11 5.79922E+09 2.58921E+09 7.15805E-12 3.58400E-03   166.79 1.00000
  795.0   1.69147E+11 1.60057E+11 6.26404E+09 2.82596E+09 7.77658E-12 3.87856E-03   166.16 1.00000
  790.0   1.83868E+11 1.74011E+11 6.77157E+09 3.08618E+09 8.45437E-12 4.19962E-03   165.51 1.00000
  785.0   1.99999E+11 1.89300E+11 7.32573E+09 3.37219E+09 9.19701E-12 4.54983E-03   164.85 1.00000
  780.0   2.17699E+11 2.06080E+11 7.93186E+09 3.68700E+09 1.00121E-11 4.93206E-03   164.17 1.00000
  775.0   2.37138E+11 2.24509E+11 8.59535E+09 4.03376E+09 1.09072E-11 5.34956E-03   163.47 1.00000
  770.0   2.58506E+11 2.44767E+11 9.32233E+09 4.41602E+09 1.18912E-11 5.80591E-03   162.75 1.00000
  765.0   2.81997E+11 2.67040E+11 1.01191E+10 4.83747E+09 1.29731E-11 6.30510E-03   162.02 1.00000
  760.0   3.07863E+11 2.91567E+11 1.09937E+10 5.30281E+09 1.41644E-11 6.85157E-03   161.27 1.00000
  755.0   3.36350E+11 3.18580E+11 1.19540E+10 5.81673E+09 1.54766E-11 7.45028E-03   160.51 1.00000
  750.0   3.67745E+11 3.48350E+11 1.30093E+10 6.38458E+09 1.69226E-11 8.10661E-03   159.74 1.00000
  745.0   4.02401E+11 3.81217E+11 1.41708E+10 7.01306E+09 1.85191E-11 8.82670E-03   158.95 1.00000
  740.0   4.40668E+11 4.17510E+11 1.54497E+10 7.70879E+09 2.02820E-11 9.61746E-03   158.15 1.00000
  735.0   4.82990E+11 4.57650E+11 1.68602E+10 8.48013E+09 2.22318E-11 1.04864E-02   157.33 1.00000
  730.0   5.29771E+11 5.02021E+11 1.84151E+10 9.33487E+09 2.43871E-11 1.14422E-02   156.51 1.00000
  725.0   5.81564E+11 5.51149E+11 2.01321E+10 1.02834E+10 2.67735E-11 1.24942E-02   155.68 1.00000
  720.0   6.38961E+11 6.05593E+11 2.20299E+10 1.13370E+10 2.94181E-11 1.36533E-02   154.84 1.00000
  715.0   7.02624E+11 6.65985E+11 2.41295E+10 1.25083E+10 3.23517E-11 1.49312E-02   153.99 1.00000
  710.0   7.73254E+11 7.32990E+11 2.64532E+10 1.38107E+10 3.56065E-11 1.63414E-02   153.14 1.00000
  705.0   8.51738E+11 8.07449E+11 2.90290E+10 1.52610E+10 3.92234E-11 1.78990E-02   152.28 1.00000
  700.0   9.38969E+11 8.90207E+11 3.18849E+10 1.68765E+10 4.32435E-11 1.96207E-02   151.42 1.00000
  695.0   1.03601E+12 9.82273E+11 3.50544E+10 1.86773E+10 4.77157E-11 2.15254E-02   150.56 1.00000
  690.0   1.14405E+12 1.08478E+12 3.85754E+10 2.06864E+10 5.26953E-11 2.36345E-02   149.70 1.00000
  685.0   1.26446E+12 1.19904E+12 4.24906E+10 2.29299E+10 5.82452E-11 2.59719E-02   148.84 1.00000
  680.0   1.39867E+12 1.32638E+12 4.68448E+10 2.54355E+10 6.44313E-11 2.85644E-02   147.99 1.00000
  675.0   1.54849E+12 1.46855E+12 5.16953E+10 2.82378E+10 7.13375E-11 3.14425E-02   147.14 1.00000
  670.0   1.71589E+12 1.62741E+12 5.71035E+10 3.13748E+10 7.90543E-11 3.46404E-02   146.29 1.00000
  665.0   1.90283E+12 1.80482E+12 6.31310E+10 3.48847E+10 8.76728E-11 3.81965E-02   145.46 1.00000
  660.0   2.11189E+12 2.00322E+12 6.98572E+10 3.88165E+10 9.73102E-11 4.21541E-02   144.64 1.00000
  655.0   2.34586E+12 2.22526E+12 7.73705E+10 4.32246E+10 1.08097E-10 4.65620E-02   143.83 1.00000
  650.0   2.60775E+12 2.47382E+12 8.57641E+10 4.81674E+10 1.20172E-10 5.14758E-02   143.04 1.00000
  645.0   2.90106E+12 2.75220E+12 9.51464E+10 5.37121E+10 1.33695E-10 5.69572E-02   142.27 1.00000
  640.0   3.22979E+12 3.06422E+12 1.05643E+11 5.99370E+10 1.48853E-10 6.30771E-02   141.52 1.00000
  635.0   3.59847E+12 3.41414E+12 1.17393E+11 6.69291E+10 1.65851E-10 6.99147E-02   140.79 1.00000
  630.0   4.01189E+12 3.80655E+12 1.30546E+11 7.47823E+10 1.84915E-10 7.75595E-02   140.09 1.00000
  625.0   4.47534E+12 4.24649E+12 1.45264E+11 8.35999E+10 2.06286E-10 8.61116E-02   139.43 1.00000
  620.0   4.99585E+12 4.74058E+12 1.61767E+11 9.35173E+10 2.30289E-10 9.56857E-02   138.79 1.00000
  615.0   5.57993E+12 5.29502E+12 1.80255E+11 1.04663E+11 2.57225E-10 1.06411E-01   138.19 1.00000
  610.0   6.23502E+12 5.91688E+12 2.00954E+11 1.17181E+11 2.87434E-10 1.18430E-01   137.64 1.00000
  605.0   6.97089E+12 6.61546E+12 2.24170E+11 1.31263E+11 3.21372E-10 1.31907E-01   137.12 1.00000
  600.0   7.79659E+12 7.39932E+12 2.50180E+11 1.47086E+11 3.59453E-10 1.47026E-01   136.65 1.00000
  595.0   8.72249E+12 8.27834E+12 2.79299E+11 1.64853E+11 4.02156E-10 1.63993E-01   136.24 1.00000
  590.0   9.76202E+12 9.26526E+12 3.11945E+11 1.84826E+11 4.50102E-10 1.83039E-01   135.87 1.00000
  585.0   1.09266E+13 1.03710E+13 3.48465E+11 2.07233E+11 5.03820E-10 2.04423E-01   135.57 1.00000
  580.0   1.22319E+13 1.16102E+13 3.89333E+11 2.32377E+11 5.64023E-10 2.28437E-01   135.33 1.00000
  575.0   1.36943E+13 1.29987E+13 4.35058E+11 2.60582E+11 6.31477E-10 2.55408E-01   135.15 1.00000
  570.0   1.53309E+13 1.45526E+13 4.86161E+11 2.92188E+11 7.06973E-10 2.85700E-01   135.04 1.00000
  565.0   1.71616E+13 1.62908E+13 5.43244E+11 3.27581E+11 7.91418E-10 3.19721E-01   135.00 1.00000
  560.0   1.92049E+13 1.82308E+13 6.06872E+11 3.67132E+11 8.85674E-10 3.57919E-01   135.05 1.00000
  555.0   2.14782E+13 2.03894E+13 6.77567E+11 4.11188E+11 9.90543E-10 4.00790E-01   135.22 1.00000
  550.0   2.40073E+13 2.27910E+13 7.56117E+11 4.60257E+11 1.10722E-09 4.48879E-01   135.49 1.00000
  545.0   2.68193E+13 2.54611E+13 8.43341E+11 5.14873E+11 1.23694E-09 5.02790E-01   135.85 1.00000
  540.0   2.99373E+13 2.84218E+13 9.39938E+11 5.75498E+11 1.38078E-09 5.63186E-01   136.32 1.00000
  535.0   3.33968E+13 3.17069E+13 1.04699E+12 6.42833E+11 1.54039E-09 6.30800E-01   136.87 1.00000
  530.0   3.72306E+13 3.53475E+13 1.16548E+12 7.17530E+11 1.71727E-09 7.06450E-01   137.50 1.00000
  525.0   4.14704E+13 3.93738E+13 1.29638E+12 8.00219E+11 1.91288E-09 7.91021E-01   138.22 1.00000
  520.0   4.61596E+13 4.38269E+13 1.44099E+12 8.91760E+11 2.12923E-09 8.85497E-01   139.01 1.00000
  515.0   5.13431E+13 4.87493E+13 1.60069E+12 9.93041E+11 2.36838E-09 9.90957E-01   139.86 1.00000
  510.0   5.70631E+13 5.41815E+13 1.77672E+12 1.10491E+12 2.63231E-09 1.10860E+00   140.78 1.00000
  505.0   6.33760E+13 6.01767E+13 1.97082E+12 1.22847E+12 2.92359E-09 1.23973E+00   141.75 1.00000
  500.0   7.03313E+13 6.67821E+13 2.18446E+12 1.36472E+12 3.24451E-09 1.38578E+00   142.78 1.00000
  495.0   7.79971E+13 7.40623E+13 2.41970E+12 1.51502E+12 3.59823E-09 1.54834E+00   143.85 1.00000
  490.0   8.64381E+13 8.20790E+13 2.67852E+12 1.68065E+12 3.98773E-09 1.72915E+00   144.96 1.00000
  485.0   9.57313E+13 9.09050E+13 2.96321E+12 1.86312E+12 4.41655E-09 1.93011E+00   146.10 1.00000
  480.0   1.05947E+14 1.00608E+14 3.27593E+12 2.06387E+12 4.88797E-09 2.15334E+00   147.28 1.00000
  475.0   1.17184E+14 1.11279E+14 3.61960E+12 2.28481E+12 5.40647E-09 2.40113E+00   148.48 1.00000
  470.0   1.29535E+14 1.23010E+14 3.99709E+12 2.52785E+12 5.97644E-09 2.67602E+00   149.70 1.00000
  465.0   1.43114E+14 1.35907E+14 4.41176E+12 2.79519E+12 6.60301E-09 2.98082E+00   150.93 1.00000
  460.0   1.58021E+14 1.50066E+14 4.86673E+12 3.08889E+12 7.29096E-09 3.31857E+00   152.18 1.00000
  455.0   1.74401E+14 1.65623E+14 5.36628E+12 3.41179E+12 8.04685E-09 3.69265E+00   153.43 1.00000
  450.0   1.92380E+14 1.82699E+14 5.91421E+12 3.76640E+12 8.87650E-09 4.10677E+00   154.69 1.00000
  445.0   2.12133E+14 2.01461E+14 6.51587E+12 4.15622E+12 9.78806E-09 4.56503E+00   155.94 1.00000
  440.0   2.33812E+14 2.22051E+14 7.17580E+12 4.58430E+12 1.07886E-08 5.07189E+00   157.19 1.00000
  435.0   2.57597E+14 2.44643E+14 7.89943E+12 5.05420E+12 1.18863E-08 5.63229E+00   158.44 1.00000
  430.0   2.83722E+14 2.69458E+14 8.69378E+12 5.57054E+12 1.30918E-08 6.25165E+00   159.67 1.00000
  425.0   3.12415E+14 2.96710E+14 9.56577E+12 6.13793E+12 1.44161E-08 6.93605E+00   160.88 1.00000
  420.0   3.43902E+14 3.26619E+14 1.05222E+13 6.76086E+12 1.58692E-08 7.69207E+00   162.08 1.00000
  415.0   3.78498E+14 3.59480E+14 1.15725E+13 7.44556E+12 1.74659E-08 8.52700E+00   163.25 1.00000
  410.0   4.16486E+14 3.95562E+14 1.27253E+13 8.19772E+12 1.92191E-08 9.44891E+00   164.40 1.00000
  405.0   4.58226E+14 4.35209E+14 1.39914E+13 9.02448E+12 2.11455E-08 1.04667E+01   165.52 1.00000
  400.0   5.04093E+14 4.78778E+14 1.53820E+13 9.93334E+12 2.32623E-08 1.15902E+01   166.61 1.00000
  395.0   5.54535E+14 5.26692E+14 1.69108E+13 1.09332E+13 2.55904E-08 1.28303E+01   167.66 1.00000
  390.0   6.09983E+14 5.79359E+14 1.85905E+13 1.20326E+13 2.81495E-08 1.41991E+01   168.68 1.00000
  385.0   6.70984E+14 6.37303E+14 2.04378E+13 1.32427E+13 3.09649E-08 1.57098E+01   169.66 1.00000
  380.0   7.38115E+14 7.01071E+14 2.24700E+13 1.45748E+13 3.40633E-08 1.73773E+01   170.60 1.00000
  375.0   8.12062E+14 7.71312E+14 2.47078E+13 1.60425E+13 3.74762E-08 1.92179E+01   171.49 1.00000
  370.0   8.93551E+14 8.48718E+14 2.71730E+13 1.76603E+13 4.12373E-08 2.12500E+01   172.33 1.00000
  365.0   9.83397E+14 9.34062E+14 2.98901E+13 1.94446E+13 4.53840E-08 2.34939E+01   173.12 1.00000
  360.0   1.08257E+15 1.02826E+15 3.28882E+13 2.14145E+13 4.99610E-08 2.59722E+01   173.85 1.00000
  355.0   1.19202E+15 1.13223E+15 3.61965E+13 2.35894E+13 5.50130E-08 2.87100E+01   174.53 1.00000
  350.0   1.31297E+15 1.24712E+15 3.98510E+13 2.59933E+13 6.05956E-08 3.17355E+01   175.15 1.00000
  345.0   1.44671E+15 1.37418E+15 4.38911E+13 2.86521E+13 6.67686E-08 3.50799E+01   175.71 1.00000
  340.0   1.59471E+15 1.51475E+15 4.83604E+13 3.15948E+13 7.35994E-08 3.87785E+01   176.21 1.00000
  335.0   1.75859E+15 1.67042E+15 5.33084E+13 3.48540E+13 8.11633E-08 4.28704E+01   176.65 1.00000
  330.0   1.94020E+15 1.84294E+15 5.87902E+13 3.84668E+13 8.95456E-08 4.73993E+01   177.03 1.00000
  325.0   2.14149E+15 2.03415E+15 6.48648E+13 4.24717E+13 9.88365E-08 5.24144E+01   177.36 1.00000
  320.0   2.36489E+15 2.24636E+15 7.16048E+13 4.69174E+13 1.09148E-07 5.79703E+01   177.63 1.00000
  315.0   2.61288E+15 2.48194E+15 7.90856E+13 5.18535E+13 1.20594E-07 6.41286E+01   177.85 1.00000
  310.0   2.88855E+15 2.74381E+15 8.73995E+13 5.73415E+13 1.33318E-07 7.09582E+01   178.01 1.00000
  305.0   3.19489E+15 3.03481E+15 9.66365E+13 6.34411E+13 1.47458E-07 7.85365E+01   178.13 1.00000
  300.0   3.53600E+15 3.35885E+15 1.06920E+14 7.02340E+13 1.63203E-07 8.69509E+01   178.19 1.00000
  295.0   3.91569E+15 3.71953E+15 1.18365E+14 7.77969E+13 1.80729E-07 9.62986E+01   178.21 1.00000
  290.0   4.33919E+15 4.12183E+15 1.31128E+14 8.62332E+13 2.00276E-07 1.06690E+02   178.17 1.00000
  285.0   4.81147E+15 4.57048E+15 1.45358E+14 9.56429E+13 2.22076E-07 1.18249E+02   178.09 1.00000
  280.0   5.33860E+15 5.07121E+15 1.61238E+14 1.06147E+14 2.46406E-07 1.31115E+02   177.97 1.00000
  275.0   5.92778E+15 5.63090E+15 1.78985E+14 1.17889E+14 2.73602E-07 1.45446E+02   177.80 1.00000
  270.0   6.58700E+15 6.25713E+15 1.98838E+14 1.31028E+14 3.04030E-07 1.61421E+02   177.58 1.00000
  265.0   7.32493E+15 6.95814E+15 2.21059E+14 1.45739E+14 3.38091E-07 1.79242E+02   177.32 1.00000
  260.0   8.15177E+15 7.74360E+15 2.45954E+14 1.62223E+14 3.76258E-07 1.99138E+02   177.02 1.00000
  255.0   9.07911E+15 8.62453E+15 2.73871E+14 1.80714E+14 4.19061E-07 2.21365E+02   176.68 1.00000
  250.0   1.01203E+16 9.61359E+15 3.05209E+14 2.01477E+14 4.67119E-07 2.46220E+02   176.30 1.00000
  245.0   1.12904E+16 1.07252E+16 3.40426E+14 2.24815E+14 5.21133E-07 2.74035E+02   175.88 1.00000
  240.0   1.26070E+16 1.19759E+16 3.80045E+14 2.51075E+14 5.81903E-07 3.05190E+02   175.42 1.00000
  235.0   1.40900E+16 1.33848E+16 4.24670E+14 2.80660E+14 6.50361E-07 3.40119E+02   174.92 1.00000
  230.0   1.57615E+16 1.49726E+16 4.74957E+14 3.14006E+14 7.27513E-07 3.79313E+02   174.39 1.00000
  225.0   1.76485E+16 1.67650E+16 5.31719E+14 3.51652E+14 8.14610E-07 4.23336E+02   173.82 1.00000
  220.0   1.97812E+16 1.87912E+16 5.95872E+14 3.94211E+14 9.13060E-07 4.72830E+02   173.21 1.00000
  215.0   2.21923E+16 2.10815E+16 6.68386E+14 4.42324E+14 1.02435E-06 5.28531E+02   172.58 1.00000
  210.0   2.49238E+16 2.36765E+16 7.50534E+14 4.96839E+14 1.15043E-06 5.91280E+02   171.91 1.00000
  205.0   2.80207E+16 2.66184E+16 8.43656E+14 5.58649E+14 1.29338E-06 6.62042E+02   171.21 1.00000
  200.0   3.15362E+16 2.99581E+16 9.49362E+14 6.28822E+14 1.45566E-06 7.41926E+02   170.48 1.00000
  198.0   3.30732E+16 3.14181E+16 9.95571E+14 6.59501E+14 1.52661E-06 7.76717E+02   170.18 1.00000
  196.0   3.46901E+16 3.29542E+16 1.04418E+15 6.91779E+14 1.60124E-06 8.13254E+02   169.88 1.00000
  194.0   3.63939E+16 3.45727E+16 1.09541E+15 7.25793E+14 1.67989E-06 8.51639E+02   169.57 1.00000
  192.0   3.81873E+16 3.62764E+16 1.14932E+15 7.61595E+14 1.76268E-06 8.91971E+02   169.26 1.00000
  190.0   4.00775E+16 3.80720E+16 1.20614E+15 7.99330E+14 1.84992E-06 9.34352E+02   168.94 1.00000
  188.0   4.20682E+16 3.99631E+16 1.26599E+15 8.39072E+14 1.94181E-06 9.78904E+02   168.62 1.00000
  186.0   4.41647E+16 4.19547E+16 1.32900E+15 8.80931E+14 2.03858E-06 1.02574E+03   168.30 1.00000
  184.0   4.63761E+16 4.40555E+16 1.39547E+15 9.25083E+14 2.14066E-06 1.07499E+03   167.97 1.00000
  182.0   4.87062E+16 4.62690E+16 1.46551E+15 9.71605E+14 2.24822E-06 1.12678E+03   167.64 1.00000
  180.0   5.11647E+16 4.86046E+16 1.53941E+15 1.02069E+15 2.36170E-06 1.18125E+03   167.30 1.00001
  178.0   5.37565E+16 5.10668E+16 1.61731E+15 1.07244E+15 2.48133E-06 1.23857E+03   166.96 1.00001
  176.0   5.64892E+16 5.36627E+16 1.69944E+15 1.12701E+15 2.60748E-06 1.29888E+03   166.62 1.00001
  174.0   5.93749E+16 5.64041E+16 1.78617E+15 1.18463E+15 2.74068E-06 1.36236E+03   166.27 1.00001
  172.0   6.24186E+16 5.92956E+16 1.87765E+15 1.24541E+15 2.88118E-06 1.42919E+03   165.92 1.00001
  170.0   6.56301E+16 6.23464E+16 1.97416E+15 1.30955E+15 3.02942E-06 1.49955E+03   165.57 1.00001
  168.0   6.90187E+16 6.55655E+16 2.07599E+15 1.37721E+15 3.18584E-06 1.57364E+03   165.22 1.00001
  166.0   7.25999E+16 6.89675E+16 2.18361E+15 1.44874E+15 3.35115E-06 1.65168E+03   164.86 1.00001
  164.0   7.63807E+16 7.25593E+16 2.29723E+15 1.52424E+15 3.52567E-06 1.73390E+03   164.50 1.00001
  162.0   8.03728E+16 7.63516E+16 2.41719E+15 1.60396E+15 3.70994E-06 1.82053E+03   164.14 1.00001
  160.0   8.45949E+16 8.03627E+16 2.54406E+15 1.68830E+15 3.90484E-06 1.91185E+03   163.77 1.00001
  158.0   8.90497E+16 8.45945E+16 2.67791E+15 1.77726E+15 4.11046E-06 2.00810E+03   163.41 1.00001
  156.0   9.37621E+16 8.90712E+16 2.81950E+15 1.87138E+15 4.32799E-06 2.10958E+03   163.04 1.00001
  154.0   9.87427E+16 9.38027E+16 2.96915E+15 1.97085E+15 4.55789E-06 2.21660E+03   162.67 1.00001
  152.0   1.04014E+17 9.88105E+16 3.12754E+15 2.07615E+15 4.80123E-06 2.32948E+03   162.29 1.00001
  150.0   1.09582E+17 1.04102E+17 3.28745E+15 2.19163E+15 5.05844E-06 2.44858E+03   161.92 1.00001
  148.0   1.15507E+17 1.09732E+17 3.46521E+15 2.31014E+15 5.33195E-06 2.57426E+03   161.50 1.00001
  146.0   1.22416E+17 1.16295E+17 3.67249E+15 2.44833E+15 5.65090E-06 2.70730E+03   160.26 1.00001
  144.0   1.28342E+17 1.21926E+17 3.85027E+15 2.56685E+15 5.92445E-06 2.84775E+03   160.79 1.00001
  142.0   1.36242E+17 1.29429E+17 4.08725E+15 2.72483E+15 6.28909E-06 2.99615E+03   159.36 1.00001
  140.0   1.44136E+17 1.36929E+17 4.32408E+15 2.88272E+15 6.65350E-06 3.15363E+03   158.55 1.00002
  138.0   1.52038E+17 1.44435E+17 4.56112E+15 3.04075E+15 7.01824E-06 3.32022E+03   158.25 1.00002
  136.0   1.60925E+17 1.52879E+17 4.82775E+15 3.21850E+15 7.42851E-06 3.49653E+03   157.45 1.00002
  134.0   1.69804E+17 1.61313E+17 5.09412E+15 3.39608E+15 7.83838E-06 3.68311E+03   157.18 1.00002
  132.0   1.79673E+17 1.70689E+17 5.39020E+15 3.59347E+15 8.29394E-06 3.88057E+03   156.51 1.00002
  130.0   1.89553E+17 1.80075E+17 5.68659E+15 3.79105E+15 8.74999E-06 4.08949E+03   156.34 1.00002
  128.0   2.01405E+17 1.91336E+17 6.04217E+15 4.02811E+15 9.29714E-06 4.31102E+03   155.11 1.00002
  126.0   2.14235E+17 2.03523E+17 6.42707E+15 4.28471E+15 9.88939E-06 4.54691E+03   153.80 1.00002
  124.0   2.27072E+17 2.15718E+17 6.81215E+15 4.54143E+15 1.04819E-05 4.79771E+03   153.11 1.00003
  122.0   2.41885E+17 2.29790E+17 7.25655E+15 4.83770E+15 1.11658E-05 5.06461E+03   151.73 1.00003
  120.0   2.56694E+17 2.43859E+17 7.70082E+15 5.13388E+15 1.18493E-05 5.34882E+03   151.00 1.00003
  118.0   2.72491E+17 2.58866E+17 8.17473E+15 5.44982E+15 1.25786E-05 5.65091E+03   150.28 1.00003
  116.0   2.89268E+17 2.74805E+17 8.67803E+15 5.78535E+15 1.33530E-05 5.97207E+03   149.61 1.00004
  114.0   3.07038E+17 2.91687E+17 9.21116E+15 6.14077E+15 1.41733E-05 6.31351E+03   149.01 1.00004
  112.0   3.26796E+17 3.10457E+17 9.80390E+15 6.53593E+15 1.50854E-05 6.67692E+03   148.06 1.00004
  110.0   3.47510E+17 3.30135E+17 1.04254E+16 6.95021E+15 1.60416E-05 7.06415E+03   147.31 1.00004
  108.0   3.69244E+17 3.50782E+17 1.10774E+16 7.38488E+15 1.70448E-05 7.47638E+03   146.73 1.00005
  106.0   3.92935E+17 3.73289E+17 1.17880E+16 7.85870E+15 1.81384E-05 7.91538E+03   145.98 1.00005
  104.0   4.20582E+17 3.99552E+17 1.26175E+16 8.41163E+15 1.94146E-05 8.38462E+03   144.47 1.00005
  102.0   4.49207E+17 4.26746E+17 1.34762E+16 8.98413E+15 2.07360E-05 8.88706E+03   143.37 1.00006
  100.0   4.80796E+17 4.56755E+17 1.44239E+16 9.61591E+15 2.21942E-05 9.42505E+03   142.06 1.00006
   98.0   5.14376E+17 4.88657E+17 1.54313E+16 1.02875E+16 2.37442E-05 1.00016E+04   140.91 1.00007
   96.0   5.50899E+17 5.23353E+17 1.65269E+16 1.10180E+16 2.54301E-05 1.06197E+04   139.70 1.00008
   94.0   5.92360E+17 5.62742E+17 1.77708E+16 1.18472E+16 2.73441E-05 1.12841E+04   138.05 1.00008
   92.0   6.38764E+17 6.06825E+17 1.91629E+16 1.27753E+16 2.94862E-05 1.20004E+04   136.15 1.00009
   90.0   6.86175E+17 6.51866E+17 2.05852E+16 1.37235E+16 3.16747E-05 1.27727E+04   134.90 1.00010
   88.0   7.34546E+17 6.97819E+17 2.20364E+16 1.46909E+16 3.39076E-05 1.36020E+04   134.20 1.00011
   86.0   7.94730E+17 7.54994E+17 2.38419E+16 1.58946E+16 3.66858E-05 1.44959E+04   132.19 1.00012
   84.0   8.65845E+17 8.22552E+17 2.59753E+16 1.73169E+16 3.99685E-05 1.54678E+04   129.47 1.00014
   82.0   9.47773E+17 9.00385E+17 2.84332E+16 1.89554E+16 4.37505E-05 1.65310E+04   126.41 1.00015
   80.0   1.03760E+18 9.85717E+17 3.11279E+16 2.07520E+16 4.78968E-05 1.76964E+04   123.61 1.00018
   78.0   1.14224E+18 1.08512E+18 3.42671E+16 2.28447E+16 5.27270E-05 1.89778E+04   120.42 1.00020
   76.0   1.25772E+18 1.19483E+18 3.77315E+16 2.51543E+16 5.80578E-05 2.03909E+04   117.51 1.00023
   74.0   1.38901E+18 1.31955E+18 4.16701E+16 2.77800E+16 6.41182E-05 2.19514E+04   114.55 1.00027
   72.0   1.56279E+18 1.48465E+18 4.68836E+16 3.12557E+16 7.21402E-05 2.36939E+04   109.90 1.00033
   70.0   1.79077E+18 1.70123E+18 5.37232E+16 3.58155E+16 8.26644E-05 2.56757E+04   103.94 1.00041
   68.0   2.06034E+18 1.95734E+18 6.18104E+16 4.12070E+16 9.51084E-05 2.79547E+04    98.37 1.00052
   66.0   2.42966E+18 2.30817E+18 7.28896E+16 4.85931E+16 1.12156E-04 3.06143E+04    91.37 1.00070
   64.0   2.89155E+18 2.74697E+18 8.67463E+16 5.78309E+16 1.33477E-04 3.37700E+04    84.71 1.00095
   62.0   3.40670E+18 3.23636E+18 1.02201E+17 6.81338E+16 1.57257E-04 3.75116E+04    79.89 1.00124
   60.0   3.95531E+18 3.75754E+18 1.18659E+17 7.91062E+16 1.82582E-04 4.18934E+04    76.87 1.00154
   58.0   4.57439E+18 4.34567E+18 1.37232E+17 9.14880E+16 2.11160E-04 4.69787E+04    74.56 1.00188
   56.0   5.25416E+18 4.99144E+18 1.57625E+17 1.05084E+17 2.42539E-04 5.28480E+04    73.05 1.00225
   54.0   5.99435E+18 5.69463E+18 1.79830E+17 1.19887E+17 2.76707E-04 5.95777E+04    72.21 1.00262
   52.0   6.81756E+18 6.47668E+18 2.04526E+17 1.36351E+17 3.14707E-04 6.72543E+04    71.70 1.00301
   50.0   7.74704E+18 7.35968E+18 2.32411E+17 1.54940E+17 3.57613E-04 7.59954E+04    71.33 1.00346
   48.0   8.79187E+18 8.35228E+18 2.63757E+17 1.75837E+17 4.05844E-04 8.59368E+04    71.11 1.00395
   46.0   9.97872E+18 9.47978E+18 2.99362E+17 1.99575E+17 4.60630E-04 9.72368E+04    70.93 1.00451
   44.0   1.13177E+19 1.07518E+19 3.39532E+17 2.26355E+17 5.22440E-04 1.10077E+05    70.84 1.00513
   42.0   1.28647E+19 1.22214E+19 3.85941E+17 2.57294E+17 5.93850E-04 1.24678E+05    70.64 1.00587
   40.0   1.45852E+19 1.38559E+19 4.37555E+17 2.91703E+17 6.73269E-04 1.41281E+05    70.66 1.00666
   38.0   1.64833E+19 1.56591E+19 4.94500E+17 3.29667E+17 7.60891E-04 1.60100E+05    70.91 1.00749
   36.0   1.86255E+19 1.76942E+19 5.58763E+17 3.72509E+17 8.59775E-04 1.81402E+05    71.17 1.00842
   34.0   2.10521E+19 1.99995E+19 6.31562E+17 4.21041E+17 9.71790E-04 2.05511E+05    71.41 1.00948
   32.0   2.37383E+19 2.25514E+19 7.12150E+17 4.74767E+17 1.09579E-03 2.32773E+05    71.81 1.01061
   30.0   2.67090E+19 2.53735E+19 8.01270E+17 5.34180E+17 1.23292E-03 2.63523E+05    72.34 1.01180
   28.0   3.00178E+19 2.85169E+19 9.00534E+17 6.00356E+17 1.38566E-03 2.98158E+05    72.92 1.01311
   26.0   3.36312E+19 3.19496E+19 1.00893E+18 6.72624E+17 1.55246E-03 3.37082E+05    73.68 1.01446
   24.0   3.75929E+19 3.57133E+19 1.12779E+18 7.51859E+17 1.73534E-03 3.80709E+05    74.55 1.01587
   22.0   4.18583E+19 3.97654E+19 1.25575E+18 8.37166E+17 1.93224E-03 4.29453E+05    75.63 1.01728
   20.0   4.67499E+19 4.44124E+19 1.40250E+18 9.34998E+17 2.15804E-03 4.83893E+05    76.43 1.01900
   18.0   5.19109E+19 4.93153E+19 1.55732E+18 1.03822E+18 2.39627E-03 5.44610E+05    77.59 1.02061
   16.0   5.74754E+19 5.46016E+19 1.72426E+18 1.14950E+18 2.65314E-03 6.12041E+05    78.88 1.02223
   14.0   6.35449E+19 6.03678E+19 1.90635E+18 1.27089E+18 2.93332E-03 6.86757E+05    80.19 1.02395
   12.0   7.01193E+19 6.66133E+19 2.10358E+18 1.40239E+18 3.23680E-03 7.69415E+05    81.56 1.02573
   10.0   7.72014E+19 7.33412E+19 2.31604E+18 1.54402E+18 3.56371E-03 8.60656E+05    83.01 1.02755
    8.0   8.46023E+19 8.03721E+19 2.53806E+18 1.69204E+18 3.90534E-03 9.61034E+05    84.72 1.02922
    6.0   9.25364E+19 8.79096E+19 2.77610E+18 1.85073E+18 4.27160E-03 1.07110E+06    86.47 1.03093
    5.0   9.66614E+19 9.18283E+19 2.89985E+18 1.93322E+18 4.46201E-03 1.12997E+06    87.40 1.03175
    4.0   1.01102E+20 9.60466E+19 3.03305E+18 2.02203E+18 4.66698E-03 1.19156E+06    88.20 1.03274
    3.0   1.05369E+20 1.00101E+20 3.16108E+18 2.10739E+18 4.86398E-03 1.25591E+06    89.26 1.03345
    2.0   1.09473E+20 1.04000E+20 3.28419E+18 2.18946E+18 5.05341E-03 1.32292E+06    90.54 1.03393
    1.5   1.11510E+20 1.05936E+20 3.34532E+18 2.23022E+18 5.14748E-03 1.35742E+06    91.22 1.03412
    1.0   1.13571E+20 1.07893E+20 3.40715E+18 2.27143E+18 5.24261E-03 1.39255E+06    91.90 1.03432
     .5   1.15658E+20 1.09874E+20 3.46972E+18 2.31314E+18 5.33888E-03 1.42835E+06    92.58 1.03451
     .0   1.17740E+20 1.11853E+20 3.53220E+18 2.35480E+18 5.43503E-03 1.46482E+06    93.28 1.03468
