  Zkm     TOTALNumden N2Numdencm3  CH4Ndencm3  ArNdencm3   rhogcm3     Pergscm3      TempK    Fc
 2200.0   1.09975E+07 2.39973E+06 8.59297E+06 4.84291E+03 3.40171E-16 3.09748E-07   204.00 1.00000
 2190.0   1.14854E+07 2.56124E+06 8.91884E+06 5.27087E+03 3.56365E-16 3.23488E-07   204.00 1.00000
 2180.0   1.19986E+07 2.73438E+06 9.25852E+06 5.73868E+03 3.73468E-16 3.37945E-07   204.00 1.00000
 2170.0   1.25389E+07 2.92002E+06 9.61264E+06 6.25026E+03 3.91539E-16 3.53162E-07   204.00 1.00000
 2160.0   1.31078E+07 3.11913E+06 9.98189E+06 6.80989E+03 4.10641E-16 3.69186E-07   204.00 1.00000
 2150.0   1.37072E+07 3.33275E+06 1.03670E+07 7.42233E+03 4.30842E-16 3.86066E-07   204.00 1.00000
 2140.0   1.43388E+07 3.56200E+06 1.07687E+07 8.09281E+03 4.52214E-16 4.03855E-07   204.00 1.00000
 2130.0   1.50046E+07 3.80810E+06 1.11877E+07 8.82708E+03 4.74834E-16 4.22610E-07   204.00 1.00000
 2120.0   1.57070E+07 4.07236E+06 1.16250E+07 9.63155E+03 4.98786E-16 4.42390E-07   204.00 1.00000
 2110.0   1.64480E+07 4.35621E+06 1.20813E+07 1.05133E+04 5.24160E-16 4.63262E-07   204.00 1.00000
 2100.0   1.72302E+07 4.66118E+06 1.25576E+07 1.14800E+04 5.51053E-16 4.85294E-07   204.00 1.00000
 2090.0   1.80563E+07 4.98895E+06 1.30548E+07 1.25403E+04 5.79567E-16 5.08560E-07   204.00 1.00000
 2080.0   1.89290E+07 5.34133E+06 1.35740E+07 1.37038E+04 6.09816E-16 5.33141E-07   204.00 1.00000
 2070.0   1.98514E+07 5.72027E+06 1.41162E+07 1.49809E+04 6.41918E-16 5.59121E-07   204.00 1.00000
 2060.0   2.08268E+07 6.12792E+06 1.46825E+07 1.63834E+04 6.76003E-16 5.86593E-07   204.00 1.00000
 2050.0   2.18587E+07 6.56657E+06 1.52742E+07 1.79240E+04 7.12211E-16 6.15656E-07   204.00 1.00000
 2040.0   2.29508E+07 7.03872E+06 1.58924E+07 1.96173E+04 7.50692E-16 6.46414E-07   204.00 1.00000
 2030.0   2.41071E+07 7.54710E+06 1.65385E+07 2.14788E+04 7.91607E-16 6.78983E-07   204.00 1.00000
 2020.0   2.53321E+07 8.09466E+06 1.72139E+07 2.35263E+04 8.35133E-16 7.13484E-07   204.00 1.00000
 2010.0   2.66303E+07 8.68460E+06 1.79199E+07 2.57793E+04 8.81457E-16 7.50050E-07   204.00 1.00000
 2000.0   2.80069E+07 9.32039E+06 1.86582E+07 2.82593E+04 9.30784E-16 7.88821E-07   204.00 1.00000
 1990.0   2.94672E+07 1.00058E+07 1.94304E+07 3.09903E+04 9.83334E-16 8.29952E-07   204.00 1.00000
 1980.0   3.10171E+07 1.07450E+07 2.02381E+07 3.39990E+04 1.03934E-15 8.73605E-07   204.00 1.00000
 1970.0   3.26629E+07 1.15425E+07 2.10832E+07 3.73150E+04 1.09907E-15 9.19960E-07   204.00 1.00000
 1960.0   3.44114E+07 1.24030E+07 2.19675E+07 4.09713E+04 1.16280E-15 9.69206E-07   204.00 1.00000
 1950.0   3.62699E+07 1.33319E+07 2.28930E+07 4.50044E+04 1.23082E-15 1.02155E-06   204.00 1.00000
 1940.0   3.82463E+07 1.43349E+07 2.38619E+07 4.94551E+04 1.30347E-15 1.07722E-06   204.00 1.00000
 1930.0   4.03493E+07 1.54184E+07 2.48764E+07 5.43687E+04 1.38110E-15 1.13645E-06   204.00 1.00000
 1920.0   4.25879E+07 1.65892E+07 2.59389E+07 5.97957E+04 1.46409E-15 1.19950E-06   204.00 1.00000
 1910.0   4.49723E+07 1.78547E+07 2.70518E+07 6.57923E+04 1.55286E-15 1.26666E-06   204.00 1.00000
 1900.0   4.75131E+07 1.92231E+07 2.82177E+07 7.24212E+04 1.64786E-15 1.33822E-06   204.00 1.00000
 1890.0   5.02223E+07 2.07031E+07 2.94394E+07 7.97523E+04 1.74958E-15 1.41452E-06   204.00 1.00000
 1880.0   5.31123E+07 2.23046E+07 3.07198E+07 8.78635E+04 1.85855E-15 1.49592E-06   204.00 1.00000
 1870.0   5.61969E+07 2.40380E+07 3.20621E+07 9.68419E+04 1.97535E-15 1.58280E-06   204.00 1.00000
 1860.0   5.94911E+07 2.59148E+07 3.34695E+07 1.06785E+05 2.10060E-15 1.67558E-06   204.00 1.00000
 1850.0   6.30109E+07 2.79477E+07 3.49455E+07 1.17800E+05 2.23500E-15 1.77472E-06   204.00 1.00000
 1840.0   6.67740E+07 3.01503E+07 3.64937E+07 1.30010E+05 2.37929E-15 1.88071E-06   204.00 1.00000
 1830.0   7.07993E+07 3.25378E+07 3.81179E+07 1.43549E+05 2.53426E-15 1.99408E-06   204.00 1.00000
 1820.0   7.51074E+07 3.51264E+07 3.98224E+07 1.58570E+05 2.70082E-15 2.11542E-06   204.00 1.00000
 1810.0   7.97209E+07 3.79343E+07 4.16114E+07 1.75242E+05 2.87991E-15 2.24536E-06   204.00 1.00000
 1800.0   8.46643E+07 4.09811E+07 4.34895E+07 1.93756E+05 3.07258E-15 2.38459E-06   204.00 1.00000
 1790.0   8.99640E+07 4.42882E+07 4.54615E+07 2.14324E+05 3.27998E-15 2.53386E-06   204.00 1.00000
 1780.0   9.56490E+07 4.78792E+07 4.75326E+07 2.37185E+05 3.50336E-15 2.69398E-06   204.00 1.00000
 1770.0   1.01751E+08 5.17800E+07 4.97083E+07 2.62608E+05 3.74407E-15 2.86584E-06   204.00 1.00000
 1760.0   1.08304E+08 5.60189E+07 5.19943E+07 2.90891E+05 4.00360E-15 3.05041E-06   204.00 1.00000
 1750.0   1.15346E+08 6.06268E+07 5.43968E+07 3.22374E+05 4.28358E-15 3.24875E-06   204.00 1.00000
 1740.0   1.22917E+08 6.56377E+07 5.69222E+07 3.57434E+05 4.58578E-15 3.46200E-06   204.00 1.00000
 1730.0   1.31063E+08 7.10891E+07 5.95773E+07 3.96497E+05 4.91215E-15 3.69142E-06   204.00 1.00000
 1720.0   1.39832E+08 7.70218E+07 6.23696E+07 4.40042E+05 5.26481E-15 3.93839E-06   204.00 1.00000
 1710.0   1.49276E+08 8.34809E+07 6.53067E+07 4.88607E+05 5.64609E-15 4.20440E-06   204.00 1.00000
 1700.0   1.59455E+08 9.05157E+07 6.83968E+07 5.42797E+05 6.05855E-15 4.49110E-06   204.00 1.00000
 1690.0   1.70433E+08 9.81806E+07 7.16487E+07 6.03295E+05 6.50499E-15 4.80028E-06   204.00 1.00000
 1680.0   1.82278E+08 1.06535E+08 7.50716E+07 6.70869E+05 6.98846E-15 5.13390E-06   204.00 1.00000
 1670.0   1.95067E+08 1.15645E+08 7.86753E+07 7.46385E+05 7.51235E-15 5.49411E-06   204.00 1.00000
 1660.0   2.08884E+08 1.25583E+08 8.24702E+07 8.30820E+05 8.08033E-15 5.88328E-06   204.00 1.00000
 1650.0   2.23821E+08 1.36428E+08 8.64675E+07 9.25276E+05 8.69648E-15 6.30397E-06   204.00 1.00000
 1640.0   2.39978E+08 1.48268E+08 9.06789E+07 1.03100E+06 9.36525E-15 6.75903E-06   204.00 1.00000
 1630.0   2.57465E+08 1.61199E+08 9.51169E+07 1.14939E+06 1.00915E-14 7.25157E-06   204.00 1.00000
 1620.0   2.76404E+08 1.75328E+08 9.97948E+07 1.28204E+06 1.08808E-14 7.78500E-06   204.00 1.00000
 1610.0   2.96929E+08 1.90771E+08 1.04727E+08 1.43075E+06 1.17388E-14 8.36308E-06   204.00 1.00000
 1600.0   3.19185E+08 2.07659E+08 1.09928E+08 1.59754E+06 1.26723E-14 8.98992E-06   204.00 1.00000
 1590.0   3.43333E+08 2.26134E+08 1.15414E+08 1.78473E+06 1.36884E-14 9.67007E-06   204.00 1.00000
 1580.0   3.69552E+08 2.46354E+08 1.21203E+08 1.99491E+06 1.47950E-14 1.04085E-05   204.00 1.00000
 1570.0   3.98035E+08 2.68493E+08 1.27312E+08 2.23104E+06 1.60009E-14 1.12108E-05   204.00 1.00000
 1560.0   4.28999E+08 2.92742E+08 1.33761E+08 2.49648E+06 1.73158E-14 1.20829E-05   204.00 1.00000
 1550.0   4.62681E+08 3.19316E+08 1.40570E+08 2.79501E+06 1.87503E-14 1.30315E-05   204.00 1.00000
 1540.0   4.99342E+08 3.48450E+08 1.47761E+08 3.13097E+06 2.03163E-14 1.40641E-05   204.00 1.00000
 1530.0   5.39270E+08 3.80403E+08 1.55358E+08 3.50924E+06 2.20266E-14 1.51887E-05   204.00 1.00000
 1520.0   5.82785E+08 4.15464E+08 1.63385E+08 3.93541E+06 2.38958E-14 1.64143E-05   204.00 1.00000
 1510.0   6.30239E+08 4.53953E+08 1.71870E+08 4.41581E+06 2.59398E-14 1.77508E-05   204.00 1.00000
 1500.0   6.82021E+08 4.96223E+08 1.80840E+08 4.95766E+06 2.81763E-14 1.92093E-05   204.00 1.00000
 1490.0   7.38563E+08 5.42667E+08 1.90326E+08 5.56917E+06 3.06247E-14 2.08018E-05   204.00 1.00000
 1480.0   8.00340E+08 5.93720E+08 2.00360E+08 6.25969E+06 3.33067E-14 2.25418E-05   204.00 1.00000
 1470.0   8.67881E+08 6.49864E+08 2.10977E+08 7.03989E+06 3.62464E-14 2.44441E-05   204.00 1.00000
 1460.0   9.41772E+08 7.11637E+08 2.22213E+08 7.92195E+06 3.94703E-14 2.65253E-05   204.00 1.00000
 1450.0   1.02266E+09 7.79633E+08 2.34108E+08 8.91976E+06 4.30082E-14 2.88035E-05   204.00 1.00000
 1440.0   1.11127E+09 8.54514E+08 2.46704E+08 1.00492E+07 4.68927E-14 3.12991E-05   204.00 1.00000
 1430.0   1.20839E+09 9.37016E+08 2.60045E+08 1.13284E+07 5.11604E-14 3.40346E-05   204.00 1.00000
 1420.0   1.31492E+09 1.02796E+09 2.74181E+08 1.27780E+07 5.58519E-14 3.70349E-05   204.00 1.00000
 1410.0   1.43183E+09 1.12825E+09 2.89161E+08 1.44219E+07 6.10124E-14 4.03279E-05   204.00 1.00000
 1400.0   1.56024E+09 1.23891E+09 3.05041E+08 1.62872E+07 6.66921E-14 4.39445E-05   204.00 1.00000
 1390.0   1.70135E+09 1.36106E+09 3.21881E+08 1.84051E+07 7.29470E-14 4.79189E-05   204.00 1.00000
 1380.0   1.85652E+09 1.49597E+09 3.39742E+08 2.08111E+07 7.98396E-14 5.22894E-05   204.00 1.00000
 1370.0   2.02728E+09 1.64504E+09 3.58693E+08 2.35464E+07 8.74393E-14 5.70988E-05   204.00 1.00000
 1360.0   2.21530E+09 1.80983E+09 3.78805E+08 2.66579E+07 9.58239E-14 6.23944E-05   204.00 1.00000
 1350.0   2.42246E+09 1.99211E+09 4.00156E+08 3.01997E+07 1.05080E-13 6.82293E-05   204.00 1.00000
 1340.0   2.65088E+09 2.19381E+09 4.22829E+08 3.42339E+07 1.15305E-13 7.46626E-05   204.00 1.00000
 1330.0   2.90288E+09 2.41714E+09 4.46913E+08 3.88318E+07 1.26606E-13 8.17604E-05   204.00 1.00000
 1320.0   3.18110E+09 2.66452E+09 4.72503E+08 4.40759E+07 1.39105E-13 8.95964E-05   204.00 1.00000
 1310.0   3.48846E+09 2.93869E+09 4.99701E+08 5.00607E+07 1.52937E-13 9.82533E-05   204.00 1.00000
 1300.0   3.82824E+09 3.24272E+09 5.28618E+08 5.68956E+07 1.68200E-13 1.07773E-04   204.00 1.00000
 1295.0   4.01148E+09 3.41002E+09 5.40834E+08 6.06326E+07 1.76526E-13 1.12931E-04   204.00 1.00000
 1290.0   4.20430E+09 3.58625E+09 5.53425E+08 6.46289E+07 1.85293E-13 1.18360E-04   204.00 1.00000
 1285.0   4.40724E+09 3.77194E+09 5.66399E+08 6.89035E+07 1.94526E-13 1.24073E-04   204.00 1.00000
 1280.0   4.62086E+09 3.96759E+09 5.79778E+08 7.34763E+07 2.04253E-13 1.30086E-04   204.00 1.00000
 1275.0   4.84576E+09 4.17382E+09 5.93571E+08 7.83693E+07 2.14499E-13 1.36418E-04   204.00 1.00000
 1270.0   5.08258E+09 4.39118E+09 6.07792E+08 8.36057E+07 2.25297E-13 1.43085E-04   204.00 1.00000
 1265.0   5.33200E+09 4.62032E+09 6.22462E+08 8.92110E+07 2.36675E-13 1.50107E-04   204.00 1.00000
 1260.0   5.59473E+09 4.86193E+09 6.37594E+08 9.52122E+07 2.48670E-13 1.57503E-04   204.00 1.00000
 1255.0   5.87149E+09 5.11665E+09 6.53202E+08 1.01637E+08 2.61313E-13 1.65294E-04   204.00 1.00000
 1250.0   6.16311E+09 5.38527E+09 6.69304E+08 1.08519E+08 2.74642E-13 1.73504E-04   204.00 1.00000
 1245.0   6.47043E+09 5.66861E+09 6.85924E+08 1.15890E+08 2.88699E-13 1.82155E-04   204.00 1.00000
 1240.0   6.79435E+09 5.96748E+09 7.03074E+08 1.23786E+08 3.03522E-13 1.91275E-04   204.00 1.00000
 1235.0   7.13582E+09 6.28280E+09 7.20779E+08 1.32248E+08 3.19159E-13 2.00888E-04   204.00 1.00000
 1230.0   7.49587E+09 6.61551E+09 7.39057E+08 1.41316E+08 3.35657E-13 2.11024E-04   204.00 1.00000
 1225.0   7.87555E+09 6.96659E+09 7.57932E+08 1.51036E+08 3.53063E-13 2.21712E-04   204.00 1.00000
 1220.0   8.27602E+09 7.33714E+09 7.77427E+08 1.61458E+08 3.71436E-13 2.32987E-04   204.00 1.00000
 1215.0   8.69849E+09 7.72830E+09 7.97567E+08 1.72632E+08 3.90826E-13 2.44880E-04   204.00 1.00000
 1210.0   9.14422E+09 8.14123E+09 8.18373E+08 1.84615E+08 4.11296E-13 2.57428E-04   204.00 1.00000
 1205.0   9.61455E+09 8.57720E+09 8.39870E+08 1.97470E+08 4.32907E-13 2.70669E-04   204.00 1.00000
 1200.0   1.01109E+10 9.03759E+09 8.62089E+08 2.11259E+08 4.55729E-13 2.84643E-04   204.00 1.00000
 1195.0   1.06349E+10 9.52381E+09 8.85060E+08 2.26054E+08 4.79834E-13 2.99395E-04   204.00 1.00000
 1190.0   1.11882E+10 1.00374E+10 9.08813E+08 2.41934E+08 5.05298E-13 3.14970E-04   204.00 1.00000
 1185.0   1.17724E+10 1.05801E+10 9.33375E+08 2.58976E+08 5.32199E-13 3.31417E-04   204.00 1.00000
 1180.0   1.23894E+10 1.11533E+10 9.58778E+08 2.77270E+08 5.60624E-13 3.48785E-04   204.00 1.00000
 1175.0   1.30411E+10 1.17591E+10 9.85063E+08 2.96912E+08 5.90668E-13 3.67132E-04   204.00 1.00000
 1170.0   1.37296E+10 1.23993E+10 1.01226E+09 3.18005E+08 6.22422E-13 3.86516E-04   204.00 1.00000
 1165.0   1.44571E+10 1.30761E+10 1.04041E+09 3.40658E+08 6.55993E-13 4.06997E-04   204.00 1.00000
 1160.0   1.52260E+10 1.37915E+10 1.06956E+09 3.64991E+08 6.91490E-13 4.28643E-04   204.00 1.00000
 1155.0   1.60388E+10 1.45480E+10 1.09974E+09 3.91136E+08 7.29034E-13 4.51524E-04   204.00 1.00000
 1150.0   1.68981E+10 1.53478E+10 1.13099E+09 4.19223E+08 7.68738E-13 4.75715E-04   204.00 1.00000
 1145.0   1.78066E+10 1.61938E+10 1.16338E+09 4.49409E+08 8.10743E-13 5.01292E-04   204.00 1.00000
 1140.0   1.87675E+10 1.70888E+10 1.19694E+09 4.81855E+08 8.55190E-13 5.28342E-04   204.00 1.00000
 1135.0   1.97839E+10 1.80355E+10 1.23172E+09 5.16733E+08 9.02227E-13 5.56956E-04   204.00 1.00000
 1130.0   2.08591E+10 1.90372E+10 1.26777E+09 5.54224E+08 9.52005E-13 5.87225E-04   204.00 1.00000
 1125.0   2.19968E+10 2.00972E+10 1.30517E+09 5.94544E+08 1.00471E-12 6.19255E-04   204.00 1.00000
 1120.0   2.32009E+10 2.12191E+10 1.34396E+09 6.37901E+08 1.06050E-12 6.53153E-04   204.00 1.00000
 1115.0   2.44755E+10 2.24068E+10 1.38421E+09 6.84537E+08 1.11959E-12 6.89033E-04   204.00 1.00000
 1110.0   2.58247E+10 2.36640E+10 1.42597E+09 7.34699E+08 1.18217E-12 7.27018E-04   204.00 1.00000
 1105.0   2.72534E+10 2.49955E+10 1.46933E+09 7.88671E+08 1.24847E-12 7.67239E-04   204.00 1.00000
 1100.0   2.87665E+10 2.64054E+10 1.51436E+09 8.46739E+08 1.31871E-12 8.09833E-04   204.00 1.00000
 1095.0   3.03692E+10 2.78988E+10 1.56112E+09 9.09230E+08 1.39314E-12 8.54953E-04   204.00 1.00000
 1090.0   3.20670E+10 2.94808E+10 1.60970E+09 9.76482E+08 1.47203E-12 9.02751E-04   204.00 1.00000
 1085.0   3.38662E+10 3.11571E+10 1.66021E+09 1.04887E+09 1.55565E-12 9.53400E-04   204.00 1.00000
 1080.0   3.57729E+10 3.29335E+10 1.71271E+09 1.12681E+09 1.64432E-12 1.00708E-03   204.00 1.00000
 1075.0   3.77939E+10 3.48159E+10 1.76730E+09 1.21072E+09 1.73834E-12 1.06397E-03   204.00 1.00000
 1070.0   3.99366E+10 3.68114E+10 1.82408E+09 1.30106E+09 1.83805E-12 1.12430E-03   204.00 1.00000
 1065.0   4.22087E+10 3.89271E+10 1.88318E+09 1.39835E+09 1.94385E-12 1.18826E-03   204.00 1.00000
 1060.0   4.46183E+10 4.11705E+10 1.94470E+09 1.50315E+09 2.05608E-12 1.25609E-03   204.00 1.00000
 1055.0   4.71743E+10 4.35496E+10 2.00875E+09 1.61602E+09 2.17518E-12 1.32805E-03   204.00 1.00000
 1050.0   4.98861E+10 4.60730E+10 2.07546E+09 1.73760E+09 2.30160E-12 1.40439E-03   204.00 1.00000
 1045.0   5.27634E+10 4.87498E+10 2.14496E+09 1.86859E+09 2.43577E-12 1.48540E-03   204.00 1.00000
 1040.0   5.58175E+10 5.15903E+10 2.21740E+09 2.00973E+09 2.57825E-12 1.57137E-03   204.00 1.00000
 1035.0   5.90593E+10 5.46046E+10 2.29294E+09 2.16182E+09 2.72955E-12 1.66264E-03   204.00 1.00000
 1030.0   6.25012E+10 5.78038E+10 2.37171E+09 2.32571E+09 2.89025E-12 1.75953E-03   204.00 1.00000
 1025.0   6.61561E+10 6.11999E+10 2.45391E+09 2.50235E+09 3.06095E-12 1.86243E-03   204.00 1.00000
 1020.0   7.00380E+10 6.48055E+10 2.53967E+09 2.69273E+09 3.24233E-12 1.97171E-03   204.00 1.00000
 1015.0   7.41620E+10 6.86348E+10 2.62924E+09 2.89797E+09 3.43508E-12 2.08781E-03   204.00 1.00000
 1010.0   7.85438E+10 7.27017E+10 2.72280E+09 3.11922E+09 3.63997E-12 2.21116E-03   204.00 1.00000
 1005.0   8.32001E+10 7.70218E+10 2.82054E+09 3.35776E+09 3.85778E-12 2.34225E-03   204.00 1.00000
 1000.0   8.81495E+10 8.16118E+10 2.92271E+09 3.61496E+09 4.08938E-12 2.48159E-03   204.00 1.00000
  995.0   9.34112E+10 8.64893E+10 3.02954E+09 3.89229E+09 4.33567E-12 2.62971E-03   204.00 1.00000
  990.0   9.90057E+10 9.16731E+10 3.14128E+09 4.19134E+09 4.59766E-12 2.78721E-03   204.00 1.00000
  985.0   1.04956E+11 9.71835E+10 3.25821E+09 4.51385E+09 4.87637E-12 2.95471E-03   204.00 1.00000
  980.0   1.11285E+11 1.03042E+11 3.38062E+09 4.86169E+09 5.17296E-12 3.13288E-03   204.00 1.00000
  975.0   1.18018E+11 1.09272E+11 3.50882E+09 5.23685E+09 5.48860E-12 3.32244E-03   204.00 1.00000
  970.0   1.25183E+11 1.15899E+11 3.64313E+09 5.64153E+09 5.82462E-12 3.52415E-03   204.00 1.00000
  965.0   1.32809E+11 1.22947E+11 3.78389E+09 6.07801E+09 6.18234E-12 3.73884E-03   204.00 1.00000
  960.0   1.40927E+11 1.30447E+11 3.93146E+09 6.54889E+09 6.56327E-12 3.96738E-03   204.00 1.00000
  955.0   1.49570E+11 1.38428E+11 4.08628E+09 7.05689E+09 6.96904E-12 4.21070E-03   204.00 1.00000
  950.0   1.58775E+11 1.46922E+11 4.24875E+09 7.60498E+09 7.40130E-12 4.46984E-03   204.00 1.00000
  945.0   1.68580E+11 1.55964E+11 4.41928E+09 8.19625E+09 7.86183E-12 4.74586E-03   204.00 1.00000
  940.0   1.79026E+11 1.65593E+11 4.59841E+09 8.83430E+09 8.35270E-12 5.03993E-03   204.00 1.00000
  935.0   1.90155E+11 1.75846E+11 4.78660E+09 9.52269E+09 8.87587E-12 5.35326E-03   204.00 1.00000
  930.0   2.02017E+11 1.86768E+11 4.98440E+09 1.02655E+10 9.43364E-12 5.68719E-03   204.00 1.00000
  925.0   2.14662E+11 1.98402E+11 5.19239E+09 1.10670E+10 1.00283E-11 6.04316E-03   204.00 1.00000
  920.0   2.28179E+11 2.10833E+11 5.41204E+09 1.19338E+10 1.06644E-11 6.42274E-03   203.97 1.00000
  915.0   2.42634E+11 2.24119E+11 5.64416E+09 1.28715E+10 1.13447E-11 6.82762E-03   203.91 1.00000
  910.0   2.58087E+11 2.38313E+11 5.88929E+09 1.38852E+10 1.20722E-11 7.25962E-03   203.83 1.00000
  905.0   2.74629E+11 2.53497E+11 6.14868E+09 1.49824E+10 1.28512E-11 7.72073E-03   203.72 1.00000
  900.0   2.92343E+11 2.69749E+11 6.42334E+09 1.61702E+10 1.36856E-11 8.21310E-03   203.58 1.00000
  895.0   3.11324E+11 2.87152E+11 6.71439E+09 1.74565E+10 1.45800E-11 8.73904E-03   203.41 1.00000
  890.0   3.31657E+11 3.05785E+11 7.02271E+09 1.88493E+10 1.55383E-11 9.30110E-03   203.22 1.00000
  885.0   3.53482E+11 3.25771E+11 7.35026E+09 2.03594E+10 1.65673E-11 9.90194E-03   202.99 1.00000
  880.0   3.76866E+11 3.47175E+11 7.69738E+09 2.19943E+10 1.76701E-11 1.05445E-02   202.75 1.00000
  875.0   4.01995E+11 3.70160E+11 8.06669E+09 2.37683E+10 1.88554E-11 1.12321E-02   202.47 1.00000
  870.0   4.28968E+11 3.94818E+11 8.45907E+09 2.56915E+10 2.01282E-11 1.19680E-02   202.17 1.00000
  865.0   4.57941E+11 4.21287E+11 8.87631E+09 2.77771E+10 2.14956E-11 1.27561E-02   201.85 1.00000
  860.0   4.89096E+11 4.49734E+11 9.32071E+09 3.00408E+10 2.29664E-11 1.36003E-02   201.50 1.00000
  855.0   5.22594E+11 4.80302E+11 9.79388E+09 3.24975E+10 2.45482E-11 1.45051E-02   201.13 1.00000
  850.0   5.58659E+11 5.13194E+11 1.02988E+10 3.51662E+10 2.62517E-11 1.54753E-02   200.73 1.00000
  845.0   5.97513E+11 5.48609E+11 1.08378E+10 3.80664E+10 2.80873E-11 1.65161E-02   200.30 1.00000
  840.0   6.39331E+11 5.86703E+11 1.14126E+10 4.12155E+10 3.00634E-11 1.76332E-02   199.86 1.00000
  835.0   6.84432E+11 6.27764E+11 1.20271E+10 4.46404E+10 3.21953E-11 1.88327E-02   199.39 1.00000
  830.0   7.33068E+11 6.72019E+11 1.26843E+10 4.83644E+10 3.44947E-11 2.01214E-02   198.90 1.00000
  825.0   7.85583E+11 7.19777E+11 1.33880E+10 5.24179E+10 3.69782E-11 2.15065E-02   198.38 1.00000
  820.0   8.42241E+11 7.71273E+11 1.41408E+10 5.68260E+10 3.96580E-11 2.29960E-02   197.85 1.00000
  815.0   9.03500E+11 8.26922E+11 1.49484E+10 6.16287E+10 4.25562E-11 2.45987E-02   197.29 1.00000
  810.0   9.69717E+11 8.87040E+11 1.58145E+10 6.68593E+10 4.56896E-11 2.63239E-02   196.71 1.00000
  805.0   1.04130E+12 9.51998E+11 1.67435E+10 7.25561E+10 4.90777E-11 2.81822E-02   196.12 1.00000
  800.0   1.11882E+12 1.02231E+12 1.77423E+10 7.87700E+10 5.27480E-11 3.01847E-02   195.50 1.00000
  795.0   1.20280E+12 1.09843E+12 1.88163E+10 8.55478E+10 5.67242E-11 3.23441E-02   194.86 1.00000
  790.0   1.29382E+12 1.18090E+12 1.99720E+10 9.29431E+10 6.10346E-11 3.46737E-02   194.20 1.00000
  785.0   1.39253E+12 1.27030E+12 2.12169E+10 1.01019E+11 6.57111E-11 3.71887E-02   193.52 1.00000
  780.0   1.49960E+12 1.36721E+12 2.25575E+10 1.09834E+11 7.07835E-11 3.99051E-02   192.83 1.00000
  775.0   1.61587E+12 1.47240E+12 2.40038E+10 1.19468E+11 7.62933E-11 4.28408E-02   192.12 1.00000
  770.0   1.74223E+12 1.58666E+12 2.55655E+10 1.30001E+11 8.22824E-11 4.60154E-02   191.39 1.00000
  765.0   1.87956E+12 1.71079E+12 2.72518E+10 1.41518E+11 8.87923E-11 4.94505E-02   190.65 1.00000
  760.0   2.02901E+12 1.84580E+12 2.90756E+10 1.54125E+11 9.58780E-11 5.31698E-02   189.89 1.00000
  755.0   2.19166E+12 1.99269E+12 3.10485E+10 1.67923E+11 1.03591E-10 5.71990E-02   189.12 1.00000
  750.0   2.36892E+12 2.15269E+12 3.31860E+10 1.83042E+11 1.11998E-10 6.15670E-02   188.33 1.00000
  745.0   2.56210E+12 2.32699E+12 3.55019E+10 1.99609E+11 1.21163E-10 6.63050E-02   187.53 1.00000
  740.0   2.77282E+12 2.51703E+12 3.80136E+10 2.17772E+11 1.31160E-10 7.14482E-02   186.72 1.00000
  735.0   3.00279E+12 2.72435E+12 4.07399E+10 2.37697E+11 1.42072E-10 7.70341E-02   185.90 1.00000
  730.0   3.25397E+12 2.95070E+12 4.37014E+10 2.59566E+11 1.53993E-10 8.31052E-02   185.07 1.00000
  725.0   3.52850E+12 3.19800E+12 4.69214E+10 2.83582E+11 1.67024E-10 8.97077E-02   184.23 1.00000
  720.0   3.82880E+12 3.46840E+12 5.04259E+10 3.09974E+11 1.81281E-10 9.68933E-02   183.38 1.00000
  715.0   4.15728E+12 3.76407E+12 5.42396E+10 3.38975E+11 1.96877E-10 1.04718E-01   182.53 1.00000
  710.0   4.51709E+12 4.08781E+12 5.83969E+10 3.70877E+11 2.13962E-10 1.13245E-01   181.67 1.00000
  705.0   4.91152E+12 4.44259E+12 6.29332E+10 4.05999E+11 2.32695E-10 1.22544E-01   180.80 1.00000
  700.0   5.34359E+12 4.83108E+12 6.78781E+10 4.44633E+11 2.53218E-10 1.32691E-01   179.94 1.00000
  695.0   5.81789E+12 5.25738E+12 7.32827E+10 4.87208E+11 2.75748E-10 1.43770E-01   179.07 1.00000
  690.0   6.33824E+12 5.72497E+12 7.91861E+10 5.34107E+11 3.00473E-10 1.55876E-01   178.21 1.00000
  685.0   6.90978E+12 6.23833E+12 8.56418E+10 5.85809E+11 3.27629E-10 1.69112E-01   177.35 1.00000
  680.0   7.53805E+12 6.80248E+12 9.27086E+10 6.42847E+11 3.57486E-10 1.83594E-01   176.49 1.00000
  675.0   8.22868E+12 7.42248E+12 1.00445E+11 7.05776E+11 3.90310E-10 1.99449E-01   175.64 1.00000
  670.0   8.98832E+12 8.10418E+12 1.08921E+11 7.75223E+11 4.26417E-10 2.16820E-01   174.80 1.00000
  665.0   9.82434E+12 8.85418E+12 1.18212E+11 8.51915E+11 4.66159E-10 2.35861E-01   173.97 1.00000
  660.0   1.07450E+13 9.67999E+12 1.28407E+11 9.36651E+11 5.09933E-10 2.56749E-01   173.15 1.00000
  655.0   1.17588E+13 1.05890E+13 1.39591E+11 1.03024E+12 5.58135E-10 2.79675E-01   172.35 1.00000
  650.0   1.28757E+13 1.15902E+13 1.51868E+11 1.13368E+12 6.11249E-10 3.04854E-01   171.57 1.00000
  645.0   1.41076E+13 1.26942E+13 1.65362E+11 1.24809E+12 6.69832E-10 3.32522E-01   170.80 1.00000
  640.0   1.54654E+13 1.39106E+13 1.80184E+11 1.37456E+12 7.34408E-10 3.62946E-01   170.06 1.00000
  635.0   1.69623E+13 1.52515E+13 1.96472E+11 1.51438E+12 8.05612E-10 3.96415E-01   169.35 1.00000
  630.0   1.86133E+13 1.67300E+13 2.14376E+11 1.66901E+12 8.84149E-10 4.33252E-01   168.67 1.00000
  625.0   2.04348E+13 1.83607E+13 2.34068E+11 1.84005E+12 9.70802E-10 4.73816E-01   168.02 1.00000
  620.0   2.24450E+13 2.01599E+13 2.55735E+11 2.02929E+12 1.06644E-09 5.18505E-01   167.40 1.00000
  615.0   2.46611E+13 2.21431E+13 2.79549E+11 2.23845E+12 1.17189E-09 5.67761E-01   166.83 1.00000
  610.0   2.71077E+13 2.43320E+13 3.05764E+11 2.46989E+12 1.28831E-09 6.22068E-01   166.29 1.00000
  605.0   2.98038E+13 2.67437E+13 3.34571E+11 2.72555E+12 1.41662E-09 6.81964E-01   165.81 1.00000
  600.0   3.27787E+13 2.94041E+13 3.66270E+11 3.00826E+12 1.55820E-09 7.48044E-01   165.37 1.00000
  595.0   3.60569E+13 3.23353E+13 4.01108E+11 3.32050E+12 1.71423E-09 8.20967E-01   164.99 1.00000
  590.0   3.96713E+13 3.55664E+13 4.39419E+11 3.66547E+12 1.88628E-09 9.01455E-01   164.66 1.00000
  585.0   4.36500E+13 3.91225E+13 4.81485E+11 4.04599E+12 2.07568E-09 9.90297E-01   164.40 1.00000
  580.0   4.80316E+13 4.30377E+13 5.27694E+11 4.46590E+12 2.28427E-09 1.08838E+00   164.20 1.00000
  575.0   5.28552E+13 4.73479E+13 5.78454E+11 4.92903E+12 2.51392E-09 1.19666E+00   164.06 1.00000
  570.0   5.81564E+13 5.20834E+13 6.34104E+11 5.43903E+12 2.76633E-09 1.31620E+00   164.00 1.00000
  565.0   6.39749E+13 5.72802E+13 6.95045E+11 5.99977E+12 3.04338E-09 1.44815E+00   164.03 1.00000
  560.0   7.03512E+13 6.29740E+13 7.61677E+11 6.61534E+12 3.34699E-09 1.59374E+00   164.16 1.00000
  555.0   7.73271E+13 6.92027E+13 8.34424E+11 7.29004E+12 3.67919E-09 1.75434E+00   164.40 1.00000
  550.0   8.49560E+13 7.60129E+13 9.13804E+11 8.02906E+12 4.04250E-09 1.93140E+00   164.74 1.00000
  545.0   9.32897E+13 8.34514E+13 1.00035E+12 8.83773E+12 4.43941E-09 2.12652E+00   165.18 1.00000
  540.0   1.02382E+14 9.15665E+13 1.09460E+12 9.72140E+12 4.87251E-09 2.34142E+00   165.72 1.00000
  535.0   1.12306E+14 1.00422E+14 1.19727E+12 1.06873E+13 5.34518E-09 2.57799E+00   166.34 1.00000
  530.0   1.23127E+14 1.10077E+14 1.30903E+12 1.17419E+13 5.86061E-09 2.83827E+00   167.04 1.00000
  525.0   1.34914E+14 1.20591E+14 1.43055E+12 1.28923E+13 6.42208E-09 3.12450E+00   167.82 1.00000
  520.0   1.47749E+14 1.32040E+14 1.56267E+12 1.41465E+13 7.03351E-09 3.43909E+00   168.67 1.00000
  515.0   1.61722E+14 1.44502E+14 1.70628E+12 1.55137E+13 7.69918E-09 3.78463E+00   169.58 1.00000
  510.0   1.76922E+14 1.58057E+14 1.86227E+12 1.70025E+13 8.42330E-09 4.16401E+00   170.55 1.00000
  505.0   1.93440E+14 1.72786E+14 2.03156E+12 1.86224E+13 9.21031E-09 4.58029E+00   171.58 1.00000
  500.0   2.11403E+14 1.88802E+14 2.21542E+12 2.03859E+13 1.00662E-08 5.03683E+00   172.65 1.00000
  495.0   2.30911E+14 2.06194E+14 2.41483E+12 2.23029E+13 1.09957E-08 5.53731E+00   173.77 1.00000
  490.0   2.52109E+14 2.25090E+14 2.63127E+12 2.43879E+13 1.20057E-08 6.08566E+00   174.92 1.00000
  485.0   2.75115E+14 2.45596E+14 2.86589E+12 2.66529E+13 1.31019E-08 6.68617E+00   176.11 1.00000
  480.0   3.00102E+14 2.67865E+14 3.12042E+12 2.91147E+13 1.42925E-08 7.34354E+00   177.32 1.00000
  475.0   3.27207E+14 2.92023E+14 3.39631E+12 3.17878E+13 1.55842E-08 8.06281E+00   178.56 1.00000
  470.0   3.56637E+14 3.18247E+14 3.69552E+12 3.46923E+13 1.69866E-08 8.84951E+00   179.81 1.00000
  465.0   3.88557E+14 3.46690E+14 4.01975E+12 3.78448E+13 1.85077E-08 9.70966E+00   181.08 1.00000
  460.0   4.23187E+14 3.77548E+14 4.37125E+12 4.12674E+13 2.01581E-08 1.06498E+01   182.36 1.00000
  455.0   4.60768E+14 4.11031E+14 4.75238E+12 4.49840E+13 2.19491E-08 1.16769E+01   183.64 1.00000
  450.0   5.01545E+14 4.47360E+14 5.16558E+12 4.90190E+13 2.38925E-08 1.27989E+01   184.92 1.00000
  445.0   5.45778E+14 4.86765E+14 5.61347E+12 5.33985E+13 2.60006E-08 1.40241E+01   186.20 1.00000
  440.0   5.93780E+14 5.29526E+14 6.09922E+12 5.81539E+13 2.82884E-08 1.53616E+01   187.47 1.00000
  435.0   6.45834E+14 5.75897E+14 6.62564E+12 6.33134E+13 3.07692E-08 1.68215E+01   188.74 1.00000
  430.0   7.02344E+14 6.26230E+14 7.19675E+12 6.89173E+13 3.34625E-08 1.84145E+01   189.99 1.00000
  425.0   7.63694E+14 6.80874E+14 7.81644E+12 7.50039E+13 3.63867E-08 2.01526E+01   191.22 1.00000
  420.0   8.30298E+14 7.40193E+14 8.48880E+12 8.16143E+13 3.95612E-08 2.20488E+01   192.43 1.00000
  415.0   9.02606E+14 8.04594E+14 9.21840E+12 8.87940E+13 4.30077E-08 2.41172E+01   193.62 1.00000
  410.0   9.81162E+14 8.74554E+14 1.00107E+13 9.65970E+13 4.67519E-08 2.63733E+01   194.78 1.00000
  405.0   1.06646E+15 9.50517E+14 1.08706E+13 1.05073E+14 5.08178E-08 2.88339E+01   195.92 1.00000
  400.0   1.15921E+15 1.03311E+15 1.18051E+13 1.14292E+14 5.52386E-08 3.15175E+01   197.02 1.00000
  395.0   1.26002E+15 1.12288E+15 1.28205E+13 1.24316E+14 6.00437E-08 3.44444E+01   198.09 1.00000
  390.0   1.36975E+15 1.22059E+15 1.39253E+13 1.35230E+14 6.52740E-08 3.76367E+01   199.11 1.00000
  385.0   1.48907E+15 1.32684E+15 1.51263E+13 1.47102E+14 7.09619E-08 4.11189E+01   200.10 1.00000
  380.0   1.61895E+15 1.44249E+15 1.64331E+13 1.60027E+14 7.71529E-08 4.49177E+01   201.05 1.00000
  375.0   1.76045E+15 1.56848E+15 1.78563E+13 1.74112E+14 8.38977E-08 4.90621E+01   201.95 1.00000
  370.0   1.91466E+15 1.70579E+15 1.94070E+13 1.89466E+14 9.12487E-08 5.35844E+01   202.80 1.00000
  365.0   2.08281E+15 1.85551E+15 2.10974E+13 2.06214E+14 9.92646E-08 5.85203E+01   203.60 1.00000
  360.0   2.26624E+15 2.01882E+15 2.29409E+13 2.24484E+14 1.08008E-07 6.39088E+01   204.35 1.00000
  355.0   2.46694E+15 2.19748E+15 2.49572E+13 2.44477E+14 1.17575E-07 6.97933E+01   205.01 1.00000
  350.0   2.69025E+15 2.39631E+15 2.72008E+13 2.66727E+14 1.28220E-07 7.62265E+01   205.32 1.00000
  345.0   2.93516E+15 2.61436E+15 2.96609E+13 2.91134E+14 1.39895E-07 8.32678E+01   205.57 1.00000
  340.0   3.20401E+15 2.85373E+15 3.23606E+13 3.17932E+14 1.52711E-07 9.09793E+01   205.76 1.00000
  335.0   3.49914E+15 3.11645E+15 3.53236E+13 3.47351E+14 1.66779E-07 9.94273E+01   205.90 1.00000
  330.0   3.82336E+15 3.40511E+15 3.85784E+13 3.79677E+14 1.82235E-07 1.08688E+02   205.99 1.00000
  325.0   4.18005E+15 3.72266E+15 4.21583E+13 4.15245E+14 1.99239E-07 1.18845E+02   206.03 1.00000
  320.0   4.57231E+15 4.07186E+15 4.60946E+13 4.54366E+14 2.17939E-07 1.29991E+02   206.01 1.00000
  315.0   5.00450E+15 4.45660E+15 5.04306E+13 4.97471E+14 2.38542E-07 1.42229E+02   205.94 1.00000
  310.0   5.48082E+15 4.88063E+15 5.52090E+13 5.44988E+14 2.61249E-07 1.55674E+02   205.82 1.00000
  305.0   6.00594E+15 5.34810E+15 6.04759E+13 5.97377E+14 2.86282E-07 1.70454E+02   205.66 1.00000
  300.0   6.58564E+15 5.86414E+15 6.62894E+13 6.55218E+14 3.13917E-07 1.86713E+02   205.45 1.00000
  295.0   7.22618E+15 6.43432E+15 7.27122E+13 7.19134E+14 3.44452E-07 2.04609E+02   205.18 1.00000
  290.0   7.93415E+15 7.06455E+15 7.98105E+13 7.89789E+14 3.78202E-07 2.24321E+02   204.88 1.00000
  285.0   8.71780E+15 7.76212E+15 8.76662E+13 8.68002E+14 4.15560E-07 2.46048E+02   204.52 1.00000
  280.0   9.58505E+15 8.53414E+15 9.63592E+13 9.54569E+14 4.56905E-07 2.70011E+02   204.13 1.00000
  275.0   1.05467E+16 9.39018E+15 1.05998E+14 1.05057E+15 5.02750E-07 2.96463E+02   203.69 1.00000
  270.0   1.16136E+16 1.03398E+16 1.16689E+14 1.15708E+15 5.53610E-07 3.25681E+02   203.21 1.00000
  265.0   1.27983E+16 1.13944E+16 1.28560E+14 1.27536E+15 6.10086E-07 3.57981E+02   202.69 1.00000
  260.0   1.41151E+16 1.25665E+16 1.41754E+14 1.40684E+15 6.72865E-07 3.93718E+02   202.13 1.00000
  255.0   1.55803E+16 1.38707E+16 1.56433E+14 1.55315E+15 7.42716E-07 4.33286E+02   201.52 1.00000
  250.0   1.72115E+16 1.53228E+16 1.72775E+14 1.71605E+15 8.20483E-07 4.77135E+02   200.88 1.00000
  245.0   1.90301E+16 1.69415E+16 1.90991E+14 1.89768E+15 9.07180E-07 5.25768E+02   200.20 1.00000
  240.0   2.10601E+16 1.87483E+16 2.11323E+14 2.10042E+15 1.00395E-06 5.79757E+02   199.48 1.00000
  235.0   2.33271E+16 2.07661E+16 2.34027E+14 2.32685E+15 1.11203E-06 6.39742E+02   198.73 1.00000
  230.0   2.58618E+16 2.30223E+16 2.59410E+14 2.58004E+15 1.23286E-06 7.06455E+02   197.95 1.00000
  225.0   2.86988E+16 2.55474E+16 2.87819E+14 2.86343E+15 1.36811E-06 7.80716E+02   197.13 1.00000
  220.0   3.18794E+16 2.83785E+16 3.19666E+14 3.18116E+15 1.51974E-06 8.63461E+02   196.27 1.00000
  215.0   3.54460E+16 3.15532E+16 3.55378E+14 3.53750E+15 1.68979E-06 9.55753E+02   195.39 1.00000
  210.0   3.94541E+16 3.51205E+16 3.95506E+14 3.93791E+15 1.88086E-06 1.05879E+03   194.47 1.00000
  205.0   4.39592E+16 3.91306E+16 4.40607E+14 4.38803E+15 2.09564E-06 1.17395E+03   193.52 1.00000
  200.0   4.90292E+16 4.36432E+16 4.91361E+14 4.89461E+15 2.33734E-06 1.30280E+03   192.55 1.00000
  198.0   5.12353E+16 4.56067E+16 5.13446E+14 5.11504E+15 2.44251E-06 1.35856E+03   192.15 1.00000
  196.0   5.35459E+16 4.76634E+16 5.36575E+14 5.34592E+15 2.55267E-06 1.41691E+03   191.75 1.00000
  194.0   5.59754E+16 4.98259E+16 5.60896E+14 5.58869E+15 2.66850E-06 1.47799E+03   191.34 1.00000
  192.0   5.85214E+16 5.20919E+16 5.86379E+14 5.84308E+15 2.78987E-06 1.54194E+03   190.93 1.00000
  190.0   6.11960E+16 5.44725E+16 6.13151E+14 6.11035E+15 2.91738E-06 1.60890E+03   190.52 1.00000
  188.0   6.40036E+16 5.69714E+16 6.41254E+14 6.39091E+15 3.05123E-06 1.67904E+03   190.10 1.00001
  186.0   6.69541E+16 5.95976E+16 6.70786E+14 6.68574E+15 3.19189E-06 1.75250E+03   189.67 1.00001
  184.0   7.00487E+16 6.23520E+16 7.01759E+14 6.99500E+15 3.33943E-06 1.82946E+03   189.25 1.00001
  182.0   7.33064E+16 6.52515E+16 7.34366E+14 7.32055E+15 3.49474E-06 1.91011E+03   188.82 1.00001
  180.0   7.67243E+16 6.82936E+16 7.68573E+14 7.66210E+15 3.65767E-06 1.99464E+03   188.39 1.00001
  178.0   8.03196E+16 7.14937E+16 8.04556E+14 8.02139E+15 3.82908E-06 2.08325E+03   187.95 1.00001
  176.0   8.40978E+16 7.48565E+16 8.42371E+14 8.39898E+15 4.00920E-06 2.17614E+03   187.51 1.00001
  174.0   8.80695E+16 7.83915E+16 8.82120E+14 8.79589E+15 4.19855E-06 2.27357E+03   187.07 1.00001
  172.0   9.22494E+16 8.21119E+16 9.23952E+14 9.21363E+15 4.39782E-06 2.37575E+03   186.62 1.00001
  170.0   9.66455E+16 8.60246E+16 9.67948E+14 9.65297E+15 4.60741E-06 2.48295E+03   186.17 1.00001
  168.0   1.01269E+17 9.01397E+16 1.01422E+15 1.01150E+16 4.82783E-06 2.59543E+03   185.72 1.00001
  166.0   1.06133E+17 9.44689E+16 1.06289E+15 1.06011E+16 5.05970E-06 2.71348E+03   185.27 1.00001
  164.0   1.11257E+17 9.90298E+16 1.11417E+15 1.11133E+16 5.30400E-06 2.83739E+03   184.81 1.00001
  162.0   1.16650E+17 1.03830E+17 1.16814E+15 1.16523E+16 5.56110E-06 2.96748E+03   184.34 1.00001
  160.0   1.22328E+17 1.08883E+17 1.22496E+15 1.22198E+16 5.83180E-06 3.10410E+03   183.88 1.00001
  158.0   1.28306E+17 1.14204E+17 1.28478E+15 1.28172E+16 6.11678E-06 3.24759E+03   183.42 1.00001
  156.0   1.34602E+17 1.19807E+17 1.34778E+15 1.34465E+16 6.41693E-06 3.39832E+03   182.95 1.00001
  154.0   1.41241E+17 1.25717E+17 1.41421E+15 1.41101E+16 6.73345E-06 3.55670E+03   182.48 1.00001
  152.0   1.48229E+17 1.31937E+17 1.48414E+15 1.48086E+16 7.06664E-06 3.72315E+03   182.01 1.00001
  150.0   1.55602E+17 1.38485E+17 1.55602E+15 1.55602E+16 7.41833E-06 3.89812E+03   181.54 1.00001
  148.0   1.63405E+17 1.45432E+17 1.63405E+15 1.63405E+16 7.79042E-06 4.08210E+03   181.03 1.00001
  146.0   1.72458E+17 1.53487E+17 1.72458E+15 1.72458E+16 8.22193E-06 4.27608E+03   179.68 1.00002
  144.0   1.80237E+17 1.60410E+17 1.80237E+15 1.80237E+16 8.59279E-06 4.48011E+03   180.12 1.00002
  142.0   1.90518E+17 1.69561E+17 1.90518E+15 1.90518E+16 9.08298E-06 4.69486E+03   178.57 1.00002
  140.0   2.00780E+17 1.78694E+17 2.00780E+15 2.00780E+16 9.57223E-06 4.92186E+03   177.64 1.00002
  138.0   2.11032E+17 1.87820E+17 2.11032E+15 2.11032E+16 1.00610E-05 5.16111E+03   177.22 1.00002
  136.0   2.22507E+17 1.98031E+17 2.22507E+15 2.22507E+16 1.06081E-05 5.41333E+03   176.30 1.00002
  134.0   2.33966E+17 2.08230E+17 2.33966E+15 2.33966E+16 1.11544E-05 5.67932E+03   175.90 1.00002
  132.0   2.46637E+17 2.19507E+17 2.46637E+15 2.46637E+16 1.17585E-05 5.95978E+03   175.11 1.00002
  130.0   2.59298E+17 2.30776E+17 2.59298E+15 2.59298E+16 1.23621E-05 6.25544E+03   174.82 1.00002
  128.0   2.74409E+17 2.44224E+17 2.74409E+15 2.74409E+16 1.30825E-05 6.56778E+03   173.44 1.00003
  126.0   2.90730E+17 2.58750E+17 2.90730E+15 2.90730E+16 1.38606E-05 6.89902E+03   171.96 1.00003
  124.0   3.06999E+17 2.73230E+17 3.06999E+15 3.06999E+16 1.46363E-05 7.24988E+03   171.13 1.00003
  122.0   3.25704E+17 2.89876E+17 3.25704E+15 3.25704E+16 1.55279E-05 7.62180E+03   169.58 1.00003
  120.0   3.44357E+17 3.06478E+17 3.44357E+15 3.44357E+16 1.64173E-05 8.01629E+03   168.69 1.00003
  118.0   3.64215E+17 3.24151E+17 3.64215E+15 3.64215E+16 1.73640E-05 8.43407E+03   167.81 1.00004
  116.0   3.85222E+17 3.42848E+17 3.85222E+15 3.85222E+16 1.83656E-05 8.87660E+03   166.98 1.00004
  114.0   4.07439E+17 3.62620E+17 4.07439E+15 4.07439E+16 1.94248E-05 9.34539E+03   166.22 1.00004
  112.0   4.32020E+17 3.84498E+17 4.32020E+15 4.32020E+16 2.05967E-05 9.84252E+03   165.10 1.00004
  110.0   4.57761E+17 4.07407E+17 4.57761E+15 4.57761E+16 2.18238E-05 1.03702E+04   164.17 1.00005
  108.0   4.84658E+17 4.31346E+17 4.84658E+15 4.84658E+16 2.31062E-05 1.09300E+04   163.43 1.00005
  106.0   5.13930E+17 4.57397E+17 5.13930E+15 5.13930E+16 2.45017E-05 1.15241E+04   162.50 1.00005
  104.0   5.47918E+17 4.87648E+17 5.47918E+15 5.47918E+16 2.61221E-05 1.21566E+04   160.78 1.00006
  102.0   5.83029E+17 5.18896E+17 5.83029E+15 5.83029E+16 2.77960E-05 1.28314E+04   159.49 1.00006
  100.0   6.21648E+17 5.53267E+17 6.21648E+15 6.21648E+16 2.96372E-05 1.35511E+04   157.97 1.00007
   98.0   6.62561E+17 5.89680E+17 6.62561E+15 6.62561E+16 3.15877E-05 1.43196E+04   156.62 1.00007
   96.0   7.06953E+17 6.29188E+17 7.06953E+15 7.06953E+16 3.37042E-05 1.51403E+04   155.20 1.00008
   94.0   7.57122E+17 6.73838E+17 7.57122E+15 7.57122E+16 3.60959E-05 1.60190E+04   153.33 1.00009
   92.0   8.13057E+17 7.23621E+17 8.13057E+15 8.13057E+16 3.87627E-05 1.69627E+04   151.19 1.00010
   90.0   8.70078E+17 7.74369E+17 8.70079E+15 8.70079E+16 4.14811E-05 1.79759E+04   149.73 1.00011
   88.0   9.28204E+17 8.26103E+17 9.28204E+15 9.28204E+16 4.42523E-05 1.90601E+04   148.82 1.00011
   86.0   1.00011E+18 8.90098E+17 1.00011E+16 1.00011E+17 4.76805E-05 2.02243E+04   146.55 1.00013
   84.0   1.08462E+18 9.65316E+17 1.08462E+16 1.08462E+17 5.17097E-05 2.14846E+04   143.56 1.00014
   82.0   1.18149E+18 1.05153E+18 1.18149E+16 1.18149E+17 5.63278E-05 2.28566E+04   140.21 1.00016
   80.0   1.28732E+18 1.14571E+18 1.28732E+16 1.28732E+17 6.13731E-05 2.43534E+04   137.11 1.00018
   78.0   1.40994E+18 1.25484E+18 1.40994E+16 1.40994E+17 6.72192E-05 2.59912E+04   133.61 1.00021
   76.0   1.54467E+18 1.37476E+18 1.54467E+16 1.54467E+17 7.36427E-05 2.77882E+04   130.39 1.00024
   74.0   1.69722E+18 1.51052E+18 1.69722E+16 1.69722E+17 8.09151E-05 2.97624E+04   127.11 1.00027
   72.0   1.89727E+18 1.68857E+18 1.89727E+16 1.89727E+17 9.04529E-05 3.19542E+04   122.09 1.00033
   70.0   2.15760E+18 1.92027E+18 2.15760E+16 2.15760E+17 1.02864E-04 3.44295E+04   115.68 1.00041
   68.0   2.46255E+18 2.19167E+18 2.46255E+16 2.46255E+17 1.17402E-04 3.72538E+04   109.68 1.00052
   66.0   2.87550E+18 2.55920E+18 2.87550E+16 2.87550E+17 1.37091E-04 4.05202E+04   102.18 1.00068
   64.0   3.38687E+18 3.01432E+18 3.38687E+16 3.38687E+17 1.61469E-04 4.43571E+04    94.99 1.00091
   62.0   3.95245E+18 3.51768E+18 3.95245E+16 3.95245E+17 1.88434E-04 4.88614E+04    89.69 1.00118
   60.0   4.55230E+18 4.05154E+18 4.55231E+16 4.55230E+17 2.17032E-04 5.40907E+04    86.23 1.00145
   58.0   5.22707E+18 4.65209E+18 5.22707E+16 5.22707E+17 2.49201E-04 6.01134E+04    83.48 1.00177
   56.0   5.96767E+18 5.31123E+18 5.96767E+16 5.96767E+17 2.84510E-04 6.70187E+04    81.55 1.00210
   54.0   6.77418E+18 6.02903E+18 6.77418E+16 6.77418E+17 3.22960E-04 7.48929E+04    80.31 1.00245
   52.0   7.67317E+18 6.82912E+18 7.67317E+16 7.67317E+17 3.65820E-04 8.38339E+04    79.40 1.00284
   50.0   8.68799E+18 7.73231E+18 8.68799E+16 8.68799E+17 4.14202E-04 9.39752E+04    78.64 1.00327
   48.0   9.83323E+18 8.75157E+18 9.83323E+16 9.83323E+17 4.68801E-04 1.05474E+05    78.02 1.00375
   46.0   1.11365E+19 9.91152E+18 1.11365E+17 1.11365E+18 5.30936E-04 1.18512E+05    77.45 1.00431
   44.0   1.26129E+19 1.12255E+19 1.26129E+17 1.26129E+18 6.01323E-04 1.33302E+05    76.96 1.00494
   42.0   1.43257E+19 1.27498E+19 1.43257E+17 1.43257E+18 6.82979E-04 1.50101E+05    76.36 1.00570
   40.0   1.62435E+19 1.44568E+19 1.62435E+17 1.62435E+18 7.74414E-04 1.69194E+05    75.97 1.00653
   38.0   1.82765E+19 1.62661E+19 1.82765E+17 1.82765E+18 8.71339E-04 1.90792E+05    76.20 1.00732
   36.0   2.05526E+19 1.82918E+19 2.05526E+17 2.05526E+18 9.79852E-04 2.15127E+05    76.47 1.00819
   34.0   2.31181E+19 2.05751E+19 2.31181E+17 2.31181E+18 1.10217E-03 2.42534E+05    76.72 1.00918
   32.0   2.59503E+19 2.30957E+19 2.59503E+17 2.59503E+18 1.23718E-03 2.73382E+05    77.12 1.01023
   30.0   2.90628E+19 2.58659E+19 2.90628E+17 2.90628E+18 1.38557E-03 3.08017E+05    77.67 1.01133
   28.0   3.25192E+19 2.89421E+19 3.25192E+17 3.25192E+18 1.55036E-03 3.46854E+05    78.26 1.01254
   26.0   3.62709E+19 3.22811E+19 3.62708E+17 3.62709E+18 1.72922E-03 3.90301E+05    79.05 1.01377
   24.0   4.03747E+19 3.59335E+19 4.03747E+17 4.03747E+18 1.92487E-03 4.38791E+05    79.94 1.01507
   22.0   4.47749E+19 3.98496E+19 4.47749E+17 4.47749E+18 2.13465E-03 4.92748E+05    81.05 1.01635
   20.0   4.98021E+19 4.43238E+19 4.98021E+17 4.98021E+18 2.37432E-03 5.52765E+05    81.87 1.01791
   18.0   5.50806E+19 4.90217E+19 5.50806E+17 5.50806E+18 2.62598E-03 6.19433E+05    83.07 1.01936
   16.0   6.07625E+19 5.40787E+19 6.07625E+17 6.07625E+18 2.89687E-03 6.93190E+05    84.39 1.02083
   14.0   6.69320E+19 5.95695E+19 6.69320E+17 6.69320E+18 3.19100E-03 7.74616E+05    85.74 1.02238
   12.0   7.36037E+19 6.55073E+19 7.36037E+17 7.36037E+18 3.50907E-03 8.64377E+05    87.14 1.02398
   10.0   8.07620E+19 7.18782E+19 8.07620E+17 8.07620E+18 3.85035E-03 9.63122E+05    88.63 1.02562
    8.0   8.82196E+19 7.85154E+19 8.82196E+17 8.82196E+18 4.20589E-03 1.07139E+06    90.39 1.02711
    6.0   9.61942E+19 8.56128E+19 9.61942E+17 9.61942E+18 4.58607E-03 1.18974E+06    92.19 1.02863
    5.0   1.00328E+20 8.92920E+19 1.00328E+18 1.00328E+19 4.78317E-03 1.25291E+06    93.15 1.02936
    4.0   1.04779E+20 9.32536E+19 1.04779E+18 1.04779E+19 4.99538E-03 1.31888E+06    93.97 1.03024
    3.0   1.09037E+20 9.70431E+19 1.09037E+18 1.09037E+19 5.19838E-03 1.38769E+06    95.07 1.03087
    2.0   1.13150E+20 1.00704E+20 1.13150E+18 1.13150E+19 5.39445E-03 1.45927E+06    96.38 1.03130
    1.5   1.15187E+20 1.02516E+20 1.15187E+18 1.15187E+19 5.49154E-03 1.49608E+06    97.08 1.03147
    1.0   1.17246E+20 1.04349E+20 1.17246E+18 1.17246E+19 5.58974E-03 1.53356E+06    97.78 1.03164
     .5   1.19316E+20 1.06192E+20 1.19316E+18 1.19316E+19 5.68844E-03 1.57172E+06    98.49 1.03180
     .0   1.21409E+20 1.08054E+20 1.21409E+18 1.21409E+19 5.78821E-03 1.61056E+06    99.20 1.03196
