     10.00    500.00     25.00     25.00
     20.00    500.00     25.00     50.00
     30.00    500.00     25.00     75.00
     40.00    500.00     50.00     25.00
     50.00    500.00     50.00     50.00
     60.00    500.00     50.00     75.00
     70.00    500.00     75.00     25.00
     80.00    500.00     75.00     50.00
     90.00    500.00     75.00     75.00
    100.00    450.00     25.00     25.00
    110.00    450.00     25.00     50.00
    120.00    450.00     25.00     75.00
    130.00    450.00     50.00     25.00
    140.00    450.00     50.00     50.00
    150.00    450.00     50.00     75.00
    160.00    450.00     75.00     25.00
    170.00    450.00     75.00     50.00
    180.00    450.00     75.00     75.00
    190.00    400.00     25.00     25.00
    200.00    400.00     25.00     50.00
    210.00    400.00     25.00     75.00
    220.00    400.00     50.00     25.00
    230.00    400.00     50.00     50.00
    240.00    400.00     50.00     75.00
    250.00    400.00     75.00     25.00
    260.00    400.00     75.00     50.00
    270.00    400.00     75.00     75.00
    280.00    350.00     25.00     25.00
    290.00    350.00     25.00     50.00
    300.00    350.00     25.00     75.00
    310.00    350.00     50.00     25.00
    320.00    350.00     50.00     50.00
    330.00    350.00     50.00     75.00
    340.00    350.00     75.00     25.00
    350.00    350.00     75.00     50.00
    360.00    350.00     75.00     75.00
    370.00    300.00     25.00     25.00
    380.00    300.00     25.00     50.00
    390.00    300.00     25.00     75.00
    400.00    300.00     50.00     25.00
    410.00    300.00     50.00     50.00
    420.00    300.00     50.00     75.00
    430.00    300.00     75.00     25.00
    440.00    300.00     75.00     50.00
    450.00    300.00     75.00     75.00
    460.00    250.00     25.00     25.00
    470.00    250.00     25.00     50.00
    480.00    250.00     25.00     75.00
    490.00    250.00     50.00     25.00
    500.00    250.00     50.00     50.00
    510.00    250.00     50.00     75.00
    520.00    250.00     75.00     25.00
    530.00    250.00     75.00     50.00
    540.00    250.00     75.00     75.00
    550.00    200.00     25.00     25.00
    560.00    200.00     25.00     50.00
    570.00    200.00     25.00     75.00
    580.00    200.00     50.00     25.00
    590.00    200.00     50.00     50.00
    600.00    200.00     50.00     75.00
    610.00    200.00     75.00     25.00
    620.00    200.00     75.00     50.00
    630.00    200.00     75.00     75.00
    640.00    150.00     25.00     25.00
    650.00    150.00     25.00     50.00
    660.00    150.00     25.00     75.00
    670.00    150.00     50.00     25.00
    680.00    150.00     50.00     50.00
    690.00    150.00     50.00     75.00
    700.00    150.00     75.00     25.00
    710.00    150.00     75.00     50.00
    720.00    150.00     75.00     75.00
    730.00    100.00     25.00     25.00
    740.00    100.00     25.00     50.00
    750.00    100.00     25.00     75.00
    760.00    100.00     50.00     25.00
    770.00    100.00     50.00     50.00
    780.00    100.00     50.00     75.00
    790.00    100.00     75.00     25.00
    800.00    100.00     75.00     50.00
    810.00    100.00     75.00     75.00
    820.00     50.00     25.00     25.00
    830.00     50.00     25.00     50.00
    840.00     50.00     25.00     75.00
    850.00     50.00     50.00     25.00
    860.00     50.00     50.00     50.00
    870.00     50.00     50.00     75.00
    880.00     50.00     75.00     25.00
    890.00     50.00     75.00     50.00
    900.00     50.00     75.00     75.00
    