        911650   21.98N  159.34W
     T A B L E  I -   1.  W I N D  S T A T I S T I C A L  P A R A M E T E R S
                                   January
 Station =   911650     Barking Sands, Hawaii (Lihue)
    Z    MEAN U   SD  U  R(U,V)  MEAN V   SD  V MEAN WS  SD  WS SKEW WS    NOBS
    KM     M/S     M/S             M/S     M/S     M/S     M/S                 
  0.000    0.00    0.00  0.0000    0.00    0.00    0.00    0.00    0.00     100
  0.036   -1.56    4.23  0.5224   -0.78    3.71    5.38    2.41    0.63    1804
  0.500   -2.01    5.75  0.5525   -0.65    4.86    6.87    3.82    0.65    1804
  1.000   -1.19    6.49  0.4851   -0.28    4.85    7.12    4.12    0.74    1804
  1.500   -0.39    7.16  0.3905    0.15    4.93    7.60    4.26    0.85    1804
  2.000    0.44    7.84  0.2802    0.48    5.14    8.20    4.62    0.92    1804
  2.500    1.61    8.32  0.1926    0.45    5.24    8.56    5.15    1.12    1804
  3.000    2.93    8.56  0.1647    0.21    5.38    8.97    5.53    1.15    1803
  3.500    4.31    9.05  0.1413   -0.10    5.75    9.79    6.18    1.09    1802
  4.000    5.66    9.52  0.1330   -0.31    6.11   10.71    6.77    0.94    1802
  4.500    7.02   10.03  0.1308   -0.51    6.62   11.88    7.30    0.86    1802
  5.000    8.34   10.62  0.1351   -0.85    7.27   13.20    7.90    0.76    1802
  5.500    9.75   11.12  0.1421   -1.32    7.96   14.56    8.52    0.72    1802
  6.000   11.17   11.69  0.1315   -1.77    8.76   16.05    9.19    0.69    1802
  6.500   12.51   12.20  0.1341   -2.15    9.54   17.53    9.74    0.63    1802
  7.000   13.76   12.74  0.1153   -2.75   10.35   19.02   10.29    0.62    1802
  7.500   14.92   13.17  0.1089   -3.56   11.30   20.55   10.74    0.62    1802
  8.000   16.28   13.76  0.1118   -4.47   12.22   22.30   11.31    0.59    1801
  8.500   17.68   14.28  0.1243   -5.36   13.22   24.14   11.78    0.50    1798
  9.000   19.18   14.78  0.1396   -6.30   14.27   26.09   12.27    0.39    1796
  9.500   20.66   15.12  0.1618   -7.23   15.27   27.99   12.57    0.28    1796
 10.000   22.27   15.55  0.1855   -8.10   16.16   29.98   12.93    0.20    1793
 10.500   23.80   15.91  0.2076   -8.71   16.81   31.67   13.26    0.17    1793
 11.000   25.06   16.10  0.2254   -9.27   17.18   33.00   13.45    0.10    1793
 11.500   26.30   16.21  0.2597   -9.74   17.44   34.22   13.56    0.10    1792
 12.000   27.07   16.10  0.2817  -10.04   17.30   34.84   13.40    0.10    1790
 12.500   27.64   16.08  0.2952  -10.01   16.72   35.02   13.29    0.09    1787
 13.000   27.61   15.81  0.3039   -9.87   15.77   34.50   13.03    0.14    1786
 13.500   26.89   15.50  0.2846   -9.57   14.64   33.21   12.95    0.23    1785
 14.000   26.04   15.12  0.2596   -8.97   13.56   31.77   12.74    0.26    1781
 14.500   24.83   14.39  0.2508   -8.31   12.55   30.08   12.10    0.23    1774
 15.000   23.25   13.56  0.2345   -7.43   11.50   27.96   11.44    0.25    1770
 15.500   21.21   12.65  0.2218   -6.51   10.49   25.48   10.71    0.30    1766
 16.000   18.89   11.59  0.2204   -5.59    9.50   22.77    9.79    0.35    1761
 16.500   16.24   10.65  0.2111   -4.76    8.57   19.89    8.86    0.41    1752
 17.000   13.48    9.83  0.2095   -3.86    7.82   17.12    7.94    0.53    1744
 17.500   10.56    8.87  0.1942   -3.03    6.88   14.13    6.98    0.70    1733
 18.000    7.58    8.08  0.1684   -2.25    5.94   11.31    6.07    0.93    1730
 18.500    4.95    7.24  0.1670   -1.51    4.93    8.89    5.05    0.98    1722
 19.000    2.82    6.40  0.1429   -0.93    4.20    7.22    4.09    1.05    1718
 19.500    1.23    5.76  0.1386   -0.47    3.69    6.18    3.43    0.91    1711
 20.000    0.13    5.32  0.0870   -0.10    3.26    5.57    3.01    0.78    1705
 20.500   -0.43    5.11  0.0868    0.03    3.15    5.34    2.92    0.80    1702
 21.000   -0.89    5.04  0.1335    0.09    3.00    5.27    2.92    0.86    1693
 21.500   -1.20    5.08  0.0969    0.10    3.06    5.39    2.95    0.94    1690
 22.000   -1.49    5.15  0.0562    0.09    3.16    5.51    3.07    1.01    1689
 22.500   -1.62    5.12  0.0859    0.12    3.10    5.53    3.02    1.01    1685
 23.000   -1.70    5.20  0.0824    0.09    3.02    5.56    3.03    0.93    1680
 23.500   -1.60    5.41  0.0953    0.10    3.18    5.69    3.24    1.03    1678
 24.000   -1.36    5.79  0.0852    0.10    3.25    5.93    3.44    1.08    1668
 24.500   -1.00    6.22  0.0693    0.20    3.31    6.23    3.60    1.09    1660
 25.000   -0.61    6.61  0.0946    0.17    3.54    6.61    3.75    1.10    1652
 25.500   -0.21    7.08  0.0925    0.16    3.70    6.99    4.04    1.19    1641
 26.000    0.22    7.58  0.1078    0.11    3.81    7.40    4.28    1.07    1636
 26.500    0.84    8.18  0.1173    0.13    3.92    7.87    4.68    0.98    1617
 27.000    1.51    8.66  0.1208    0.17    4.10    8.36    5.02    0.92    1585
 27.500    2.06    9.25  0.1217    0.19    4.15    8.90    5.36    0.93    1564
 28.000    2.66    9.85  0.1287    0.13    4.28    9.54    5.70    0.95    1531
 28.500    3.29   10.41  0.1249    0.13    4.37   10.11    6.10    0.90    1485
 29.000    3.78   10.90  0.1454    0.11    4.57   10.68    6.41    0.88    1431
 29.500    4.25   11.47  0.1358    0.08    4.90   11.32    6.83    0.90    1369
 30.000    4.82   11.96  0.1320    0.20    5.20   11.95    7.18    0.89    1311
     T A B L E  I -   2.  W I N D  S T A T I S T I C A L  P A R A M E T E R S
                                  February
 Station =   911650     Barking Sands, Hawaii (Lihue)
    Z    MEAN U   SD  U  R(U,V)  MEAN V   SD  V MEAN WS  SD  WS SKEW WS    NOBS
    KM     M/S     M/S             M/S     M/S     M/S     M/S                 
  0.000    0.00    0.00  0.0000    0.00    0.00    0.00    0.00    0.00     100
  0.036   -2.32    3.96  0.4728   -1.52    3.71    5.60    2.41    0.51    1641
  0.500   -3.24    5.28  0.4944   -1.51    4.85    7.18    3.63    0.53    1641
  1.000   -2.54    6.04  0.4181   -1.02    4.82    7.19    3.99    0.60    1641
  1.500   -1.63    6.68  0.3321   -0.55    4.91    7.42    4.10    0.67    1641
  2.000   -0.72    7.36  0.2544   -0.09    5.06    7.76    4.55    0.82    1641
  2.500    0.44    7.86  0.1835    0.06    5.16    8.01    4.99    0.98    1641
  3.000    1.86    8.16  0.1287    0.00    5.18    8.27    5.37    1.10    1640
  3.500    3.24    8.46  0.0865   -0.28    5.42    8.85    5.80    1.13    1639
  4.000    4.46    8.93  0.0750   -0.64    5.82    9.77    6.25    1.10    1638
  4.500    5.83    9.56  0.0906   -0.98    6.38   10.98    6.87    1.03    1637
  5.000    7.28   10.10  0.0894   -1.29    6.84   12.20    7.43    0.96    1637
  5.500    8.81   10.57  0.1103   -1.55    7.39   13.57    7.93    0.92    1636
  6.000   10.22   11.10  0.1099   -2.04    8.14   15.00    8.57    0.85    1636
  6.500   11.65   11.62  0.0985   -2.60    8.92   16.50    9.26    0.76    1636
  7.000   13.03   12.24  0.1017   -3.13    9.89   18.19    9.88    0.68    1636
  7.500   14.59   13.11  0.1075   -3.62   10.88   20.06   10.66    0.63    1636
  8.000   16.26   14.06  0.1275   -4.17   11.91   22.13   11.52    0.58    1635
  8.500   18.05   14.98  0.1609   -4.92   12.97   24.36   12.27    0.50    1635
  9.000   20.05   15.94  0.1985   -5.75   14.21   26.86   13.04    0.41    1635
  9.500   22.02   16.69  0.2378   -6.62   15.26   29.30   13.50    0.29    1635
 10.000   23.93   17.26  0.2808   -7.44   16.28   31.66   13.78    0.20    1633
 10.500   25.59   17.59  0.3256   -8.10   17.14   33.55   14.08    0.18    1633
 11.000   26.90   17.75  0.3611   -8.75   17.71   35.04   14.22    0.15    1632
 11.500   27.99   17.67  0.3966   -9.35   17.84   36.15   14.02    0.11    1631
 12.000   28.75   17.64  0.4197   -9.72   17.63   36.75   13.89    0.11    1628
 12.500   29.09   17.46  0.4397   -9.83   16.95   36.73   13.68    0.19    1628
 13.000   29.02   17.13  0.4419   -9.84   15.85   36.13   13.41    0.22    1627
 13.500   28.50   16.58  0.4090   -9.56   14.51   34.91   13.12    0.20    1625
 14.000   27.48   15.88  0.3887   -9.10   13.22   33.24   12.67    0.24    1625
 14.500   25.74   14.84  0.3472   -8.40   11.95   30.93   11.87    0.22    1620
 15.000   23.62   13.65  0.2916   -7.58   10.96   28.32   11.03    0.25    1615
 15.500   21.57   12.46  0.2422   -6.73   10.20   25.83   10.22    0.29    1598
 16.000   19.40   11.27  0.2110   -5.86    9.40   23.23    9.39    0.31    1586
 16.500   16.94   10.32  0.2052   -5.20    8.41   20.50    8.51    0.36    1563
 17.000   13.94    9.29  0.1712   -4.36    7.54   17.33    7.63    0.49    1544
 17.500   10.93    8.54  0.1564   -3.35    6.89   14.35    6.85    0.63    1537
 18.000    8.10    7.76  0.1129   -2.63    5.88   11.59    5.89    0.74    1530
 18.500    5.51    7.03  0.0942   -1.99    5.20    9.31    5.01    0.94    1526
 19.000    3.43    6.34  0.0931   -1.32    4.33    7.50    4.19    1.11    1519
 19.500    1.84    5.66  0.0688   -0.90    3.78    6.32    3.46    0.99    1513
 20.000    0.67    5.08  0.0843   -0.56    3.32    5.50    2.94    0.79    1509
 20.500   -0.03    4.93  0.1169   -0.18    2.97    5.12    2.78    0.95    1506
 21.000   -0.40    4.94  0.0891    0.01    2.88    5.08    2.84    0.98    1498
 21.500   -0.52    4.89  0.0247    0.11    2.82    5.04    2.80    1.00    1489
 22.000   -0.62    4.87  0.0142    0.15    2.82    5.04    2.78    1.01    1486
 22.500   -0.74    4.89 -0.0107    0.23    2.84    5.09    2.81    1.12    1478
 23.000   -0.76    4.96  0.0159    0.27    2.96    5.22    2.84    1.00    1476
 23.500   -0.60    5.19 -0.0036    0.36    3.04    5.38    2.97    0.86    1467
 24.000   -0.37    5.37  0.0041    0.34    3.18    5.57    3.03    0.82    1457
 24.500   -0.16    5.60  0.0017    0.32    3.28    5.78    3.13    0.73    1447
 25.000    0.15    5.79  0.0187    0.33    3.40    5.98    3.22    0.71    1437
 25.500    0.60    6.00  0.0382    0.38    3.49    6.22    3.33    0.81    1427
 26.000    1.17    6.33  0.0708    0.35    3.59    6.55    3.53    0.78    1422
 26.500    1.81    6.72  0.0898    0.39    3.66    7.03    3.64    0.68    1398
 27.000    2.48    7.11  0.0936    0.41    3.70    7.55    3.83    0.56    1380
 27.500    3.19    7.44  0.1159    0.40    3.85    8.07    4.05    0.60    1354
 28.000    3.98    7.83  0.1153    0.41    3.79    8.57    4.39    0.57    1323
 28.500    4.70    8.23  0.0892    0.36    3.87    9.13    4.74    0.55    1301
 29.000    5.34    8.58  0.0622    0.34    4.06    9.69    5.10    0.52    1251
 29.500    5.97    8.99  0.0415    0.38    4.25   10.27    5.51    0.53    1205
 30.000    6.58    9.19  0.0560    0.47    4.50   10.72    5.87    0.54    1138
     T A B L E  I -   3.  W I N D  S T A T I S T I C A L  P A R A M E T E R S
                                     March
 Station =   911650     Barking Sands, Hawaii (Lihue)
    Z    MEAN U   SD  U  R(U,V)  MEAN V   SD  V MEAN WS  SD  WS SKEW WS    NOBS
    KM     M/S     M/S             M/S     M/S     M/S     M/S                 
  0.000    0.00    0.00  0.0000    0.00    0.00    0.00    0.00    0.00     100
  0.036   -3.29    3.77  0.4165   -2.05    3.58    5.99    2.48    0.31    1800
  0.500   -4.48    4.82  0.4589   -2.30    4.66    7.60    3.61    0.23    1800
  1.000   -3.86    5.57  0.4466   -1.71    4.42    7.31    3.90    0.42    1800
  1.500   -2.91    6.14  0.3965   -1.08    4.17    7.11    3.77    0.60    1800
  2.000   -2.20    6.80  0.3060   -0.28    4.06    7.25    3.91    0.70    1800
  2.500   -1.21    7.27  0.1746    0.01    4.15    7.32    4.25    0.92    1800
  3.000    0.09    7.44  0.1050   -0.09    4.26    7.27    4.57    1.11    1799
  3.500    1.36    7.52  0.0889   -0.24    4.40    7.39    4.85    1.39    1798
  4.000    2.61    7.78  0.1076   -0.44    4.78    7.97    5.23    1.41    1798
  4.500    3.85    8.20  0.1093   -0.69    5.32    8.85    5.75    1.35    1798
  5.000    5.15    8.74  0.1186   -0.82    5.90    9.93    6.34    1.30    1798
  5.500    6.42    9.19  0.1243   -1.02    6.36   11.02    6.79    1.14    1798
  6.000    7.73    9.75  0.1610   -1.18    6.88   12.26    7.32    0.92    1798
  6.500    9.12   10.31  0.1916   -1.39    7.44   13.60    7.90    0.87    1798
  7.000   10.60   11.04  0.2041   -1.62    8.19   15.09    8.78    0.91    1798
  7.500   12.19   11.84  0.1906   -1.89    9.04   16.73    9.73    0.92    1797
  8.000   13.91   12.76  0.1814   -2.25   10.02   18.67   10.67    0.91    1796
  8.500   15.69   13.55  0.1717   -2.65   11.04   20.68   11.48    0.83    1795
  9.000   17.75   14.27  0.1661   -3.13   12.09   22.97   12.16    0.67    1794
  9.500   19.93   15.16  0.1793   -3.49   13.14   25.41   12.92    0.50    1792
 10.000   22.41   16.09  0.2174   -3.84   14.14   28.09   13.69    0.37    1792
 10.500   24.96   17.05  0.2567   -4.30   15.08   30.85   14.43    0.29    1792
 11.000   27.10   17.64  0.2873   -4.69   15.79   33.12   14.86    0.20    1792
 11.500   29.09   18.06  0.3062   -5.09   16.33   35.10   15.30    0.14    1791
 12.000   30.51   18.09  0.3275   -5.47   16.58   36.42   15.41    0.13    1790
 12.500   31.33   17.95  0.3377   -5.67   15.90   36.91   15.08    0.12    1787
 13.000   31.43   17.58  0.3410   -5.84   14.84   36.57   14.66    0.14    1786
 13.500   30.61   17.03  0.3219   -5.76   13.66   35.35   14.09    0.22    1786
 14.000   29.20   16.10  0.2814   -5.60   12.19   33.44   13.19    0.22    1784
 14.500   27.20   14.82  0.2353   -5.38   10.88   30.99   12.14    0.19    1782
 15.000   24.75   13.44  0.1930   -4.99    9.85   28.15   11.12    0.18    1778
 15.500   22.24   12.10  0.1979   -4.24    9.21   25.36   10.09    0.21    1775
 16.000   19.66   11.16  0.1936   -3.55    8.46   22.59    9.28    0.29    1765
 16.500   17.08   10.20  0.1849   -3.01    7.65   19.83    8.41    0.34    1758
 17.000   14.39    9.28  0.1721   -2.71    6.91   17.07    7.62    0.47    1750
 17.500   11.41    8.26  0.1677   -2.14    6.15   14.04    6.69    0.61    1739
 18.000    8.76    7.30  0.1758   -1.45    5.30   11.38    5.64    0.70    1731
 18.500    6.38    6.53  0.1671   -1.01    4.62    9.15    4.77    0.82    1730
 19.000    4.36    5.93  0.1683   -0.62    4.08    7.47    4.05    0.91    1723
 19.500    2.80    5.36  0.1616   -0.18    3.62    6.24    3.43    0.94    1718
 20.000    1.65    4.95  0.1457    0.08    3.31    5.47    3.06    0.96    1710
 20.500    0.85    4.80  0.0977    0.25    3.07    5.12    2.80    1.05    1700
 21.000    0.15    4.57  0.0825    0.34    3.00    4.91    2.64    0.93    1691
 21.500   -0.34    4.47  0.0943    0.34    2.97    4.85    2.54    0.86    1687
 22.000   -0.69    4.47  0.0825    0.35    2.86    4.79    2.58    0.97    1678
 22.500   -0.86    4.55  0.0579    0.35    2.81    4.87    2.57    0.83    1669
 23.000   -0.94    4.63  0.0183    0.34    2.81    4.94    2.61    0.93    1663
 23.500   -0.93    4.73  0.0067    0.29    2.97    5.09    2.67    0.85    1659
 24.000   -0.82    4.79  0.0380    0.36    3.14    5.22    2.68    0.82    1643
 24.500   -0.65    4.83  0.0474    0.41    3.14    5.25    2.68    0.68    1637
 25.000   -0.35    5.03  0.0769    0.49    3.29    5.43    2.81    0.67    1627
 25.500    0.00    5.24  0.1078    0.51    3.28    5.58    2.91    0.77    1618
 26.000    0.47    5.41  0.1381    0.56    3.33    5.71    3.02    0.73    1601
 26.500    1.06    5.70  0.1584    0.64    3.44    5.99    3.23    0.74    1574
 27.000    1.68    6.00  0.1571    0.69    3.55    6.43    3.40    0.77    1533
 27.500    2.26    6.26  0.1710    0.69    3.60    6.74    3.61    0.74    1505
 28.000    2.93    6.71  0.1669    0.70    3.71    7.27    3.98    0.73    1476
 28.500    3.66    6.99  0.1488    0.68    3.93    7.80    4.29    0.69    1427
 29.000    4.26    7.39  0.1327    0.74    4.13    8.32    4.68    0.71    1386
 29.500    4.80    7.81  0.0880    0.77    4.33    8.93    4.96    0.72    1333
 30.000    5.17    8.07  0.0732    0.78    4.51    9.30    5.23    0.72    1266
     T A B L E  I -   4.  W I N D  S T A T I S T I C A L  P A R A M E T E R S
                                     April
 Station =   911650     Barking Sands, Hawaii (Lihue)
    Z    MEAN U   SD  U  R(U,V)  MEAN V   SD  V MEAN WS  SD  WS SKEW WS    NOBS
    KM     M/S     M/S             M/S     M/S     M/S     M/S                 
  0.000    0.00    0.00  0.0000    0.00    0.00    0.00    0.00    0.00     100
  0.036   -4.26    3.23  0.3937   -2.48    2.75    6.15    2.11    0.13    1742
  0.500   -5.85    3.90  0.4344   -2.51    3.49    7.68    3.05    0.09    1742
  1.000   -5.48    4.56  0.3821   -1.81    3.32    7.36    3.36    0.20    1742
  1.500   -4.64    5.14  0.3287   -1.14    3.14    6.94    3.34    0.39    1742
  2.000   -4.14    5.66  0.3014   -0.44    3.15    6.91    3.44    0.44    1742
  2.500   -3.52    5.97  0.2430   -0.06    3.29    6.80    3.60    0.58    1742
  3.000   -2.42    6.07  0.1794   -0.08    3.39    6.40    3.67    0.93    1742
  3.500   -1.26    6.15  0.1507   -0.21    3.52    6.16    3.77    1.21    1742
  4.000   -0.30    6.30  0.1467   -0.30    3.83    6.26    3.95    1.33    1742
  4.500    0.60    6.50  0.1346   -0.33    4.25    6.58    4.21    1.36    1742
  5.000    1.36    6.84  0.1330   -0.42    4.56    7.07    4.47    1.29    1741
  5.500    2.21    7.19  0.1202   -0.53    4.84    7.64    4.73    1.24    1741
  6.000    3.11    7.56  0.1208   -0.61    5.27    8.32    5.10    1.09    1737
  6.500    4.03    8.05  0.1098   -0.78    5.62    9.07    5.59    1.02    1737
  7.000    5.04    8.57  0.1216   -0.96    6.00    9.93    6.12    0.91    1736
  7.500    6.09    9.12  0.1405   -1.15    6.22   10.78    6.66    0.88    1735
  8.000    7.32    9.72  0.1440   -1.33    6.60   11.90    7.23    0.82    1733
  8.500    8.68   10.39  0.1916   -1.50    6.95   13.09    7.93    0.83    1731
  9.000   10.13   11.19  0.2258   -1.62    7.56   14.58    8.67    0.84    1731
  9.500   11.72   12.16  0.2715   -1.75    8.33   16.33    9.56    0.82    1728
 10.000   13.76   13.37  0.3078   -1.91    9.16   18.47   10.72    0.80    1725
 10.500   16.11   14.64  0.3356   -2.02    9.91   20.84   11.94    0.72    1725
 11.000   18.70   15.92  0.3561   -2.11   10.61   23.37   13.20    0.65    1722
 11.500   21.29   17.04  0.3697   -2.24   11.16   25.87   14.30    0.60    1720
 12.000   23.62   17.94  0.3678   -2.34   11.63   28.10   15.21    0.52    1717
 12.500   25.64   18.19  0.3676   -2.61   11.78   29.80   15.70    0.45    1714
 13.000   26.82   17.85  0.3740   -2.87   11.44   30.63   15.49    0.42    1713
 13.500   26.99   17.18  0.3666   -3.18   10.96   30.51   14.96    0.43    1711
 14.000   26.33   15.98  0.3571   -3.21   10.25   29.45   14.04    0.43    1710
 14.500   24.86   14.50  0.3303   -3.31    9.47   27.70   12.74    0.42    1706
 15.000   22.65   13.06  0.3094   -3.20    8.73   25.29   11.46    0.43    1704
 15.500   20.17   11.55  0.2889   -2.87    7.89   22.57   10.12    0.40    1699
 16.000   17.54   10.05  0.2710   -2.39    7.17   19.73    8.78    0.42    1693
 16.500   15.15    8.82  0.2584   -1.90    6.46   17.14    7.70    0.41    1690
 17.000   12.61    7.89  0.2506   -1.60    6.03   14.69    6.75    0.40    1681
 17.500    9.95    7.06  0.2191   -1.22    5.38   12.06    5.90    0.57    1676
 18.000    7.56    6.27  0.1981   -0.84    4.66    9.72    5.04    0.72    1673
 18.500    5.41    5.55  0.1467   -0.37    4.06    7.72    4.21    0.86    1665
 19.000    3.67    4.97  0.1129    0.05    3.51    6.21    3.57    1.04    1658
 19.500    2.14    4.56  0.1063    0.38    3.14    5.22    3.04    1.29    1654
 20.000    0.94    4.36  0.0969    0.57    2.96    4.75    2.76    1.24    1647
 20.500   -0.24    4.24  0.0956    0.54    2.70    4.46    2.54    1.22    1639
 21.000   -1.27    4.20  0.0714    0.45    2.61    4.57    2.51    1.05    1633
 21.500   -2.11    4.17  0.0643    0.36    2.64    4.84    2.53    0.93    1625
 22.000   -2.94    4.27  0.1073    0.30    2.63    5.23    2.69    0.81    1621
 22.500   -3.56    4.34  0.0977    0.29    2.67    5.61    2.84    0.67    1614
 23.000   -4.01    4.41  0.1232    0.28    2.70    5.91    2.96    0.54    1611
 23.500   -4.33    4.58  0.0897    0.24    2.84    6.21    3.17    0.61    1607
 24.000   -4.51    4.80  0.1075    0.38    2.91    6.46    3.29    0.66    1597
 24.500   -4.51    5.09  0.1255    0.39    2.98    6.67    3.39    0.65    1586
 25.000   -4.46    5.40  0.1248    0.40    3.08    6.84    3.54    0.58    1568
 25.500   -4.28    5.73  0.1041    0.36    3.07    6.92    3.69    0.65    1549
 26.000   -4.12    6.10  0.0892    0.38    3.16    7.07    3.89    0.72    1538
 26.500   -3.88    6.53  0.0757    0.38    3.24    7.20    4.09    0.83    1526
 27.000   -3.63    6.79  0.0915    0.38    3.21    7.32    4.11    0.84    1486
 27.500   -3.40    7.04  0.1098    0.31    3.39    7.49    4.16    0.86    1447
 28.000   -3.18    7.39  0.1304    0.28    3.52    7.73    4.27    0.95    1411
 28.500   -2.96    7.70  0.1195    0.34    3.64    7.94    4.36    0.99    1371
 29.000   -2.84    8.02  0.1011    0.27    3.82    8.23    4.47    0.94    1328
 29.500   -2.68    8.25  0.0953    0.36    3.86    8.41    4.49    0.84    1271
 30.000   -2.64    8.59  0.0732    0.41    3.89    8.67    4.64    0.75    1200
     T A B L E  I -   5.  W I N D  S T A T I S T I C A L  P A R A M E T E R S
                                       May
 Station =   911650     Barking Sands, Hawaii (Lihue)
    Z    MEAN U   SD  U  R(U,V)  MEAN V   SD  V MEAN WS  SD  WS SKEW WS    NOBS
    KM     M/S     M/S             M/S     M/S     M/S     M/S                 
  0.000    0.00    0.00  0.0000    0.00    0.00    0.00    0.00    0.00     100
  0.036   -4.02    3.04  0.3882   -2.18    2.60    5.76    1.92    0.00    1795
  0.500   -5.32    3.56  0.4634   -2.22    3.10    6.94    2.77    0.03    1795
  1.000   -4.97    4.24  0.3818   -1.71    2.93    6.63    3.22    0.11    1795
  1.500   -4.22    4.89  0.3341   -1.18    2.81    6.38    3.24    0.38    1795
  2.000   -3.89    5.42  0.3296   -0.56    2.96    6.49    3.42    0.53    1794
  2.500   -3.37    5.74  0.2755   -0.19    3.21    6.47    3.62    0.72    1794
  3.000   -2.41    5.94  0.2277   -0.06    3.42    6.29    3.67    1.00    1794
  3.500   -1.54    6.02  0.1811   -0.06    3.66    6.18    3.75    1.17    1793
  4.000   -0.80    6.13  0.1619   -0.16    3.79    6.22    3.76    1.20    1793
  4.500   -0.20    6.33  0.1635   -0.30    3.94    6.44    3.81    1.20    1793
  5.000    0.40    6.59  0.1634   -0.47    4.15    6.73    3.99    1.27    1793
  5.500    1.05    6.93  0.1717   -0.56    4.42    7.17    4.21    1.22    1792
  6.000    1.72    7.27  0.1963   -0.70    4.75    7.66    4.52    1.15    1791
  6.500    2.37    7.63  0.2016   -0.90    5.07    8.18    4.89    1.11    1791
  7.000    2.95    8.18  0.1917   -1.13    5.37    8.84    5.30    1.07    1790
  7.500    3.65    8.70  0.2017   -1.32    5.78    9.56    5.74    1.00    1790
  8.000    4.48    9.24  0.2183   -1.47    6.08   10.32    6.21    0.99    1790
  8.500    5.28    9.88  0.2368   -1.69    6.48   11.18    6.76    1.00    1790
  9.000    6.26   10.68  0.2489   -1.88    6.98   12.28    7.43    1.03    1788
  9.500    7.25   11.55  0.2717   -1.98    7.47   13.40    8.14    1.07    1786
 10.000    8.43   12.57  0.2937   -2.09    7.90   14.69    8.97    1.05    1786
 10.500    9.80   13.72  0.3187   -2.18    8.42   16.15    9.97    1.01    1784
 11.000   11.24   14.95  0.3429   -2.33    9.00   17.75   11.02    1.01    1783
 11.500   12.93   16.08  0.3546   -2.34    9.50   19.39   12.09    0.97    1782
 12.000   14.71   17.05  0.3562   -2.26    9.95   21.04   13.00    0.90    1781
 12.500   16.34   17.75  0.3523   -2.31   10.18   22.40   13.77    0.87    1778
 13.000   17.71   17.94  0.3539   -2.39   10.15   23.39   14.06    0.79    1777
 13.500   18.67   17.74  0.3483   -2.38    9.87   23.79   14.18    0.71    1776
 14.000   18.83   16.77  0.3379   -2.29    9.14   23.19   13.69    0.66    1774
 14.500   17.99   15.17  0.3545   -1.99    8.29   21.70   12.48    0.64    1772
 15.000   16.57   13.49  0.3716   -1.68    7.48   19.83   11.07    0.60    1771
 15.500   14.70   11.86  0.3563   -1.46    6.64   17.54    9.80    0.58    1768
 16.000   12.50   10.39  0.3260   -1.13    6.11   15.18    8.52    0.64    1763
 16.500   10.24    9.03  0.2809   -0.70    5.60   12.83    7.35    0.66    1758
 17.000    7.82    7.83  0.2528   -0.25    5.03   10.52    6.16    0.78    1750
 17.500    5.64    6.88  0.2110    0.21    4.39    8.51    5.17    0.93    1746
 18.000    3.55    6.01  0.1987    0.60    3.82    6.90    4.11    1.00    1740
 18.500    1.65    5.36  0.1458    0.77    3.34    5.78    3.25    1.08    1739
 19.000   -0.15    4.89  0.1196    0.79    3.01    5.18    2.78    1.00    1731
 19.500   -1.81    4.51  0.1059    0.74    2.75    5.09    2.65    0.75    1726
 20.000   -3.34    4.19  0.0842    0.61    2.57    5.36    2.84    0.70    1722
 20.500   -4.70    3.90  0.0694    0.42    2.45    5.95    2.98    0.63    1721
 21.000   -5.91    3.72  0.0991    0.34    2.41    6.77    3.11    0.44    1719
 21.500   -6.89    3.68  0.0697    0.28    2.32    7.54    3.20    0.38    1713
 22.000   -7.78    3.58  0.0179    0.32    2.37    8.31    3.27    0.22    1710
 22.500   -8.54    3.64  0.0106    0.32    2.34    8.99    3.39    0.15    1703
 23.000   -9.18    3.68  0.0181    0.36    2.37    9.60    3.47    0.18    1699
 23.500   -9.69    3.81 -0.0074    0.39    2.45   10.11    3.60    0.03    1690
 24.000  -10.13    3.92  0.0144    0.41    2.54   10.53    3.73   -0.00    1679
 24.500  -10.48    4.10  0.0122    0.38    2.55   10.91    3.85   -0.01    1667
 25.000  -10.79    4.30  0.0044    0.36    2.60   11.23    4.03   -0.01    1660
 25.500  -11.00    4.52 -0.0003    0.37    2.61   11.47    4.17    0.01    1650
 26.000  -11.18    4.74  0.0325    0.36    2.80   11.73    4.30    0.02    1634
 26.500  -11.36    5.06  0.0553    0.39    2.88   11.95    4.54   -0.00    1618
 27.000  -11.47    5.29  0.0544    0.38    2.89   12.11    4.68   -0.01    1586
 27.500  -11.66    5.58  0.0558    0.36    2.85   12.34    4.86    0.01    1556
 28.000  -11.72    5.82  0.0418    0.34    3.02   12.51    4.95   -0.04    1518
 28.500  -11.68    6.11  0.0542    0.41    3.15   12.59    5.10   -0.04    1472
 29.000  -11.63    6.40  0.0391    0.38    3.25   12.69    5.16   -0.05    1424
 29.500  -11.64    6.70  0.0397    0.39    3.34   12.81    5.31   -0.01    1358
 30.000  -11.77    6.91  0.0105    0.40    3.38   13.00    5.45    0.03    1295
     T A B L E  I -   6.  W I N D  S T A T I S T I C A L  P A R A M E T E R S
                                      June
 Station =   911650     Barking Sands, Hawaii (Lihue)
    Z    MEAN U   SD  U  R(U,V)  MEAN V   SD  V MEAN WS  SD  WS SKEW WS    NOBS
    KM     M/S     M/S             M/S     M/S     M/S     M/S                 
  0.000    0.00    0.00  0.0000    0.00    0.00    0.00    0.00    0.00     100
  0.036   -4.97    2.05  0.1956   -2.72    1.68    6.05    1.56   -0.33    1556
  0.500   -6.90    2.34  0.3459   -2.73    2.03    7.74    2.21   -0.10    1557
  1.000   -7.14    2.93  0.2565   -2.15    2.07    7.85    2.65   -0.18    1557
  1.500   -6.87    3.38  0.1974   -1.71    2.18    7.59    2.95   -0.02    1557
  2.000   -6.94    3.78  0.2162   -1.02    2.38    7.67    3.23    0.06    1556
  2.500   -6.57    4.25  0.1539   -0.54    2.63    7.45    3.60    0.32    1556
  3.000   -5.58    4.53  0.1241   -0.28    2.85    6.79    3.72    0.71    1556
  3.500   -4.55    4.55  0.1321   -0.15    3.13    6.20    3.58    0.97    1556
  4.000   -3.73    4.62  0.1493   -0.09    3.39    5.90    3.48    1.13    1556
  4.500   -3.02    4.77  0.1612   -0.00    3.69    5.80    3.47    1.10    1556
  5.000   -2.34    4.87  0.1735    0.03    3.98    5.79    3.41    0.96    1556
  5.500   -1.68    5.16  0.1745    0.13    4.31    6.01    3.49    0.98    1556
  6.000   -1.02    5.53  0.1386    0.10    4.68    6.37    3.61    0.93    1556
  6.500   -0.37    6.04  0.1498    0.12    5.02    6.86    3.88    0.91    1555
  7.000    0.30    6.48  0.1581    0.08    5.54    7.46    4.16    0.84    1554
  7.500    1.01    6.98  0.1439    0.08    6.03    8.09    4.56    0.89    1554
  8.000    1.62    7.49  0.1627    0.06    6.54    8.76    5.01    0.89    1554
  8.500    2.27    8.11  0.1789    0.00    7.04    9.54    5.46    0.85    1553
  9.000    3.04    8.78  0.1956   -0.16    7.57   10.44    5.90    0.83    1550
  9.500    3.86    9.44  0.2149   -0.30    8.13   11.37    6.40    0.83    1549
 10.000    4.83   10.27  0.2171   -0.36    8.71   12.52    6.94    0.81    1548
 10.500    5.81   11.25  0.2188   -0.47    9.14   13.63    7.65    0.76    1546
 11.000    6.87   12.27  0.2232   -0.52    9.54   14.84    8.29    0.71    1546
 11.500    8.13   13.30  0.2362   -0.50    9.90   16.10    9.07    0.71    1546
 12.000    9.35   14.17  0.2479   -0.36   10.13   17.20    9.75    0.70    1545
 12.500   10.47   14.72  0.2489   -0.28   10.11   17.99   10.26    0.68    1542
 13.000   11.34   14.91  0.2431   -0.25    9.92   18.39   10.56    0.64    1542
 13.500   11.74   14.42  0.2203   -0.19    9.63   18.17   10.43    0.67    1542
 14.000   11.49   13.61  0.1898   -0.03    9.01   17.33    9.93    0.75    1542
 14.500   10.58   12.27  0.1732    0.15    8.26   15.78    9.06    0.81    1540
 15.000    9.12   10.65  0.1597    0.44    7.37   13.84    7.75    0.78    1539
 15.500    7.15    8.81  0.1187    0.67    6.45   11.52    6.23    0.70    1536
 16.000    4.96    7.23  0.1037    0.83    5.64    9.22    4.97    0.66    1532
 16.500    2.72    6.13  0.0780    0.87    4.74    7.29    3.94    0.71    1530
 17.000    0.55    5.29  0.0323    0.96    3.96    5.91    3.25    0.79    1520
 17.500   -1.55    4.68  0.0103    0.96    3.43    5.41    2.90    0.84    1519
 18.000   -3.50    4.26 -0.0053    0.81    2.87    5.62    2.92    0.89    1517
 18.500   -5.40    4.07 -0.0199    0.73    2.62    6.58    3.22    0.69    1515
 19.000   -7.18    3.77 -0.0108    0.58    2.38    7.84    3.32    0.40    1513
 19.500   -8.67    3.51 -0.0159    0.47    2.31    9.10    3.26    0.13    1510
 20.000  -10.02    3.42 -0.0252    0.39    2.25   10.35    3.27    0.11    1508
 20.500  -11.17    3.29 -0.0449    0.33    2.26   11.45    3.19    0.05    1499
 21.000  -12.18    3.24 -0.0669    0.37    2.22   12.42    3.19    0.07    1494
 21.500  -13.09    3.16  0.0035    0.36    2.25   13.31    3.11    0.05    1493
 22.000  -13.95    3.20 -0.0178    0.39    2.30   14.17    3.15    0.03    1489
 22.500  -14.70    3.31  0.0019    0.47    2.30   14.91    3.27   -0.05    1487
 23.000  -15.27    3.42 -0.0165    0.53    2.38   15.48    3.38   -0.12    1482
 23.500  -15.80    3.51  0.0226    0.50    2.49   16.03    3.46   -0.08    1475
 24.000  -16.39    3.71  0.0295    0.49    2.56   16.61    3.67   -0.00    1470
 24.500  -16.87    3.81  0.0538    0.49    2.59   17.10    3.75    0.01    1464
 25.000  -17.35    3.97  0.0540    0.41    2.58   17.57    3.91   -0.06    1458
 25.500  -17.73    4.09  0.0298    0.44    2.55   17.94    4.03   -0.12    1450
 26.000  -18.04    4.22 -0.0077    0.52    2.62   18.27    4.15   -0.25    1437
 26.500  -18.32    4.37  0.0036    0.56    2.80   18.58    4.27   -0.32    1425
 27.000  -18.55    4.50  0.0036    0.53    2.75   18.81    4.38   -0.30    1412
 27.500  -18.87    4.64  0.0142    0.53    2.74   19.11    4.53   -0.32    1395
 28.000  -19.08    4.82 -0.0147    0.59    2.78   19.33    4.74   -0.28    1381
 28.500  -19.29    4.94 -0.0078    0.59    2.86   19.55    4.84   -0.29    1356
 29.000  -19.44    4.99 -0.0222    0.53    2.97   19.72    4.87   -0.22    1333
 29.500  -19.80    5.07 -0.0269    0.57    3.01   20.07    4.97   -0.25    1295
 30.000  -20.08    5.28 -0.0519    0.55    3.05   20.37    5.15   -0.23    1256
     T A B L E  I -   7.  W I N D  S T A T I S T I C A L  P A R A M E T E R S
                                      July
 Station =   911650     Barking Sands, Hawaii (Lihue)
    Z    MEAN U   SD  U  R(U,V)  MEAN V   SD  V MEAN WS  SD  WS SKEW WS    NOBS
    KM     M/S     M/S             M/S     M/S     M/S     M/S                 
  0.000    0.00    0.00  0.0000    0.00    0.00    0.00    0.00    0.00     100
  0.036   -5.20    1.84  0.1837   -3.12    1.62    6.38    1.44   -0.36    1743
  0.500   -7.09    2.19  0.3165   -3.22    1.98    8.06    2.14   -0.15    1743
  1.000   -7.49    2.67  0.2963   -2.63    2.02    8.26    2.49   -0.35    1743
  1.500   -7.30    3.08  0.2667   -2.10    2.27    8.03    2.82   -0.14    1743
  2.000   -7.26    3.56  0.2488   -1.28    2.54    7.98    3.15    0.12    1742
  2.500   -6.64    4.02  0.2298   -0.57    2.94    7.58    3.46    0.37    1742
  3.000   -5.48    4.20  0.1951   -0.22    3.13    6.72    3.54    0.66    1742
  3.500   -4.30    4.19  0.1080   -0.08    3.22    5.95    3.37    0.87    1742
  4.000   -3.25    4.14  0.1363   -0.05    3.33    5.44    3.09    0.91    1742
  4.500   -2.25    4.25  0.1702    0.04    3.61    5.28    2.91    0.84    1742
  5.000   -1.41    4.58  0.2006    0.24    3.99    5.52    2.96    0.78    1742
  5.500   -0.48    4.98  0.2090    0.36    4.30    5.84    3.13    0.83    1741
  6.000    0.56    5.42  0.1987    0.63    4.61    6.30    3.43    0.84    1741
  6.500    1.68    5.75  0.2253    0.91    5.00    6.92    3.77    0.68    1740
  7.000    2.83    6.08  0.2185    1.13    5.42    7.65    4.20    0.64    1740
  7.500    4.00    6.47  0.2119    1.37    5.81    8.50    4.62    0.60    1740
  8.000    5.27    6.89  0.2282    1.55    6.09    9.46    5.07    0.59    1739
  8.500    6.60    7.33  0.2377    1.82    6.47   10.60    5.52    0.52    1738
  9.000    7.95    7.73  0.2293    2.02    6.94   11.81    6.01    0.46    1738
  9.500    9.29    8.13  0.2247    2.10    7.41   13.04    6.49    0.38    1738
 10.000   10.76    8.66  0.2134    2.15    7.84   14.40    7.05    0.33    1736
 10.500   12.29    9.27  0.1831    2.19    8.34   15.91    7.66    0.30    1735
 11.000   13.83    9.94  0.1685    2.26    8.78   17.39    8.37    0.29    1735
 11.500   15.34   10.57  0.1585    2.45    9.20   18.89    9.05    0.30    1733
 12.000   16.63   11.03  0.1293    2.68    9.60   20.19    9.51    0.27    1733
 12.500   17.57   11.36  0.0953    2.84    9.79   21.09    9.88    0.26    1731
 13.000   18.02   11.44  0.0614    3.04    9.67   21.42   10.00    0.27    1727
 13.500   17.73   11.39  0.0326    3.39    9.41   21.14    9.90    0.30    1725
 14.000   16.54   10.90  0.0161    3.74    8.77   19.87    9.44    0.33    1724
 14.500   14.33    9.97  0.0094    4.00    7.80   17.59    8.52    0.35    1723
 15.000   11.38    8.78  0.0213    4.06    6.76   14.73    7.25    0.43    1719
 15.500    7.94    7.47  0.0187    3.78    5.66   11.52    5.76    0.56    1716
 16.000    4.16    6.01  0.0073    3.28    4.61    8.31    4.14    0.67    1710
 16.500    0.56    4.87 -0.0211    2.67    3.73    6.10    2.94    0.67    1708
 17.000   -2.58    4.05  0.0315    2.16    3.19    5.65    2.66    0.63    1703
 17.500   -5.27    3.57  0.0460    1.73    2.68    6.58    2.87    0.54    1696
 18.000   -7.50    3.21  0.0049    1.42    2.39    8.14    2.92    0.12    1694
 18.500   -9.44    3.00 -0.0028    1.13    2.15    9.82    2.87    0.01    1691
 19.000  -11.13    2.80  0.0146    0.94    2.16   11.42    2.74   -0.04    1686
 19.500  -12.56    2.79  0.0076    0.81    2.13   12.80    2.72    0.05    1685
 20.000  -13.88    2.70 -0.0135    0.69    2.28   14.11    2.67    0.03    1680
 20.500  -14.99    2.74  0.0156    0.59    2.30   15.20    2.70   -0.07    1678
 21.000  -16.06    2.82  0.0128    0.55    2.20   16.24    2.78    0.03    1672
 21.500  -16.93    2.86  0.0033    0.51    2.20   17.10    2.83   -0.01    1669
 22.000  -17.77    2.95  0.0415    0.48    2.23   17.94    2.93    0.04    1668
 22.500  -18.58    3.11  0.0583    0.49    2.32   18.75    3.06   -0.06    1666
 23.000  -19.34    3.22  0.0073    0.48    2.36   19.51    3.20   -0.01    1659
 23.500  -19.98    3.26  0.0148    0.45    2.44   20.15    3.23    0.03    1650
 24.000  -20.70    3.43  0.0102    0.45    2.55   20.87    3.41    0.02    1640
 24.500  -21.29    3.49 -0.0224    0.45    2.57   21.48    3.46    0.04    1619
 25.000  -21.72    3.57 -0.0443    0.52    2.70   21.92    3.53   -0.05    1611
 25.500  -22.04    3.65 -0.0402    0.57    2.71   22.23    3.63   -0.08    1586
 26.000  -22.29    3.69  0.0187    0.63    2.68   22.48    3.66   -0.12    1571
 26.500  -22.68    3.85  0.0012    0.58    2.72   22.88    3.81   -0.13    1559
 27.000  -23.05    4.00  0.0477    0.61    2.71   23.24    3.95   -0.13    1519
 27.500  -23.49    4.16  0.0183    0.67    2.68   23.67    4.14   -0.05    1491
 28.000  -23.84    4.25 -0.0022    0.72    2.73   24.03    4.20    0.05    1455
 28.500  -24.17    4.37 -0.0269    0.73    2.86   24.38    4.32   -0.01    1412
 29.000  -24.54    4.47 -0.0382    0.64    3.00   24.75    4.42   -0.08    1370
 29.500  -24.98    4.54 -0.0241    0.61    3.10   25.20    4.49   -0.03    1337
 30.000  -25.47    4.66 -0.0207    0.72    3.05   25.69    4.63    0.00    1282
     T A B L E  I -   8.  W I N D  S T A T I S T I C A L  P A R A M E T E R S
                                    August
 Station =   911650     Barking Sands, Hawaii (Lihue)
    Z    MEAN U   SD  U  R(U,V)  MEAN V   SD  V MEAN WS  SD  WS SKEW WS    NOBS
    KM     M/S     M/S             M/S     M/S     M/S     M/S                 
  0.000    0.00    0.00  0.0000    0.00    0.00    0.00    0.00    0.00     100
  0.036   -4.70    2.16  0.2434   -2.85    1.74    5.96    1.55   -0.23    1641
  0.500   -6.74    2.29  0.3214   -2.95    2.09    7.69    2.18   -0.15    1641
  1.000   -7.27    2.88  0.2750   -2.28    2.19    8.02    2.64   -0.16    1641
  1.500   -7.00    3.38  0.2823   -1.93    2.36    7.80    3.01    0.11    1641
  2.000   -6.59    3.74  0.3033   -1.26    2.68    7.49    3.21    0.26    1641
  2.500   -5.74    4.12  0.2765   -0.58    2.98    6.94    3.34    0.38    1641
  3.000   -4.61    4.26  0.2217   -0.21    3.14    6.18    3.35    0.67    1641
  3.500   -3.55    4.16  0.1864   -0.07    3.26    5.55    3.15    0.95    1641
  4.000   -2.69    4.05  0.1707   -0.06    3.41    5.22    2.88    0.91    1641
  4.500   -1.88    4.16  0.1685    0.09    3.54    5.07    2.79    0.94    1641
  5.000   -1.11    4.46  0.1577    0.24    3.70    5.21    2.83    0.93    1641
  5.500   -0.26    4.76  0.1479    0.38    3.90    5.43    2.99    0.96    1639
  6.000    0.70    5.06  0.1263    0.65    4.24    5.82    3.29    0.86    1639
  6.500    1.69    5.35  0.1287    0.96    4.62    6.40    3.62    0.83    1639
  7.000    2.78    5.62  0.1337    1.25    4.97    7.11    3.92    0.73    1638
  7.500    3.90    6.00  0.1583    1.57    5.34    7.96    4.36    0.69    1638
  8.000    4.96    6.29  0.1499    1.74    5.71    8.81    4.74    0.72    1638
  8.500    6.23    6.66  0.1411    1.91    6.18    9.89    5.24    0.65    1638
  9.000    7.63    7.07  0.1527    2.12    6.53   11.05    5.78    0.64    1638
  9.500    8.94    7.53  0.1739    2.40    6.93   12.27    6.32    0.61    1638
 10.000   10.33    7.93  0.2031    2.64    7.46   13.59    6.92    0.58    1637
 10.500   11.68    8.38  0.2015    2.85    8.06   14.96    7.50    0.52    1636
 11.000   12.93    8.78  0.1833    3.04    8.65   16.28    7.97    0.42    1635
 11.500   14.23    9.20  0.1561    3.19    9.20   17.64    8.43    0.36    1635
 12.000   15.45    9.55  0.1332    3.33    9.71   18.92    8.81    0.35    1634
 12.500   16.32    9.85  0.1054    3.63   10.09   19.87    9.15    0.33    1634
 13.000   16.77   10.04  0.0832    3.97   10.24   20.39    9.36    0.35    1634
 13.500   16.53   10.10  0.0782    4.32    9.98   20.12    9.43    0.41    1633
 14.000   15.48    9.85  0.0595    4.57    9.22   18.95    9.17    0.45    1633
 14.500   13.65    9.07  0.0343    4.58    8.03   16.97    8.16    0.40    1633
 15.000   10.98    8.03  0.0247    4.25    6.89   14.30    6.86    0.47    1632
 15.500    7.56    6.84  0.0187    3.71    5.69   10.98    5.49    0.52    1632
 16.000    3.93    5.76 -0.0112    3.08    4.74    8.01    4.14    0.64    1631
 16.500    0.32    4.75  0.0231    2.45    3.87    6.03    2.88    0.60    1625
 17.000   -2.84    4.04 -0.0010    1.90    3.26    5.68    2.71    0.57    1620
 17.500   -5.62    3.52  0.0166    1.49    2.84    6.83    2.91    0.38    1620
 18.000   -8.09    3.18  0.0173    1.16    2.56    8.69    2.94    0.17    1618
 18.500  -10.09    2.97  0.0167    0.96    2.34   10.46    2.88   -0.02    1617
 19.000  -11.72    2.83 -0.0193    0.81    2.18   11.99    2.77   -0.00    1606
 19.500  -13.17    2.78 -0.0400    0.72    2.18   13.40    2.75   -0.05    1601
 20.000  -14.35    2.73 -0.0961    0.59    2.25   14.56    2.71   -0.09    1597
 20.500  -15.38    2.67  0.0112    0.54    2.26   15.58    2.66   -0.16    1594
 21.000  -16.32    2.80  0.0407    0.60    2.23   16.50    2.78   -0.09    1590
 21.500  -17.18    2.90  0.0236    0.58    2.15   17.34    2.88   -0.08    1587
 22.000  -17.98    3.03  0.0173    0.47    2.28   18.15    3.02    0.02    1580
 22.500  -18.69    3.13  0.0397    0.50    2.35   18.86    3.10   -0.04    1569
 23.000  -19.38    3.28  0.0001    0.53    2.40   19.56    3.26   -0.03    1562
 23.500  -20.08    3.40 -0.0073    0.45    2.46   20.26    3.38   -0.02    1556
 24.000  -20.87    3.50  0.0110    0.40    2.63   21.05    3.48   -0.03    1548
 24.500  -21.45    3.58  0.0280    0.45    2.59   21.63    3.56   -0.01    1541
 25.000  -21.99    3.61  0.0083    0.46    2.56   22.16    3.60   -0.00    1530
 25.500  -22.37    3.68  0.0282    0.57    2.68   22.56    3.65    0.00    1521
 26.000  -22.74    3.84  0.0431    0.67    2.71   22.93    3.82    0.12    1510
 26.500  -23.06    3.94 -0.0396    0.65    2.78   23.25    3.92    0.06    1502
 27.000  -23.52    3.88 -0.0351    0.63    2.82   23.72    3.85    0.06    1495
 27.500  -23.89    4.02 -0.0279    0.63    2.89   24.09    4.00   -0.05    1470
 28.000  -24.28    4.06 -0.0097    0.51    2.90   24.48    4.02   -0.05    1445
 28.500  -24.83    4.09  0.0188    0.50    2.93   25.04    4.04    0.02    1418
 29.000  -25.38    4.20  0.0495    0.62    3.02   25.59    4.15   -0.01    1386
 29.500  -25.80    4.38  0.0301    0.73    3.04   26.01    4.33   -0.04    1350
 30.000  -26.19    4.46  0.0171    0.85    3.25   26.44    4.39   -0.12    1314
     T A B L E  I -   9.  W I N D  S T A T I S T I C A L  P A R A M E T E R S
                                 September
 Station =   911650     Barking Sands, Hawaii (Lihue)
    Z    MEAN U   SD  U  R(U,V)  MEAN V   SD  V MEAN WS  SD  WS SKEW WS    NOBS
    KM     M/S     M/S             M/S     M/S     M/S     M/S                 
  0.000    0.00    0.00  0.0000    0.00    0.00    0.00    0.00    0.00     100
  0.036   -4.12    2.67  0.3858   -2.17    2.08    5.53    1.59   -0.25    1541
  0.500   -5.86    2.79  0.4955   -2.24    2.46    6.93    2.30    0.01    1541
  1.000   -6.05    3.37  0.3865   -1.80    2.44    7.06    2.72   -0.12    1541
  1.500   -5.71    3.81  0.3010   -1.58    2.50    6.88    2.94    0.12    1541
  2.000   -5.51    4.00  0.2733   -1.17    2.65    6.74    3.09    0.26    1541
  2.500   -4.97    4.14  0.2489   -0.84    2.85    6.35    3.24    0.44    1540
  3.000   -3.96    4.20  0.2491   -0.74    2.98    5.74    3.17    0.68    1540
  3.500   -3.06    4.15  0.2435   -0.67    3.09    5.34    2.88    0.87    1540
  4.000   -2.31    4.12  0.2579   -0.64    3.27    5.11    2.74    0.92    1539
  4.500   -1.65    4.25  0.2513   -0.56    3.51    5.12    2.75    0.93    1538
  5.000   -1.06    4.42  0.2486   -0.29    3.82    5.25    2.86    0.96    1538
  5.500   -0.42    4.62  0.2494   -0.03    4.16    5.52    2.98    0.86    1538
  6.000    0.27    4.93  0.2497    0.11    4.58    5.96    3.23    0.82    1537
  6.500    1.14    5.27  0.2462    0.34    4.95    6.44    3.58    0.83    1537
  7.000    2.03    5.59  0.2378    0.52    5.39    7.05    3.95    0.80    1537
  7.500    3.06    5.96  0.2582    0.68    5.85    7.82    4.35    0.80    1537
  8.000    4.01    6.44  0.2797    0.92    6.29    8.70    4.79    0.73    1536
  8.500    5.07    6.98  0.2914    1.15    6.76    9.68    5.32    0.65    1535
  9.000    6.17    7.46  0.2971    1.39    7.21   10.72    5.76    0.58    1535
  9.500    7.29    7.97  0.3028    1.63    7.65   11.82    6.23    0.51    1534
 10.000    8.59    8.69  0.3066    1.75    8.14   13.12    6.87    0.42    1531
 10.500    9.90    9.28  0.3112    1.90    8.64   14.43    7.41    0.37    1529
 11.000   11.25    9.84  0.3047    2.10    9.15   15.73    8.02    0.31    1529
 11.500   12.47   10.28  0.3015    2.40    9.67   16.95    8.59    0.31    1528
 12.000   13.34   10.57  0.2835    2.63    9.95   17.83    8.85    0.31    1528
 12.500   13.83   10.83  0.2616    2.76    9.97   18.31    8.96    0.36    1528
 13.000   13.72   10.95  0.2444    2.89    9.63   18.13    9.00    0.41    1527
 13.500   13.04   10.67  0.2293    3.09    9.28   17.40    8.79    0.45    1526
 14.000   11.87   10.21  0.2233    3.08    8.51   16.07    8.34    0.45    1525
 14.500   10.11    9.32  0.2044    2.90    7.55   14.14    7.41    0.55    1523
 15.000    7.98    8.25  0.2028    2.60    6.67   11.96    6.36    0.61    1522
 15.500    5.70    7.21  0.1834    2.37    5.98    9.94    5.25    0.65    1520
 16.000    3.40    6.23  0.1930    1.83    5.23    7.95    4.29    0.76    1517
 16.500    0.96    5.32  0.1577    1.34    4.32    6.24    3.39    0.94    1515
 17.000   -1.49    4.61  0.1237    0.99    3.60    5.45    2.91    1.00    1509
 17.500   -3.82    4.10  0.0827    0.67    3.17    5.82    2.95    0.68    1505
 18.000   -5.84    3.67  0.0664    0.55    2.72    6.81    3.09    0.42    1503
 18.500   -7.48    3.40  0.0803    0.46    2.52    8.06    3.11    0.20    1501
 19.000   -8.99    3.28  0.0501    0.41    2.33    9.38    3.11    0.10    1498
 19.500  -10.23    3.19  0.0279    0.41    2.19   10.52    3.10    0.05    1494
 20.000  -11.34    3.21  0.0125    0.38    2.21   11.60    3.14    0.08    1493
 20.500  -12.33    3.20 -0.0114    0.40    2.29   12.58    3.16    0.18    1490
 21.000  -13.18    3.29 -0.0003    0.41    2.32   13.42    3.23    0.07    1484
 21.500  -13.96    3.34  0.0183    0.41    2.30   14.18    3.28    0.04    1479
 22.000  -14.56    3.44  0.0059    0.39    2.33   14.78    3.38   -0.02    1472
 22.500  -15.20    3.53 -0.0170    0.44    2.47   15.44    3.47   -0.08    1469
 23.000  -15.73    3.62  0.0173    0.46    2.53   15.97    3.56    0.04    1457
 23.500  -16.27    3.76  0.0010    0.52    2.55   16.50    3.71   -0.04    1446
 24.000  -16.72    3.84 -0.0097    0.51    2.67   16.95    3.80   -0.11    1442
 24.500  -17.23    3.90  0.0119    0.49    2.67   17.47    3.82   -0.10    1432
 25.000  -17.73    4.03 -0.0119    0.46    2.73   17.98    3.95   -0.07    1426
 25.500  -18.21    4.06 -0.0088    0.40    2.71   18.46    3.96   -0.05    1418
 26.000  -18.59    4.27 -0.0085    0.40    2.73   18.84    4.17   -0.07    1405
 26.500  -18.98    4.30 -0.0676    0.37    2.77   19.23    4.18   -0.06    1394
 27.000  -19.44    4.35 -0.0425    0.43    2.81   19.68    4.27   -0.05    1380
 27.500  -19.68    4.53 -0.0671    0.52    2.86   19.93    4.41   -0.12    1366
 28.000  -19.95    4.64 -0.0334    0.52    2.90   20.21    4.53   -0.06    1351
 28.500  -20.10    4.76 -0.0246    0.51    3.02   20.38    4.66    0.03    1322
 29.000  -20.33    5.02 -0.0121    0.52    3.06   20.61    4.92   -0.05    1293
 29.500  -20.59    5.25 -0.0507    0.51    3.13   20.88    5.15   -0.16    1250
 30.000  -20.65    5.38 -0.0697    0.61    3.17   20.95    5.29   -0.11    1212
     T A B L E  I -  10.  W I N D  S T A T I S T I C A L  P A R A M E T E R S
                                   October
 Station =   911650     Barking Sands, Hawaii (Lihue)
    Z    MEAN U   SD  U  R(U,V)  MEAN V   SD  V MEAN WS  SD  WS SKEW WS    NOBS
    KM     M/S     M/S             M/S     M/S     M/S     M/S                 
  0.000    0.00    0.00  0.0000    0.00    0.00    0.00    0.00    0.00     100
  0.036   -3.79    3.21  0.4112   -1.82    2.69    5.62    1.91    0.01    1763
  0.500   -5.40    3.57  0.5071   -1.92    3.32    7.04    2.70    0.01    1763
  1.000   -5.39    4.24  0.4131   -1.49    3.25    7.09    3.12    0.06    1764
  1.500   -5.01    4.78  0.3674   -1.08    3.25    6.99    3.32    0.34    1764
  2.000   -4.72    5.16  0.3807   -0.51    3.40    6.98    3.48    0.41    1764
  2.500   -4.11    5.55  0.3337   -0.14    3.56    6.86    3.67    0.62    1764
  3.000   -3.14    5.57  0.2869   -0.07    3.62    6.36    3.69    0.92    1764
  3.500   -2.31    5.46  0.2740   -0.03    3.75    6.03    3.61    1.23    1764
  4.000   -1.61    5.43  0.2906    0.02    3.94    5.92    3.58    1.33    1764
  4.500   -1.07    5.39  0.2777    0.01    4.27    5.93    3.67    1.48    1764
  5.000   -0.56    5.59  0.2604    0.00    4.70    6.21    3.91    1.50    1763
  5.500    0.01    5.90  0.2322    0.01    5.08    6.65    4.07    1.38    1762
  6.000    0.64    6.32  0.2167   -0.01    5.51    7.22    4.32    1.21    1762
  6.500    1.37    6.72  0.2185    0.00    5.88    7.82    4.55    1.12    1761
  7.000    2.13    7.20  0.2236   -0.04    6.28    8.50    4.87    0.99    1759
  7.500    3.01    7.72  0.2257   -0.05    6.75    9.32    5.26    0.90    1759
  8.000    4.01    8.21  0.2369   -0.10    7.15   10.10    5.74    0.86    1758
  8.500    5.07    8.63  0.2494   -0.10    7.59   10.97    6.14    0.81    1757
  9.000    6.32    9.24  0.2753   -0.14    7.90   12.04    6.56    0.77    1754
  9.500    7.54    9.97  0.2733   -0.20    8.37   13.26    7.14    0.80    1751
 10.000    8.96   10.83  0.2744   -0.25    8.78   14.64    7.81    0.77    1750
 10.500   10.44   11.65  0.2812   -0.17    9.20   16.06    8.47    0.68    1748
 11.000   11.78   12.35  0.2886    0.00    9.70   17.36    9.18    0.59    1746
 11.500   13.15   12.89  0.2817    0.12   10.08   18.64    9.69    0.46    1746
 12.000   14.40   13.25  0.2736    0.23   10.31   19.64   10.20    0.39    1744
 12.500   15.11   13.35  0.2878    0.11   10.34   20.15   10.40    0.40    1744
 13.000   15.18   13.23  0.2923   -0.04   10.06   20.00   10.37    0.44    1743
 13.500   14.56   12.88  0.3007   -0.33    9.65   19.22   10.12    0.55    1743
 14.000   13.33   12.21  0.2951   -0.34    8.89   17.76    9.53    0.59    1743
 14.500   11.79   11.11  0.2844   -0.31    8.03   15.92    8.62    0.65    1741
 15.000    9.93    9.87  0.2667   -0.41    7.28   13.92    7.50    0.65    1738
 15.500    8.09    8.70  0.2489   -0.40    6.68   12.03    6.47    0.67    1727
 16.000    6.20    7.70  0.2225   -0.39    6.09   10.21    5.60    0.79    1725
 16.500    4.40    6.73  0.1994   -0.30    5.36    8.43    4.78    0.88    1721
 17.000    2.60    5.87  0.1609   -0.28    4.74    6.99    3.97    0.93    1714
 17.500    0.80    5.15  0.1277   -0.12    4.09    5.81    3.29    0.94    1709
 18.000   -0.75    4.54  0.1182   -0.08    3.53    5.15    2.81    0.96    1704
 18.500   -2.19    4.17  0.0944   -0.01    3.11    5.02    2.71    0.86    1699
 19.000   -3.52    3.89  0.0439    0.06    2.88    5.38    2.75    0.70    1691
 19.500   -4.70    3.63  0.0252    0.10    2.68    5.91    2.87    0.49    1687
 20.000   -5.65    3.53  0.0146    0.08    2.53    6.50    3.03    0.37    1683
 20.500   -6.49    3.58  0.0110    0.07    2.50    7.18    3.18    0.30    1680
 21.000   -7.17    3.63  0.0030    0.10    2.41    7.75    3.30    0.23    1672
 21.500   -7.75    3.69 -0.0363    0.17    2.34    8.28    3.36    0.23    1671
 22.000   -8.26    3.74 -0.0128    0.21    2.50    8.79    3.45    0.25    1664
 22.500   -8.77    3.98  0.0442    0.30    2.50    9.30    3.63    0.23    1658
 23.000   -9.16    4.10  0.0061    0.39    2.41    9.65    3.79    0.14    1652
 23.500   -9.51    4.21  0.0118    0.46    2.54   10.01    3.93    0.13    1645
 24.000   -9.80    4.46  0.0611    0.46    2.66   10.32    4.12    0.11    1639
 24.500  -10.11    4.66  0.0474    0.41    2.58   10.63    4.28    0.08    1629
 25.000  -10.39    4.72  0.0174    0.37    2.66   10.92    4.36    0.10    1619
 25.500  -10.73    4.81  0.0250    0.34    2.75   11.28    4.43    0.10    1608
 26.000  -10.95    5.05  0.0558    0.38    2.80   11.52    4.61    0.09    1591
 26.500  -11.13    5.37  0.0372    0.47    2.80   11.74    4.82    0.07    1577
 27.000  -11.17    5.59  0.0373    0.53    2.82   11.85    4.97    0.05    1538
 27.500  -11.16    5.90  0.0452    0.54    2.87   11.95    5.07    0.07    1517
 28.000  -10.98    6.20  0.0329    0.47    2.86   11.87    5.21    0.06    1495
 28.500  -10.83    6.49  0.0309    0.47    3.02   11.87    5.34    0.10    1467
 29.000  -10.49    6.86  0.0436    0.53    3.11   11.73    5.49    0.17    1408
 29.500  -10.14    7.27  0.0360    0.55    3.17   11.62    5.64    0.31    1365
 30.000   -9.68    7.70  0.0137    0.61    3.24   11.49    5.71    0.37    1306
     T A B L E  I -  11.  W I N D  S T A T I S T I C A L  P A R A M E T E R S
                                  November
 Station =   911650     Barking Sands, Hawaii (Lihue)
    Z    MEAN U   SD  U  R(U,V)  MEAN V   SD  V MEAN WS  SD  WS SKEW WS    NOBS
    KM     M/S     M/S             M/S     M/S     M/S     M/S                 
  0.000    0.00    0.00  0.0000    0.00    0.00    0.00    0.00    0.00     100
  0.036   -3.69    3.43  0.3575   -2.07    3.12    5.86    2.23    0.28    1689
  0.500   -5.34    4.23  0.4306   -2.21    4.23    7.64    3.33    0.19    1689
  1.000   -5.11    4.94  0.3874   -1.62    4.22    7.64    3.58    0.18    1689
  1.500   -4.54    5.39  0.3744   -1.01    4.15    7.40    3.64    0.34    1689
  2.000   -4.11    5.78  0.3706   -0.23    4.19    7.38    3.70    0.47    1689
  2.500   -3.43    6.03  0.3128    0.21    4.30    7.27    3.74    0.64    1689
  3.000   -2.42    6.00  0.2634    0.27    4.34    6.87    3.73    0.87    1689
  3.500   -1.39    5.88  0.2195    0.20    4.61    6.61    3.80    1.01    1688
  4.000   -0.61    6.01  0.2053    0.12    4.97    6.76    3.98    1.14    1687
  4.500    0.12    6.27  0.2130    0.04    5.32    7.04    4.28    1.29    1686
  5.000    0.75    6.56  0.2236   -0.13    5.76    7.51    4.54    1.29    1686
  5.500    1.49    6.88  0.2246   -0.35    6.19    8.05    4.85    1.23    1686
  6.000    2.29    7.41  0.2178   -0.57    6.76    8.84    5.31    1.19    1685
  6.500    3.15    7.94  0.2364   -0.75    7.24    9.65    5.77    1.17    1684
  7.000    4.18    8.45  0.2333   -0.85    7.77   10.53    6.29    1.07    1683
  7.500    5.24    8.97  0.2433   -0.97    8.22   11.45    6.74    0.93    1681
  8.000    6.32    9.56  0.2730   -1.15    8.82   12.58    7.26    0.88    1679
  8.500    7.49   10.23  0.2955   -1.26    9.41   13.82    7.78    0.85    1678
  9.000    8.79   10.99  0.3009   -1.45    9.96   15.18    8.34    0.79    1678
  9.500   10.10   11.72  0.3035   -1.65   10.63   16.60    8.95    0.71    1678
 10.000   11.65   12.66  0.3060   -1.64   11.20   18.13    9.81    0.66    1676
 10.500   13.40   13.46  0.3068   -1.59   11.67   19.72   10.54    0.62    1675
 11.000   15.09   14.21  0.3069   -1.67   12.01   21.25   11.21    0.59    1673
 11.500   16.66   14.78  0.3002   -1.74   12.21   22.59   11.77    0.54    1669
 12.000   17.94   15.21  0.2916   -1.85   12.27   23.62   12.25    0.49    1667
 12.500   18.68   15.37  0.2954   -2.05   12.25   24.15   12.51    0.47    1666
 13.000   19.07   15.21  0.2909   -2.31   11.78   24.17   12.49    0.49    1665
 13.500   18.75   14.77  0.2732   -2.61   11.05   23.47   12.19    0.49    1663
 14.000   17.84   13.88  0.2594   -2.67   10.22   22.20   11.40    0.47    1661
 14.500   16.45   12.68  0.2423   -2.71    9.33   20.49   10.33    0.48    1657
 15.000   14.74   11.44  0.2313   -2.82    8.78   18.67    9.24    0.50    1653
 15.500   13.07   10.32  0.2323   -2.76    8.35   16.97    8.21    0.48    1647
 16.000   11.13    9.34  0.2165   -2.61    7.65   14.98    7.25    0.50    1636
 16.500    9.23    8.29  0.2029   -2.29    6.79   12.94    6.20    0.53    1628
 17.000    7.28    7.27  0.1844   -1.92    6.05   10.90    5.31    0.52    1619
 17.500    5.34    6.42  0.1788   -1.68    5.44    9.06    4.55    0.70    1611
 18.000    3.54    5.67  0.1688   -1.20    4.72    7.39    3.86    0.92    1607
 18.500    1.97    5.06  0.1813   -0.96    4.05    6.09    3.22    0.85    1602
 19.000    0.71    4.60  0.1401   -0.54    3.56    5.25    2.82    0.94    1594
 19.500   -0.23    4.15  0.1151   -0.32    3.23    4.74    2.55    0.87    1589
 20.000   -0.88    3.93  0.1063   -0.20    3.05    4.52    2.45    1.01    1584
 20.500   -1.46    3.75  0.0667   -0.11    2.92    4.37    2.54    1.09    1578
 21.000   -1.85    3.71  0.0976    0.00    2.72    4.37    2.51    1.16    1575
 21.500   -2.08    3.81  0.0731    0.06    2.70    4.54    2.51    1.03    1569
 22.000   -2.28    3.96  0.0241    0.08    2.74    4.76    2.55    0.88    1567
 22.500   -2.43    4.18  0.0544    0.10    2.78    5.01    2.60    0.77    1560
 23.000   -2.56    4.45  0.0422    0.10    2.71    5.21    2.71    0.77    1554
 23.500   -2.56    4.72  0.0246    0.15    2.88    5.48    2.82    0.74    1549
 24.000   -2.53    4.97  0.0685    0.16    3.14    5.72    2.98    0.77    1539
 24.500   -2.44    5.16  0.0749    0.17    3.12    5.81    3.06    0.82    1529
 25.000   -2.30    5.46  0.0914    0.24    3.24    6.01    3.21    0.82    1521
 25.500   -2.04    5.74  0.0999    0.22    3.34    6.17    3.31    0.90    1506
 26.000   -1.65    6.06  0.1216    0.12    3.41    6.34    3.41    0.96    1489
 26.500   -1.23    6.40  0.1136    0.16    3.61    6.55    3.60    1.12    1477
 27.000   -0.62    6.67  0.1141    0.27    3.62    6.65    3.83    1.27    1451
 27.500    0.08    7.01  0.1149    0.29    3.55    6.75    4.13    1.43    1428
 28.000    0.93    7.41  0.1098    0.32    3.56    7.04    4.45    1.52    1401
 28.500    1.96    7.81  0.0860    0.33    3.62    7.46    4.82    1.48    1355
 29.000    3.04    8.09  0.0616    0.43    3.70    7.91    5.18    1.27    1313
 29.500    4.14    8.25  0.0380    0.47    3.86    8.43    5.48    1.13    1273
 30.000    5.41    8.56  0.0365    0.58    3.94    9.16    5.94    1.03    1217
     T A B L E  I -  12.  W I N D  S T A T I S T I C A L  P A R A M E T E R S
                                  December
 Station =   911650     Barking Sands, Hawaii (Lihue)
    Z    MEAN U   SD  U  R(U,V)  MEAN V   SD  V MEAN WS  SD  WS SKEW WS    NOBS
    KM     M/S     M/S             M/S     M/S     M/S     M/S                 
  0.000    0.00    0.00  0.0000    0.00    0.00    0.00    0.00    0.00     100
  0.036   -3.06    4.05  0.4800   -1.58    3.48    5.84    2.48    0.43    1742
  0.500   -4.45    5.26  0.4806   -1.59    4.74    7.70    3.69    0.34    1742
  1.000   -4.22    6.14  0.4148   -1.06    4.69    7.89    4.06    0.38    1742
  1.500   -3.82    6.74  0.3781   -0.49    4.64    8.05    4.13    0.47    1742
  2.000   -3.44    7.20  0.3303    0.12    4.70    8.20    4.34    0.63    1742
  2.500   -2.71    7.49  0.2930    0.35    4.84    8.09    4.67    0.89    1742
  3.000   -1.62    7.60  0.2558    0.24    5.15    7.97    4.87    1.10    1742
  3.500   -0.52    7.73  0.2131    0.05    5.54    8.09    5.08    1.19    1742
  4.000    0.52    7.95  0.1755   -0.22    5.89    8.36    5.36    1.37    1742
  4.500    1.56    8.24  0.1649   -0.53    6.32    8.90    5.64    1.37    1740
  5.000    2.48    8.70  0.1330   -0.73    6.96    9.67    6.14    1.26    1739
  5.500    3.44    9.13  0.1165   -1.05    7.56   10.48    6.62    1.15    1739
  6.000    4.50    9.57  0.1305   -1.48    8.20   11.46    7.09    1.10    1739
  6.500    5.64   10.10  0.1299   -1.87    8.78   12.51    7.66    1.10    1739
  7.000    6.76   10.60  0.1193   -2.24    9.45   13.65    8.18    1.08    1737
  7.500    7.83   11.20  0.1307   -2.62   10.09   14.85    8.67    0.98    1736
  8.000    8.96   11.65  0.1396   -3.12   10.82   16.13    9.12    0.87    1735
  8.500   10.20   12.14  0.1655   -3.57   11.65   17.51    9.68    0.79    1735
  9.000   11.58   12.70  0.2040   -4.03   12.59   19.09   10.31    0.72    1732
  9.500   13.14   13.22  0.2174   -4.56   13.55   20.83   10.87    0.61    1731
 10.000   14.81   13.97  0.2486   -5.01   14.62   22.82   11.56    0.56    1730
 10.500   16.41   14.63  0.2911   -5.29   15.54   24.61   12.16    0.47    1728
 11.000   17.89   15.08  0.3304   -5.55   16.15   26.16   12.46    0.35    1726
 11.500   19.17   15.39  0.3667   -5.72   16.46   27.36   12.65    0.28    1724
 12.000   20.30   15.49  0.3934   -5.90   16.51   28.23   12.80    0.23    1724
 12.500   21.02   15.60  0.4071   -6.01   16.08   28.56   12.84    0.23    1720
 13.000   21.10   15.31  0.3895   -6.13   15.27   28.13   12.66    0.27    1718
 13.500   20.83   14.89  0.3700   -6.31   14.37   27.39   12.35    0.38    1716
 14.000   19.95   14.13  0.3511   -6.21   13.12   25.96   11.63    0.45    1714
 14.500   18.72   13.15  0.3271   -5.92   11.72   24.09   10.79    0.44    1707
 15.000   17.28   12.31  0.2819   -5.57   10.67   22.26   10.03    0.46    1702
 15.500   15.67   11.40  0.2208   -5.21    9.76   20.31    9.30    0.50    1700
 16.000   13.84   10.36  0.1904   -4.75    9.03   18.25    8.40    0.47    1696
 16.500   11.75    9.68  0.1732   -4.35    8.22   16.05    7.83    0.57    1689
 17.000    9.51    8.85  0.1596   -3.77    7.43   13.80    7.01    0.66    1681
 17.500    7.11    7.91  0.1533   -3.42    6.50   11.48    6.06    0.62    1665
 18.000    4.56    6.97  0.1430   -2.69    5.57    9.16    5.01    0.76    1658
 18.500    2.51    6.26  0.1446   -2.09    4.70    7.44    4.16    0.96    1656
 19.000    0.96    5.67  0.1511   -1.52    4.15    6.45    3.48    1.01    1650
 19.500   -0.14    5.27  0.1794   -1.03    3.67    5.77    3.18    1.07    1644
 20.000   -0.94    5.02  0.1866   -0.69    3.44    5.49    3.07    1.11    1638
 20.500   -1.22    5.02  0.1808   -0.43    3.34    5.44    3.04    1.12    1636
 21.000   -1.43    4.97  0.2080   -0.25    3.28    5.38    3.12    1.11    1633
 21.500   -1.43    4.91  0.1847   -0.15    3.12    5.24    3.10    1.09    1620
 22.000   -1.50    5.01  0.2070   -0.15    3.19    5.35    3.15    1.20    1613
 22.500   -1.39    5.22  0.1942   -0.08    3.20    5.48    3.26    1.13    1604
 23.000   -1.29    5.35  0.1999   -0.01    3.26    5.55    3.35    1.18    1596
 23.500   -1.05    5.56  0.1768   -0.00    3.35    5.70    3.41    1.07    1591
 24.000   -0.73    5.83  0.1901    0.05    3.48    5.91    3.55    1.14    1579
 24.500   -0.38    6.06  0.2004    0.06    3.58    6.09    3.67    1.10    1565
 25.000    0.03    6.43  0.2226    0.08    3.64    6.35    3.89    1.18    1552
 25.500    0.42    6.78  0.2256    0.06    3.80    6.69    4.09    1.18    1544
 26.000    0.87    7.14  0.2270    0.05    3.99    7.07    4.31    1.24    1533
 26.500    1.36    7.65  0.2439    0.08    4.14    7.53    4.61    1.30    1516
 27.000    1.98    8.12  0.2537    0.11    4.19    8.04    4.86    1.30    1495
 27.500    2.73    8.62  0.2274    0.11    4.26    8.58    5.22    1.22    1472
 28.000    3.39    9.15  0.1769    0.11    4.49    9.24    5.58    1.15    1451
 28.500    4.14    9.64  0.1848    0.09    4.61    9.87    5.90    1.15    1410
 29.000    4.85   10.22  0.1958    0.15    4.76   10.64    6.20    1.03    1356
 29.500    5.55   10.68  0.1855    0.15    4.91   11.28    6.52    0.86    1304
 30.000    6.26   11.02  0.1410    0.34    5.12   11.94    6.71    0.73    1240
     T A B L E  I -  13.  W I N D  S T A T I S T I C A L  P A R A M E T E R S
                                    Annual
 Station =   911650     Barking Sands, Hawaii (Lihue)
    Z    MEAN U   SD  U  R(U,V)  MEAN V   SD  V MEAN WS  SD  WS SKEW WS    NOBS
    KM     M/S     M/S             M/S     M/S     M/S     M/S                 
  0.000    0.00    0.00  0.0000    0.00    0.00    0.00    0.00    0.00     100
  0.036   -3.73    3.40  0.4507   -2.10    2.92    5.85    2.07    0.21   20457
  0.500   -5.19    4.29  0.4944   -2.16    3.74    7.42    3.06    0.25   20458
  1.000   -5.02    5.06  0.4328   -1.62    3.67    7.45    3.41    0.28   20459
  1.500   -4.46    5.64  0.3810   -1.13    3.66    7.35    3.54    0.48   20459
  2.000   -4.03    6.19  0.3267   -0.50    3.76    7.42    3.77    0.65   20456
  2.500   -3.29    6.61  0.2484   -0.14    3.90    7.32    4.06    0.92   20455
  3.000   -2.17    6.78  0.1909   -0.08    4.03    7.00    4.26    1.23   20452
  3.500   -1.07    6.92  0.1462   -0.13    4.24    6.87    4.50    1.51   20447
  4.000   -0.10    7.16  0.1284   -0.23    4.52    7.00    4.80    1.67   20444
  4.500    0.81    7.51  0.1169   -0.31    4.90    7.36    5.22    1.73   20439
  5.000    1.68    7.96  0.1034   -0.38    5.34    7.91    5.71    1.72   20436
  5.500    2.61    8.42  0.0920   -0.47    5.78    8.56    6.20    1.68   20430
  6.000    3.57    8.92  0.0834   -0.59    6.32    9.34    6.76    1.61   20423
  6.500    4.59    9.42  0.0789   -0.70    6.85   10.20    7.33    1.54   20419
  7.000    5.62    9.96  0.0700   -0.84    7.46   11.17    7.94    1.49   20410
  7.500    6.72   10.54  0.0659   -0.99    8.10   12.23    8.58    1.44   20405
  8.000    7.88   11.18  0.0673   -1.19    8.78   13.42    9.28    1.39   20394
  8.500    9.13   11.83  0.0759   -1.40    9.52   14.73    9.98    1.31   20383
  9.000   10.52   12.54  0.0861   -1.63   10.31   16.20   10.71    1.22   20369
  9.500   11.93   13.26  0.0983   -1.87   11.11   17.76   11.42    1.10   20356
 10.000   13.52   14.07  0.1172   -2.08   11.90   19.48   12.18    0.99   20337
 10.500   15.16   14.85  0.1376   -2.23   12.59   21.18   12.88    0.90   20324
 11.000   16.70   15.49  0.1546   -2.37   13.16   22.76   13.42    0.80   20312
 11.500   18.22   16.01  0.1677   -2.47   13.57   24.24   13.85    0.71   20297
 12.000   19.50   16.33  0.1739   -2.51   13.79   25.40   14.11    0.65   20281
 12.500   20.42   16.47  0.1757   -2.54   13.63   26.08   14.17    0.61   20259
 13.000   20.82   16.32  0.1665   -2.57   13.14   26.16   14.00    0.59   20245
 13.500   20.57   15.91  0.1442   -2.52   12.49   25.56   13.66    0.60   20231
 14.000   19.70   15.20  0.1123   -2.35   11.59   24.26   13.07    0.62   20216
 14.500   18.18   14.15  0.0725   -2.14   10.58   22.35   12.19    0.64   20178
 15.000   16.18   13.06  0.0316   -1.93    9.63   20.09   11.23    0.70   20143
 15.500   13.91   12.03 -0.0113   -1.70    8.72   17.65   10.34    0.77   20084
 16.000   11.45   11.14 -0.0457   -1.49    7.83   15.16    9.47    0.85   20015
 16.500    8.93   10.44 -0.0745   -1.30    6.92   12.88    8.55    0.93   19937
 17.000    6.40    9.76 -0.0922   -1.09    6.14   11.01    7.41    1.05   19835
 17.500    3.90    9.08 -0.0962   -0.84    5.38    9.56    6.08    1.17   19756
 18.000    1.60    8.43 -0.0925   -0.56    4.60    8.51    4.87    1.15   19705
 18.500   -0.42    7.89 -0.0830   -0.32    3.95    7.85    4.15    0.83   19663
 19.000   -2.13    7.49 -0.0674   -0.11    3.44    7.58    4.00    0.58   19587
 19.500   -3.53    7.22 -0.0470    0.06    3.08    7.57    4.23    0.55   19532
 20.000   -4.67    7.13 -0.0287    0.16    2.86    7.76    4.63    0.58   19476
 20.500   -5.55    7.18 -0.0147    0.20    2.73    8.09    5.01    0.59   19423
 21.000   -6.30    7.31 -0.0070    0.25    2.64    8.50    5.36    0.58   19354
 21.500   -6.89    7.50 -0.0136    0.26    2.61    8.91    5.64    0.57   19292
 22.000   -7.41    7.71 -0.0127    0.26    2.64    9.34    5.92    0.56   19237
 22.500   -7.86    7.99 -0.0115    0.29    2.66    9.76    6.18    0.55   19162
 23.000   -8.21    8.26 -0.0169    0.32    2.68   10.11    6.42    0.55   19091
 23.500   -8.46    8.60 -0.0152    0.32    2.79   10.48    6.65    0.53   19013
 24.000   -8.67    9.00  0.0017    0.34    2.91   10.86    6.89    0.53   18901
 24.500   -8.80    9.39  0.0062    0.35    2.94   11.18    7.08    0.52   18776
 25.000   -8.88    9.80  0.0131    0.36    3.03   11.51    7.24    0.50   18661
 25.500   -8.88   10.20  0.0118    0.36    3.09   11.80    7.36    0.49   18518
 26.000   -8.81   10.64  0.0121    0.38    3.18   12.08    7.47    0.47   18367
 26.500   -8.72   11.15  0.0193    0.40    3.27   12.42    7.59    0.45   18183
 27.000   -8.59   11.68  0.0278    0.43    3.31   12.77    7.70    0.43   17860
 27.500   -8.44   12.21  0.0254    0.44    3.36   13.10    7.82    0.42   17565
 28.000   -8.23   12.76  0.0244    0.42    3.44   13.45    7.90    0.40   17238
 28.500   -8.01   13.33  0.0210    0.43    3.54   13.83    8.01    0.38   16796
 29.000   -7.83   13.87  0.0239    0.44    3.68   14.23    8.13    0.36   16279
 29.500   -7.68   14.43  0.0166    0.47    3.81   14.64    8.27    0.34   15710
 30.000   -7.56   14.95  0.0122    0.54    3.93   15.06    8.40    0.32   15037
