      74794      28.47N   80.57W
     T A B L E  I -   1.  W I N D  S T A T I S T I C A L  P A R A M E T E R S
                                   January
 Station =   74794      Cape Canaveral Air Force Station
    Z    MEAN U   SD  U  R(U,V)  MEAN V   SD  V MEAN WS  SD  WS SKEW WS    NOBS
    KM     M/S     M/S             M/S     M/S     M/S     M/S                 
  0.000    0.00    0.00  0.0000    0.00    0.00    0.00    0.00    0.00     100
  0.004    0.01    2.54 -0.3085   -0.21    2.80    3.15    2.11    0.96    1496
  0.500    0.42    6.36 -0.0484    0.66    7.37    8.78    4.38    0.71    1496
  1.000    1.89    6.91 -0.0055    1.62    6.60    8.73    4.71    0.82    1496
  1.500    4.01    7.06 -0.0125    1.75    6.34    9.02    5.29    0.91    1496
  2.000    5.86    7.17 -0.0001    1.61    6.28    9.76    5.76    0.81    1496
  2.500    7.56    7.68 -0.0283    1.70    6.44   10.95    6.40    0.80    1496
  3.000    9.24    8.23 -0.0047    1.81    6.58   12.30    6.97    0.73    1496
  3.500   10.91    8.78  0.0247    1.94    6.95   13.82    7.59    0.64    1496
  4.000   12.48    9.30  0.0586    1.99    7.35   15.28    8.17    0.58    1496
  4.500   14.12    9.78  0.0721    2.18    7.69   16.86    8.67    0.52    1495
  5.000   15.74   10.15  0.0925    2.36    8.08   18.43    9.08    0.44    1495
  5.500   17.22   10.60  0.1054    2.67    8.44   19.97    9.41    0.35    1495
  6.000   18.82   11.24  0.1136    2.86    8.77   21.63    9.91    0.26    1495
  6.500   20.45   11.87  0.1194    3.03    9.25   23.35   10.45    0.22    1495
  7.000   22.17   12.47  0.1523    3.13    9.70   25.10   10.98    0.22    1495
  7.500   23.84   13.10  0.1830    3.33   10.13   26.83   11.58    0.21    1495
  8.000   25.49   13.79  0.2035    3.47   10.74   28.56   12.33    0.19    1478
  8.500   27.25   14.43  0.2151    3.69   11.25   30.32   13.11    0.16    1478
  9.000   28.96   15.15  0.2245    3.81   11.80   32.05   13.97    0.14    1478
  9.500   30.90   16.02  0.2073    3.59   12.27   33.97   14.88    0.14    1375
 10.000   32.99   16.75  0.2070    3.46   12.72   36.01   15.69    0.12    1375
 10.500   34.97   17.23  0.2095    3.47   13.06   37.91   16.31    0.04    1375
 11.000   36.77   17.38  0.2163    3.54   13.41   39.63   16.61   -0.03    1359
 11.500   38.40   17.28  0.2412    3.75   13.54   41.16   16.65   -0.08    1359
 12.000   39.57   17.02  0.2621    3.86   13.11   42.11   16.43   -0.14    1359
 12.500   40.19   16.60  0.2879    4.02   12.36   42.47   16.00   -0.15    1358
 13.000   40.21   16.06  0.2947    4.00   11.43   42.27   15.37   -0.15    1357
 13.500   39.37   15.51  0.2759    3.63   10.61   41.28   14.63   -0.16    1357
 14.000   37.94   14.81  0.2567    3.35    9.94   39.71   13.86   -0.16    1355
 14.500   35.98   14.04  0.2568    3.43    9.66   37.79   13.04   -0.17    1355
 15.000   33.69   13.46  0.2249    3.31    9.24   35.53   12.29   -0.12    1355
 15.500   31.24   12.67  0.2102    3.20    8.77   33.07   11.44   -0.19    1350
 16.000   28.94   12.05  0.1893    3.04    8.03   30.72   10.71   -0.14    1348
 16.500   26.22   11.54  0.1171    2.58    7.48   27.96   10.11   -0.03    1346
 17.000   23.41   10.86  0.1000    2.52    7.14   25.24    9.35   -0.08    1341
 17.500   20.61   10.13  0.1179    2.25    6.48   22.45    8.50    0.01    1334
 18.000   17.85    9.45  0.1443    2.03    5.94   19.66    7.83    0.16    1319
 18.500   15.18    8.87  0.1302    1.48    5.27   16.99    7.20    0.43    1265
 19.000   12.56    8.32  0.1147    1.21    4.80   14.45    6.64    0.48    1223
 19.500   10.36    7.86  0.1130    0.93    4.68   12.39    6.20    0.58    1216
 20.000    8.49    7.63  0.1601    0.64    4.03   10.68    5.86    0.82    1178
 20.500    7.15    7.57  0.1682    0.64    3.95    9.59    5.78    1.04    1141
 21.000    6.28    7.67  0.1781    0.50    3.87    8.93    5.83    1.32    1128
 21.500    5.40    7.72  0.2058    0.43    3.69    8.47    5.66    1.42    1104
 22.000    4.80    7.88  0.1776    0.26    3.71    8.20    5.67    1.44    1088
 22.500    4.36    8.19  0.1860    0.14    3.90    8.35    5.67    1.44    1084
 23.000    3.98    8.64  0.1869    0.09    3.91    8.52    5.84    1.48    1070
 23.500    3.86    9.11  0.2098    0.13    4.07    8.82    6.08    1.47    1051
 24.000    3.82    9.80  0.2366    0.10    4.10    9.32    6.42    1.46    1044
 24.500    3.88   10.39  0.2681   -0.00    4.17    9.82    6.68    1.49    1027
 25.000    4.10   11.06  0.2733    0.12    4.44   10.42    7.10    1.47    1002
 25.500    4.31   11.54  0.3169    0.14    4.55   10.87    7.40    1.43     995
 26.000    4.72   12.20  0.3481    0.21    4.75   11.53    7.84    1.40     976
 26.500    5.05   12.90  0.3443    0.28    4.96   12.19    8.24    1.35     952
 27.000    5.44   13.30  0.3016    0.23    5.14   12.84    8.30    1.31     921
 27.500    5.79   13.73  0.2959    0.20    5.32   13.33    8.56    1.19     874
 28.000    6.05   13.73  0.2829    0.56    5.42   13.64    8.32    0.94     851
 28.500    6.30   14.02  0.2587    0.88    5.58   14.03    8.48    0.82     798
 29.000    6.77   14.44  0.2484    1.10    5.76   14.48    8.91    0.83     755
 29.500    7.53   14.77  0.2336    1.38    6.41   15.37    9.09    0.74     728
 30.000    8.10   15.11  0.1901    1.75    6.95   16.06    9.44    0.61     694
     T A B L E  I -   2.  W I N D  S T A T I S T I C A L  P A R A M E T E R S
                                  February
 Station =   74794      Cape Canaveral Air Force Station
    Z    MEAN U   SD  U  R(U,V)  MEAN V   SD  V MEAN WS  SD  WS SKEW WS    NOBS
    KM     M/S     M/S             M/S     M/S     M/S     M/S                 
  0.000    0.00    0.00  0.0000    0.00    0.00    0.00    0.00    0.00     100
  0.004    0.02    2.82 -0.2608    0.01    2.78    3.34    2.13    0.76    1653
  0.500    0.95    6.49 -0.0306    1.15    6.65    8.51    4.13    0.65    1653
  1.000    2.74    7.09 -0.0389    1.69    5.93    8.63    4.70    0.95    1653
  1.500    4.88    7.14 -0.0467    1.52    5.69    9.00    5.35    1.02    1653
  2.000    6.59    7.46 -0.0190    1.18    5.84    9.94    6.03    0.97    1653
  2.500    8.21    8.02  0.0081    1.04    6.00   11.11    6.77    0.97    1653
  3.000    9.72    8.58  0.0465    1.04    6.38   12.49    7.36    0.94    1653
  3.500   11.23    9.09  0.0761    1.15    6.63   13.87    7.87    0.87    1652
  4.000   12.89    9.67  0.0956    1.19    7.15   15.48    8.52    0.78    1651
  4.500   14.50   10.13  0.0956    1.33    7.57   17.06    9.02    0.71    1651
  5.000   15.97   10.74  0.1110    1.43    8.03   18.57    9.62    0.69    1651
  5.500   17.69   11.53  0.1190    1.55    8.51   20.29   10.44    0.69    1651
  6.000   19.45   12.23  0.1570    1.73    8.74   22.05   11.01    0.67    1651
  6.500   21.00   12.78  0.1855    1.83    9.11   23.67   11.43    0.59    1651
  7.000   22.61   13.32  0.1974    1.96    9.66   25.33   12.02    0.51    1651
  7.500   24.25   13.91  0.1968    1.96   10.13   26.99   12.64    0.41    1651
  8.000   25.88   14.72  0.2109    1.89   10.41   28.62   13.41    0.37    1640
  8.500   27.65   15.56  0.2204    1.77   10.90   30.44   14.21    0.33    1640
  9.000   29.58   16.44  0.2244    1.59   11.39   32.44   15.03    0.29    1640
  9.500   32.27   17.07  0.2329    1.61   12.19   35.20   15.65    0.24    1509
 10.000   34.20   17.57  0.2381    1.45   12.86   37.17   16.27    0.18    1509
 10.500   36.14   17.88  0.2513    1.51   13.42   39.07   16.80    0.08    1509
 11.000   38.11   17.92  0.2554    1.58   13.87   40.97   17.01   -0.05    1500
 11.500   39.73   17.72  0.2612    1.60   14.10   42.53   16.91   -0.16    1500
 12.000   40.83   17.25  0.2638    1.82   13.82   43.47   16.44   -0.28    1500
 12.500   41.29   16.62  0.2839    2.26   12.97   43.64   15.81   -0.31    1499
 13.000   41.05   15.91  0.2904    2.36   11.89   43.12   15.10   -0.31    1498
 13.500   40.24   15.27  0.3072    2.13   10.89   42.04   14.48   -0.28    1498
 14.000   38.80   14.65  0.3016    1.99   10.11   40.44   13.83   -0.21    1498
 14.500   36.82   13.84  0.2711    1.85    9.49   38.42   12.91   -0.15    1498
 15.000   34.59   13.05  0.2604    1.70    9.13   36.22   11.92   -0.17    1498
 15.500   31.93   12.44  0.2789    1.59    8.79   33.62   11.16   -0.19    1482
 16.000   29.27   11.92  0.2864    1.60    8.28   30.97   10.60   -0.15    1482
 16.500   26.80   11.45  0.2638    1.58    7.89   28.56    9.96   -0.06    1482
 17.000   23.76   10.77  0.2544    1.11    7.16   25.52    9.10   -0.04    1479
 17.500   20.45    9.98  0.2074    0.75    6.68   22.33    8.15   -0.00    1475
 18.000   17.34    9.31  0.1956    0.56    6.45   19.37    7.36    0.08    1461
 18.500   14.49    8.54  0.1635    0.28    5.56   16.47    6.66    0.21    1416
 19.000   11.90    7.80  0.1628    0.20    4.95   13.87    6.02    0.36    1362
 19.500    9.72    7.34  0.1592    0.01    4.56   11.73    5.61    0.44    1341
 20.000    7.80    7.09  0.1595    0.03    4.02   10.10    5.17    0.60    1301
 20.500    6.29    6.94  0.1313   -0.09    3.80    8.91    4.89    0.82    1244
 21.000    5.19    6.94  0.0968   -0.18    3.72    8.22    4.69    0.91    1223
 21.500    4.43    7.10  0.0411   -0.28    3.57    7.92    4.63    1.00    1190
 22.000    3.96    7.25  0.0164   -0.39    3.64    7.73    4.74    1.00    1178
 22.500    3.55    7.61  0.0434   -0.37    3.74    7.84    4.88    1.10    1172
 23.000    3.34    8.10  0.0309   -0.50    3.69    8.06    5.14    1.27    1161
 23.500    3.08    8.67  0.0426   -0.45    3.65    8.22    5.55    1.32    1151
 24.000    3.02    9.15  0.0524   -0.32    3.76    8.60    5.81    1.43    1144
 24.500    3.13    9.70  0.0798   -0.16    3.83    9.06    6.09    1.44    1118
 25.000    3.41   10.24  0.1457   -0.16    3.98    9.55    6.42    1.42    1096
 25.500    3.64   10.80  0.1689   -0.14    3.96   10.10    6.65    1.40    1079
 26.000    3.98   11.37  0.1608   -0.09    4.02   10.62    7.01    1.39    1058
 26.500    4.60   11.97  0.1780   -0.12    4.13   11.24    7.44    1.32    1039
 27.000    5.13   12.53  0.1737    0.00    4.30   11.90    7.81    1.29     992
 27.500    5.62   13.31  0.2063    0.05    4.60   12.69    8.31    1.25     927
 28.000    6.35   13.88  0.2353    0.48    4.82   13.49    8.66    1.15     897
 28.500    7.45   14.10  0.2422    0.73    5.18   14.18    9.02    1.16     839
 29.000    8.60   14.48  0.2502    0.98    5.46   15.04    9.43    1.07     792
 29.500    9.49   14.93  0.2278    1.18    5.95   15.86    9.95    0.96     778
 30.000   10.54   15.18  0.3058    1.11    6.31   16.74   10.25    0.94     729
     T A B L E  I -   3.  W I N D  S T A T I S T I C A L  P A R A M E T E R S
                                     March
 Station =   74794      Cape Canaveral Air Force Station
    Z    MEAN U   SD  U  R(U,V)  MEAN V   SD  V MEAN WS  SD  WS SKEW WS    NOBS
    KM     M/S     M/S             M/S     M/S     M/S     M/S                 
  0.000    0.00    0.00  0.0000    0.00    0.00    0.00    0.00    0.00     100
  0.004   -0.44    3.10 -0.2514    0.08    2.92    3.68    2.20    0.69    1868
  0.500    0.08    6.93 -0.0598    1.15    6.62    8.77    4.13    0.67    1868
  1.000    1.84    7.42 -0.0025    1.37    6.07    8.76    4.59    0.94    1868
  1.500    3.78    7.72  0.0235    1.12    6.07    9.26    5.14    0.88    1868
  2.000    5.39    7.89  0.0499    0.73    6.22    9.87    5.81    0.85    1868
  2.500    6.82    8.33  0.0687    0.46    6.44   10.79    6.44    0.80    1868
  3.000    8.26    8.89  0.0771    0.29    6.73   11.93    7.11    0.80    1868
  3.500    9.84    9.35  0.1053    0.14    7.13   13.23    7.79    0.76    1868
  4.000   11.35    9.82  0.1388    0.02    7.38   14.40    8.51    0.71    1868
  4.500   12.80   10.19  0.1554    0.02    7.58   15.58    9.09    0.63    1868
  5.000   14.32   10.61  0.1681    0.12    7.87   17.04    9.48    0.58    1868
  5.500   15.97   11.13  0.1663    0.19    8.33   18.71    9.91    0.51    1867
  6.000   17.59   11.82  0.1755    0.36    8.60   20.37   10.43    0.52    1867
  6.500   19.20   12.63  0.1959    0.44    9.07   22.07   11.13    0.55    1867
  7.000   20.75   13.47  0.2258    0.53    9.62   23.74   11.89    0.56    1867
  7.500   22.29   14.16  0.2476    0.71   10.23   25.37   12.61    0.58    1867
  8.000   23.98   15.01  0.2591    0.94   10.77   27.17   13.40    0.56    1818
  8.500   25.68   15.77  0.2612    1.03   11.30   28.93   14.16    0.51    1818
  9.000   27.47   16.53  0.2505    0.95   11.82   30.77   14.91    0.46    1817
  9.500   29.40   17.58  0.2316    0.91   12.53   32.80   15.99    0.38    1680
 10.000   31.42   18.17  0.2092    0.74   13.21   34.88   16.62    0.30    1680
 10.500   33.38   18.66  0.2082    0.52   13.88   36.87   17.23    0.24    1680
 11.000   35.42   18.92  0.2087    0.34   14.39   38.88   17.55    0.16    1663
 11.500   37.29   18.74  0.2291    0.33   14.74   40.69   17.42    0.05    1663
 12.000   38.54   18.33  0.2533    0.41   14.51   41.74   17.05   -0.08    1663
 12.500   39.26   17.61  0.2511    0.52   13.89   42.11   16.49   -0.20    1662
 13.000   39.04   16.63  0.2661    0.74   12.78   41.55   15.48   -0.25    1662
 13.500   38.10   15.80  0.2759    0.74   11.68   40.33   14.59   -0.25    1662
 14.000   36.70   15.17  0.2650    0.75   10.54   38.67   13.91   -0.20    1662
 14.500   34.83   14.27  0.2375    0.73    9.69   36.69   12.90   -0.24    1662
 15.000   32.57   13.52  0.2346    0.74    9.09   34.39   12.06   -0.26    1662
 15.500   29.91   12.88  0.2240    0.68    8.41   31.72   11.23   -0.23    1659
 16.000   27.17   12.09  0.2132    0.73    7.84   29.01   10.34   -0.25    1659
 16.500   24.34   11.20  0.1889    0.76    7.46   26.20    9.40   -0.23    1658
 17.000   21.31   10.24  0.1469    0.38    6.79   23.16    8.38   -0.20    1657
 17.500   18.22    9.43  0.1364    0.30    6.14   20.06    7.59   -0.00    1641
 18.000   15.39    8.65  0.1451    0.27    5.78   17.23    6.98    0.17    1616
 18.500   12.58    7.97  0.1112   -0.06    5.08   14.42    6.42    0.39    1570
 19.000    9.96    7.22  0.1025   -0.11    4.64   11.92    5.70    0.55    1507
 19.500    7.91    6.84  0.0875   -0.22    4.24    9.99    5.27    0.55    1496
 20.000    6.22    6.40  0.0723   -0.44    3.83    8.64    4.63    0.72    1446
 20.500    4.74    6.01  0.0941   -0.43    3.66    7.47    4.17    0.90    1413
 21.000    4.07    6.00  0.0994   -0.37    3.50    7.01    4.04    1.02    1397
 21.500    3.39    5.98  0.0909   -0.62    3.38    6.77    3.82    0.97    1373
 22.000    2.66    6.34  0.0258   -0.69    3.51    6.73    3.94    0.96    1347
 22.500    2.14    6.71  0.0655   -0.70    3.79    6.94    4.12    1.05    1337
 23.000    1.90    7.26  0.0115   -0.55    3.59    7.11    4.49    1.26    1325
 23.500    1.77    7.84 -0.0124   -0.53    3.55    7.28    4.97    1.42    1311
 24.000    1.93    8.26 -0.0171   -0.44    3.41    7.50    5.32    1.66    1300
 24.500    2.13    8.98  0.0190   -0.31    3.45    7.96    5.87    1.71    1268
 25.000    2.52    9.51  0.0399   -0.38    3.61    8.37    6.32    1.65    1240
 25.500    3.12   10.17  0.0864   -0.47    3.48    8.96    6.78    1.67    1228
 26.000    3.58   10.74  0.1250   -0.38    3.67    9.58    7.14    1.64    1208
 26.500    4.20   11.41  0.1542   -0.18    3.83   10.27    7.56    1.57    1194
 27.000    5.11   11.76  0.1799   -0.11    3.78   10.91    7.78    1.50    1149
 27.500    6.09   12.10  0.2029    0.05    4.01   11.68    7.99    1.42    1093
 28.000    7.09   12.45  0.2235    0.29    4.29   12.46    8.31    1.34    1066
 28.500    8.11   12.73  0.2413    0.57    4.36   13.31    8.43    1.25    1014
 29.000    9.14   13.21  0.2507    0.60    4.54   14.31    8.65    1.12     974
 29.500   10.27   13.62  0.2498    0.65    4.90   15.43    8.86    0.97     941
 30.000   11.26   13.49  0.2341    0.77    5.16   16.12    8.83    0.87     887
     T A B L E  I -   4.  W I N D  S T A T I S T I C A L  P A R A M E T E R S
                                     April
 Station =   74794      Cape Canaveral Air Force Station
    Z    MEAN U   SD  U  R(U,V)  MEAN V   SD  V MEAN WS  SD  WS SKEW WS    NOBS
    KM     M/S     M/S             M/S     M/S     M/S     M/S                 
  0.000    0.00    0.00  0.0000    0.00    0.00    0.00    0.00    0.00     100
  0.004   -0.90    2.91 -0.1673    0.43    2.88    3.64    2.13    0.68    1694
  0.500   -0.68    5.89 -0.0746    1.68    5.93    7.78    3.63    0.72    1694
  1.000    0.80    6.27  0.0272    1.46    5.15    7.29    3.99    1.19    1694
  1.500    2.36    6.63  0.0769    1.07    4.94    7.45    4.45    1.19    1694
  2.000    3.66    6.93  0.0815    0.71    5.04    7.93    5.00    1.09    1694
  2.500    4.66    7.26  0.1026    0.46    5.12    8.43    5.49    1.05    1694
  3.000    5.54    7.69  0.1074    0.29    5.34    9.07    6.02    1.11    1694
  3.500    6.57    8.07  0.1099    0.13    5.57    9.85    6.55    1.09    1694
  4.000    7.68    8.47  0.0982   -0.12    5.79   10.64    7.16    1.04    1693
  4.500    8.88    8.83  0.1045   -0.30    5.97   11.56    7.69    1.01    1693
  5.000   10.03    9.16  0.1124   -0.48    6.22   12.60    8.07    0.99    1693
  5.500   11.30    9.55  0.1310   -0.57    6.52   13.77    8.50    0.94    1693
  6.000   12.61   10.06  0.1685   -0.66    6.80   15.03    9.02    0.87    1693
  6.500   14.09   10.58  0.1850   -0.71    7.13   16.48    9.51    0.83    1692
  7.000   15.50   11.04  0.2076   -0.79    7.59   17.92    9.97    0.77    1692
  7.500   16.88   11.58  0.2245   -0.84    8.03   19.30   10.59    0.73    1692
  8.000   18.37   12.16  0.2482   -0.98    8.60   20.84   11.23    0.70    1669
  8.500   19.85   12.76  0.2480   -0.99    9.27   22.40   11.91    0.64    1669
  9.000   21.36   13.41  0.2334   -1.06    9.95   24.05   12.59    0.60    1668
  9.500   22.92   14.45  0.2115   -1.37   10.69   25.83   13.52    0.54    1536
 10.000   24.63   15.38  0.1983   -1.64   11.21   27.63   14.42    0.52    1536
 10.500   26.36   16.14  0.2105   -1.93   11.99   29.55   15.16    0.51    1536
 11.000   28.06   16.77  0.2254   -2.27   12.77   31.43   15.78    0.46    1520
 11.500   29.59   17.10  0.2497   -2.46   13.35   33.08   16.08    0.38    1520
 12.000   31.00   17.09  0.2746   -2.50   13.44   34.37   16.09    0.30    1520
 12.500   32.14   16.69  0.2936   -2.45   13.16   35.30   15.65    0.23    1515
 13.000   32.59   15.81  0.3271   -2.29   12.40   35.43   14.72    0.22    1515
 13.500   32.21   14.85  0.3487   -2.01   11.52   34.75   13.71    0.23    1514
 14.000   31.11   13.77  0.3513   -1.77   10.48   33.34   12.61    0.23    1513
 14.500   29.50   12.88  0.3533   -1.47    9.39   31.45   11.76    0.25    1513
 15.000   27.60   11.89  0.3159   -1.35    8.61   29.39   10.80    0.30    1510
 15.500   25.42   10.80  0.2867   -1.49    8.16   27.16    9.73    0.34    1504
 16.000   22.80    9.90  0.2716   -1.36    7.53   24.51    8.79    0.29    1504
 16.500   20.30    8.99  0.2496   -1.08    7.06   21.95    7.90    0.22    1504
 17.000   17.80    8.26  0.2154   -1.02    6.56   19.43    7.24    0.21    1504
 17.500   14.89    7.49  0.2033   -1.06    5.87   16.51    6.52    0.24    1498
 18.000   12.04    6.79  0.1832   -0.92    5.46   13.71    5.83    0.36    1481
 18.500    9.15    6.06  0.1817   -0.76    5.02   11.01    5.14    0.55    1447
 19.000    6.80    5.67  0.1894   -0.65    4.38    8.85    4.60    0.77    1408
 19.500    4.84    5.19  0.1151   -0.73    3.96    7.20    3.86    0.79    1387
 20.000    3.41    4.68  0.0860   -0.56    3.63    6.15    3.26    0.88    1344
 20.500    2.30    4.49  0.1053   -0.56    3.44    5.47    2.99    0.84    1320
 21.000    1.46    4.48  0.1081   -0.56    3.38    5.20    2.74    0.71    1306
 21.500    0.57    4.56  0.0505   -0.65    3.10    5.04    2.73    1.10    1280
 22.000    0.15    4.99 -0.0325   -0.54    3.22    5.16    3.11    1.42    1261
 22.500   -0.38    5.34 -0.0287   -0.56    3.31    5.27    3.58    1.92    1253
 23.000   -0.56    5.99 -0.0129   -0.40    3.31    5.67    4.05    2.29    1239
 23.500   -0.50    6.43 -0.0279   -0.40    3.41    5.82    4.45    2.54    1225
 24.000   -0.54    6.79 -0.0265   -0.34    3.26    5.89    4.81    2.81    1221
 24.500   -0.43    7.26 -0.0372   -0.18    3.22    6.16    5.13    2.96    1197
 25.000   -0.16    7.89 -0.0154   -0.16    3.39    6.57    5.53    2.86    1180
 25.500   -0.00    8.39  0.0014    0.01    3.40    6.96    5.85    2.82    1171
 26.000    0.38    8.87  0.0455    0.11    3.54    7.35    6.16    2.71    1150
 26.500    0.85    9.35  0.0903    0.14    3.72    7.77    6.46    2.55    1140
 27.000    1.31    9.79  0.1184    0.09    3.75    8.25    6.67    2.43    1101
 27.500    1.83    9.99  0.1295    0.03    3.93    8.64    6.67    2.23    1046
 28.000    2.30   10.36  0.1899    0.14    4.19    9.25    6.71    2.07    1009
 28.500    2.89   10.53  0.1654    0.17    4.25    9.66    6.70    1.93     942
 29.000    3.37   10.87  0.2063    0.16    4.42   10.15    6.82    1.73     883
 29.500    3.88   11.00  0.2091    0.12    4.60   10.57    6.82    1.52     867
 30.000    4.63   11.30  0.1698   -0.04    4.96   11.28    6.94    1.26     825
     T A B L E  I -   5.  W I N D  S T A T I S T I C A L  P A R A M E T E R S
                                       May
 Station =   74794      Cape Canaveral Air Force Station
    Z    MEAN U   SD  U  R(U,V)  MEAN V   SD  V MEAN WS  SD  WS SKEW WS    NOBS
    KM     M/S     M/S             M/S     M/S     M/S     M/S                 
  0.000    0.00    0.00  0.0000    0.00    0.00    0.00    0.00    0.00     100
  0.004   -1.14    2.87 -0.1097    0.41    2.38    3.39    1.97    0.69    2069
  0.500   -1.06    5.45 -0.0622    1.38    4.56    6.66    3.11    0.74    2069
  1.000    0.17    5.52  0.0248    0.97    4.28    6.30    3.24    0.85    2069
  1.500    0.99    5.86  0.0947    0.47    4.42    6.51    3.58    0.96    2069
  2.000    1.51    6.09  0.0729    0.26    4.56    6.83    3.75    1.00    2069
  2.500    2.07    6.30  0.0301    0.21    4.63    7.08    3.96    1.12    2069
  3.000    2.56    6.43  0.0194    0.11    4.74    7.20    4.33    1.12    2068
  3.500    3.12    6.59  0.0342   -0.10    4.93    7.50    4.66    1.08    2068
  4.000    3.75    6.78  0.0250   -0.36    5.07    7.85    4.95    1.15    2067
  4.500    4.40    6.91  0.0247   -0.53    5.11    8.20    5.16    1.13    2066
  5.000    5.09    7.10  0.0370   -0.66    5.27    8.65    5.49    1.07    2065
  5.500    5.85    7.41  0.0533   -0.74    5.61    9.33    5.84    1.03    2065
  6.000    6.59    7.66  0.0576   -0.86    5.83    9.95    6.17    1.02    2063
  6.500    7.34    8.03  0.0706   -0.93    6.14   10.68    6.57    0.99    2060
  7.000    8.20    8.52  0.0888   -1.04    6.47   11.51    7.10    0.97    2059
  7.500    9.01    9.10  0.0910   -1.13    6.86   12.39    7.69    0.90    2058
  8.000    9.90    9.60  0.1069   -1.17    7.31   13.35    8.19    0.91    2018
  8.500   10.80   10.23  0.1132   -1.26    7.86   14.45    8.73    0.89    2017
  9.000   11.87   10.89  0.1137   -1.35    8.47   15.65    9.41    0.88    2017
  9.500   13.15   11.56  0.1627   -1.71    8.88   16.91   10.14    0.80    1867
 10.000   14.19   12.32  0.1680   -1.76    9.59   18.18   10.88    0.77    1867
 10.500   15.38   13.12  0.1720   -1.94   10.20   19.57   11.57    0.73    1867
 11.000   16.65   13.94  0.1749   -2.26   10.78   21.05   12.24    0.71    1841
 11.500   17.96   14.56  0.1801   -2.67   11.32   22.45   12.89    0.67    1841
 12.000   19.24   14.95  0.1853   -3.08   11.69   23.72   13.32    0.63    1840
 12.500   20.42   15.19  0.2081   -3.26   11.86   24.76   13.62    0.65    1839
 13.000   21.30   14.97  0.2592   -3.37   11.32   25.24   13.45    0.63    1836
 13.500   21.86   14.43  0.2923   -3.39   10.72   25.40   12.98    0.59    1835
 14.000   21.87   13.63  0.2972   -3.56    9.94   25.04   12.21    0.51    1834
 14.500   20.98   12.37  0.2646   -3.71    8.98   23.79   11.10    0.40    1831
 15.000   19.18   10.80  0.2319   -3.71    8.24   21.76    9.67    0.31    1831
 15.500   17.20    9.52  0.2148   -3.60    7.63   19.59    8.62    0.32    1815
 16.000   15.22    8.61  0.2095   -3.45    6.89   17.54    7.66    0.29    1815
 16.500   12.85    8.01  0.1759   -3.31    6.45   15.30    6.97    0.35    1815
 17.000   10.41    7.20  0.1433   -3.22    5.83   12.98    6.09    0.40    1814
 17.500    7.90    6.59  0.1280   -2.90    5.26   10.74    5.29    0.58    1805
 18.000    5.61    6.04  0.1110   -2.55    5.00    8.84    4.67    0.64    1792
 18.500    3.53    5.28  0.0792   -2.06    4.20    7.01    3.80    0.73    1754
 19.000    1.77    4.65  0.0549   -1.68    3.84    5.87    3.08    0.90    1682
 19.500    0.22    4.47  0.0989   -1.32    3.67    5.28    2.74    0.67    1665
 20.000   -0.96    4.22  0.1615   -1.10    3.26    5.06    2.55    0.74    1629
 20.500   -2.15    4.34  0.1192   -0.87    3.12    5.32    2.62    0.60    1565
 21.000   -3.08    4.51  0.0609   -0.54    3.20    5.64    3.00    0.71    1553
 21.500   -3.94    4.52  0.0478   -0.51    2.97    6.02    3.19    0.97    1515
 22.000   -4.66    4.74 -0.0101   -0.45    2.89    6.39    3.57    1.19    1491
 22.500   -5.16    5.02 -0.0231   -0.29    2.99    6.78    3.94    1.33    1479
 23.000   -5.61    5.17  0.0059   -0.19    2.91    7.04    4.25    1.48    1456
 23.500   -5.89    5.35  0.0433   -0.10    3.02    7.30    4.42    1.61    1442
 24.000   -6.02    5.61  0.0549   -0.03    3.04    7.55    4.54    1.70    1436
 24.500   -6.08    5.87  0.0690    0.02    2.96    7.64    4.74    1.70    1410
 25.000   -6.00    6.19  0.0794    0.00    3.10    7.69    4.99    1.82    1376
 25.500   -6.01    6.54  0.0772   -0.07    3.08    7.91    5.16    1.97    1362
 26.000   -5.97    6.88  0.0562   -0.15    3.12    8.01    5.40    2.02    1342
 26.500   -5.88    7.11  0.0936   -0.18    3.32    8.14    5.49    2.06    1330
 27.000   -5.79    7.32  0.1235   -0.13    3.36    8.29    5.52    2.08    1290
 27.500   -5.69    7.60  0.1281   -0.18    3.48    8.46    5.60    2.06    1240
 28.000   -5.69    7.62  0.1042   -0.22    3.41    8.48    5.53    1.89    1217
 28.500   -5.57    7.66  0.1180   -0.06    3.63    8.65    5.40    1.88    1147
 29.000   -5.42    7.88  0.0957   -0.01    4.07    8.95    5.34    1.64    1061
 29.500   -5.37    8.31  0.0319   -0.09    4.10    9.20    5.57    1.42    1026
 30.000   -5.18    8.43  0.0334   -0.11    4.27    9.38    5.49    1.26     961
     T A B L E  I -   6.  W I N D  S T A T I S T I C A L  P A R A M E T E R S
                                      June
 Station =   74794      Cape Canaveral Air Force Station
    Z    MEAN U   SD  U  R(U,V)  MEAN V   SD  V MEAN WS  SD  WS SKEW WS    NOBS
    KM     M/S     M/S             M/S     M/S     M/S     M/S                 
  0.000    0.00    0.00  0.0000    0.00    0.00    0.00    0.00    0.00     100
  0.004   -0.85    2.70 -0.0635    0.82    2.07    3.01    1.99    0.99    2146
  0.500   -0.14    5.16  0.0496    2.31    3.98    6.16    3.21    1.06    2146
  1.000    0.68    5.01  0.1226    1.84    4.01    5.79    3.42    1.49    2146
  1.500    1.18    4.92  0.1902    1.42    4.06    5.61    3.56    1.59    2146
  2.000    1.61    4.90  0.2256    1.26    4.19    5.72    3.64    1.59    2146
  2.500    1.98    5.03  0.2228    1.22    4.36    5.94    3.83    1.48    2146
  3.000    2.32    5.21  0.2072    1.20    4.45    6.19    3.94    1.37    2146
  3.500    2.52    5.27  0.1849    1.05    4.45    6.29    3.96    1.21    2141
  4.000    2.65    5.37  0.1650    0.96    4.43    6.43    3.89    1.03    2141
  4.500    2.85    5.45  0.1295    0.81    4.48    6.64    3.83    0.97    2141
  5.000    2.96    5.57  0.1132    0.65    4.46    6.75    3.84    0.98    2139
  5.500    3.13    5.67  0.1164    0.60    4.54    6.86    3.98    1.02    2138
  6.000    3.31    5.73  0.1325    0.55    4.62    6.99    4.10    1.08    2138
  6.500    3.56    5.88  0.1399    0.49    4.81    7.27    4.24    1.07    2135
  7.000    3.86    6.15  0.1463    0.48    5.01    7.57    4.56    1.01    2135
  7.500    4.14    6.51  0.1457    0.45    5.29    8.03    4.85    1.00    2134
  8.000    4.44    6.94  0.1730    0.42    5.71    8.53    5.30    1.06    2115
  8.500    4.82    7.46  0.1828    0.32    6.19    9.15    5.80    1.09    2115
  9.000    5.20    7.93  0.1841    0.26    6.61    9.80    6.17    1.10    2114
  9.500    5.69    8.53  0.1903    0.11    7.20   10.61    6.68    1.01    1945
 10.000    6.12    9.10  0.1950   -0.04    7.76   11.43    7.09    0.96    1945
 10.500    6.55    9.69  0.2187   -0.24    8.30   12.21    7.54    0.92    1945
 11.000    7.09   10.39  0.2343   -0.51    8.90   13.18    8.02    0.90    1907
 11.500    7.66   11.01  0.2504   -0.92    9.43   14.10    8.44    0.84    1907
 12.000    8.26   11.57  0.2579   -1.39    9.82   14.94    8.81    0.80    1907
 12.500    8.80   12.01  0.2607   -1.84   10.04   15.55    9.17    0.76    1902
 13.000    9.14   12.19  0.2666   -2.23    9.94   15.78    9.35    0.75    1902
 13.500    9.33   12.18  0.2695   -2.72    9.58   15.70    9.42    0.77    1902
 14.000    9.05   11.84  0.2666   -3.33    8.90   15.13    9.15    0.83    1901
 14.500    7.99   11.01  0.2340   -3.71    7.98   13.91    8.39    0.98    1900
 15.000    6.40    9.85  0.1875   -3.98    7.24   12.36    7.37    0.95    1899
 15.500    4.54    8.63  0.1633   -3.95    6.66   10.83    6.20    0.93    1897
 16.000    2.78    7.48  0.1744   -3.55    5.82    9.31    5.00    1.01    1897
 16.500    1.23    6.51  0.1469   -3.24    5.19    8.03    4.19    0.90    1896
 17.000   -0.43    5.67  0.1285   -2.81    4.69    7.04    3.72    0.97    1895
 17.500   -1.85    4.97  0.1151   -2.38    4.16    6.44    3.36    1.03    1885
 18.000   -3.12    4.61  0.1448   -1.92    3.94    6.26    3.37    0.95    1861
 18.500   -4.30    4.36  0.1573   -1.55    3.52    6.54    3.31    0.89    1822
 19.000   -5.44    4.33  0.1022   -1.34    3.21    7.07    3.41    0.50    1770
 19.500   -6.57    4.44  0.0795   -0.96    3.36    7.95    3.45    0.28    1755
 20.000   -7.76    4.53  0.0462   -0.80    3.03    8.91    3.50    0.20    1736
 20.500   -8.74    4.71  0.0303   -0.44    2.96    9.77    3.59    0.08    1700
 21.000   -9.47    4.93  0.0112   -0.14    3.03   10.46    3.75    0.06    1683
 21.500  -10.05    5.04 -0.0249    0.10    2.85   11.02    3.74    0.26    1647
 22.000  -10.48    5.24 -0.0279    0.26    2.94   11.45    3.93    0.40    1607
 22.500  -10.96    5.30 -0.0302    0.27    2.97   11.88    4.08    0.55    1586
 23.000  -11.34    5.20 -0.0265    0.16    3.04   12.22    4.03    0.66    1568
 23.500  -11.74    5.24  0.0047    0.14    3.15   12.56    4.22    0.59    1541
 24.000  -12.14    5.31  0.0388    0.01    3.07   12.91    4.34    0.59    1531
 24.500  -12.54    5.41  0.0486   -0.08    3.02   13.27    4.52    0.63    1495
 25.000  -12.87    5.54  0.0463   -0.30    3.13   13.58    4.66    0.65    1474
 25.500  -13.23    5.56  0.0303   -0.47    2.94   13.90    4.73    0.57    1460
 26.000  -13.63    5.55  0.0023   -0.51    2.97   14.24    4.86    0.49    1425
 26.500  -13.89    5.60 -0.0245   -0.47    3.26   14.51    4.98    0.37    1412
 27.000  -14.13    5.53 -0.0179   -0.52    3.17   14.72    4.98    0.29    1377
 27.500  -14.26    5.67 -0.0380   -0.51    3.36   14.86    5.18    0.29    1306
 28.000  -14.49    5.63 -0.0526   -0.60    3.44   15.08    5.19    0.25    1265
 28.500  -14.89    5.63 -0.0284   -0.55    3.60   15.49    5.29    0.22    1192
 29.000  -15.07    5.59 -0.0602   -0.53    3.78   15.69    5.26    0.13    1113
 29.500  -15.21    5.65 -0.0617   -0.46    4.09   15.90    5.35    0.12    1074
 30.000  -15.55    5.65 -0.0463   -0.40    4.10   16.23    5.39    0.04    1014
     T A B L E  I -   7.  W I N D  S T A T I S T I C A L  P A R A M E T E R S
                                      July
 Station =   74794      Cape Canaveral Air Force Station
    Z    MEAN U   SD  U  R(U,V)  MEAN V   SD  V MEAN WS  SD  WS SKEW WS    NOBS
    KM     M/S     M/S             M/S     M/S     M/S     M/S                 
  0.000    0.00    0.00  0.0000    0.00    0.00    0.00    0.00    0.00     100
  0.004   -0.37    2.31 -0.0857    1.05    1.89    2.64    1.77    1.24    2070
  0.500    0.66    4.53 -0.0666    2.69    3.39    5.64    2.84    0.80    2070
  1.000    1.19    4.42  0.0065    2.25    3.41    5.37    3.00    1.01    2070
  1.500    1.22    4.35  0.0807    1.83    3.55    5.21    3.05    1.09    2070
  2.000    1.22    4.26  0.1170    1.59    3.62    5.13    3.03    1.21    2070
  2.500    1.34    4.33  0.1107    1.42    3.67    5.15    3.10    1.28    2070
  3.000    1.35    4.42  0.0920    1.36    3.74    5.22    3.17    1.18    2070
  3.500    1.34    4.40  0.0657    1.29    3.89    5.28    3.21    1.27    2070
  4.000    1.28    4.41  0.0442    1.22    3.99    5.31    3.22    1.16    2070
  4.500    1.14    4.41  0.0582    1.22    4.02    5.33    3.19    1.05    2070
  5.000    0.97    4.41  0.0585    1.07    4.07    5.38    3.08    1.02    2070
  5.500    0.76    4.47  0.0600    0.84    4.16    5.43    3.03    0.96    2070
  6.000    0.54    4.53  0.0552    0.65    4.24    5.52    2.99    0.94    2070
  6.500    0.35    4.61  0.0707    0.38    4.35    5.62    3.02    0.94    2070
  7.000    0.15    4.71  0.1007    0.09    4.44    5.69    3.10    0.86    2070
  7.500   -0.08    4.88  0.0996   -0.15    4.56    5.89    3.19    0.78    2070
  8.000   -0.28    5.17  0.1408   -0.46    4.72    6.18    3.36    0.78    2068
  8.500   -0.52    5.52  0.1774   -0.79    4.93    6.55    3.59    0.76    2068
  9.000   -0.74    5.93  0.2233   -1.13    5.20    7.02    3.88    0.74    2068
  9.500   -1.00    6.41  0.2312   -1.49    5.54    7.58    4.19    0.69    1862
 10.000   -1.28    6.95  0.2394   -1.87    6.00    8.27    4.60    0.74    1862
 10.500   -1.62    7.49  0.2601   -2.21    6.40    8.99    4.91    0.74    1862
 11.000   -1.82    8.06  0.2778   -2.52    6.79    9.65    5.25    0.75    1833
 11.500   -2.04    8.70  0.2771   -2.89    7.18   10.41    5.63    0.81    1833
 12.000   -2.26    9.31  0.2695   -3.35    7.58   11.17    6.00    0.77    1833
 12.500   -2.54    9.88  0.2434   -3.96    7.82   11.89    6.28    0.63    1828
 13.000   -2.86   10.11  0.2334   -4.35    7.79   12.24    6.37    0.59    1828
 13.500   -3.17   10.01  0.2325   -4.59    7.52   12.13    6.44    0.56    1828
 14.000   -3.60    9.51  0.2364   -4.60    7.07   11.60    6.32    0.58    1827
 14.500   -4.00    8.65  0.2626   -4.26    6.40   10.81    5.83    0.61    1827
 15.000   -4.20    7.69  0.2655   -3.84    5.72    9.83    5.33    0.69    1827
 15.500   -4.51    6.43  0.2345   -3.18    5.10    8.74    4.69    0.58    1827
 16.000   -4.81    5.31  0.2302   -2.55    4.38    7.86    4.06    0.69    1827
 16.500   -5.33    4.61  0.1842   -1.95    4.13    7.52    3.82    0.56    1826
 17.000   -5.88    4.25  0.1790   -1.56    3.62    7.53    3.52    0.42    1824
 17.500   -6.64    3.86  0.1472   -1.27    3.36    7.87    3.33    0.31    1814
 18.000   -7.59    3.88  0.0949   -1.10    3.30    8.57    3.40    0.14    1792
 18.500   -8.83    3.68  0.0624   -0.98    3.14    9.62    3.28    0.04    1762
 19.000  -10.08    3.68  0.0600   -0.83    3.10   10.73    3.33   -0.09    1719
 19.500  -11.37    3.68  0.0462   -0.60    3.15   11.91    3.39   -0.19    1708
 20.000  -12.59    3.58  0.0879   -0.33    3.03   13.06    3.31   -0.15    1671
 20.500  -13.65    3.69  0.0505   -0.09    3.03   14.07    3.42   -0.11    1630
 21.000  -14.48    3.76  0.0150    0.09    3.05   14.87    3.53   -0.13    1615
 21.500  -15.16    3.82 -0.0489    0.23    2.90   15.51    3.61   -0.16    1572
 22.000  -15.71    3.81 -0.0983    0.29    2.96   16.05    3.60   -0.07    1524
 22.500  -16.25    3.69 -0.1012    0.37    3.14   16.61    3.50    0.07    1510
 23.000  -16.72    3.60 -0.0417    0.31    3.15   17.07    3.46    0.01    1490
 23.500  -17.20    3.67 -0.0218    0.20    3.19   17.51    3.59    0.04    1467
 24.000  -17.53    3.61 -0.0181    0.12    3.05   17.82    3.59    0.10    1461
 24.500  -17.94    3.58 -0.0109    0.00    3.00   18.21    3.57    0.25    1435
 25.000  -18.28    3.79 -0.0123   -0.29    3.10   18.56    3.75    0.22    1416
 25.500  -18.64    3.77 -0.0234   -0.51    3.10   18.92    3.73    0.39    1409
 26.000  -19.08    3.95 -0.0524   -0.60    3.18   19.38    3.90    0.40    1375
 26.500  -19.44    4.11 -0.0586   -0.78    3.32   19.75    4.07    0.26    1366
 27.000  -19.92    4.30 -0.0650   -0.81    3.32   20.24    4.24    0.16    1344
 27.500  -20.37    4.46 -0.0830   -0.91    3.49   20.71    4.39    0.01    1294
 28.000  -20.94    4.50 -0.1133   -0.80    3.67   21.30    4.44   -0.13    1268
 28.500  -21.32    4.48 -0.1423   -0.66    3.65   21.68    4.41   -0.20    1223
 29.000  -21.65    4.58 -0.1123   -0.69    3.80   22.02    4.51   -0.28    1163
 29.500  -22.13    4.50 -0.1219   -0.53    3.97   22.53    4.44   -0.19    1132
 30.000  -22.40    4.66 -0.0981   -0.25    4.09   22.82    4.59   -0.23    1084
     T A B L E  I -   8.  W I N D  S T A T I S T I C A L  P A R A M E T E R S
                                    August
 Station =   74794      Cape Canaveral Air Force Station
    Z    MEAN U   SD  U  R(U,V)  MEAN V   SD  V MEAN WS  SD  WS SKEW WS    NOBS
    KM     M/S     M/S             M/S     M/S     M/S     M/S                 
  0.000    0.00    0.00  0.0000    0.00    0.00    0.00    0.00    0.00     100
  0.004   -0.72    2.34 -0.0360    0.61    2.00    2.65    1.82    1.38    2171
  0.500   -0.41    4.77  0.0419    2.12    3.91    5.76    3.15    1.12    2171
  1.000    0.07    4.72  0.0457    1.92    3.98    5.52    3.39    1.36    2171
  1.500    0.30    4.70  0.0783    1.60    4.00    5.41    3.40    1.39    2171
  2.000    0.44    4.74  0.1073    1.47    4.00    5.45    3.36    1.41    2170
  2.500    0.60    4.81  0.1029    1.36    4.00    5.48    3.38    1.37    2170
  3.000    0.67    4.86  0.1096    1.34    4.01    5.57    3.32    1.19    2170
  3.500    0.73    4.80  0.0956    1.22    3.91    5.52    3.19    1.15    2167
  4.000    0.72    4.74  0.0811    1.04    3.92    5.46    3.13    1.12    2167
  4.500    0.67    4.72  0.0580    0.96    3.93    5.47    3.06    1.15    2167
  5.000    0.62    4.76  0.0591    0.85    4.04    5.55    3.09    1.08    2166
  5.500    0.52    4.88  0.0657    0.67    4.17    5.66    3.15    0.99    2166
  6.000    0.36    4.97  0.0468    0.44    4.24    5.75    3.19    0.92    2166
  6.500    0.27    5.10  0.0813    0.28    4.34    5.87    3.29    0.86    2164
  7.000    0.08    5.30  0.1225    0.06    4.52    6.07    3.43    0.90    2164
  7.500   -0.00    5.43  0.1444   -0.18    4.74    6.26    3.63    0.91    2164
  8.000   -0.13    5.66  0.1479   -0.37    5.09    6.58    3.88    1.02    2158
  8.500   -0.25    5.96  0.1689   -0.61    5.46    6.99    4.14    1.12    2158
  9.000   -0.37    6.33  0.1932   -0.79    5.84    7.48    4.39    1.11    2156
  9.500   -0.19    6.74  0.2335   -0.80    6.30    7.97    4.74    1.05    1951
 10.000   -0.23    7.15  0.2740   -0.90    6.75    8.50    5.07    1.12    1951
 10.500   -0.20    7.62  0.3021   -1.03    7.19    9.05    5.42    1.05    1951
 11.000   -0.21    8.21  0.3130   -1.08    7.60    9.65    5.78    0.97    1932
 11.500   -0.27    8.71  0.3237   -1.21    8.07   10.27    6.12    0.95    1932
 12.000   -0.27    9.14  0.3266   -1.50    8.58   10.87    6.45    0.97    1932
 12.500   -0.26    9.62  0.3279   -1.95    8.79   11.40    6.61    0.92    1928
 13.000   -0.35    9.75  0.3068   -2.49    8.64   11.57    6.51    0.85    1928
 13.500   -0.58    9.65  0.2939   -2.80    8.44   11.49    6.42    0.77    1927
 14.000   -0.86    9.23  0.2684   -2.98    7.97   10.92    6.27    0.75    1927
 14.500   -1.23    8.40  0.2432   -3.10    7.20   10.01    5.86    0.88    1926
 15.000   -1.75    7.47  0.2038   -2.94    6.30    8.99    5.22    0.97    1924
 15.500   -2.38    6.35  0.1863   -2.49    5.41    7.84    4.54    1.08    1917
 16.000   -3.09    5.41  0.1377   -2.00    4.68    7.16    3.87    1.07    1916
 16.500   -3.96    4.66  0.1657   -1.56    4.23    6.78    3.53    0.72    1916
 17.000   -4.92    4.20  0.1760   -1.29    3.66    6.86    3.32    0.43    1913
 17.500   -5.87    3.87  0.1875   -0.94    3.27    7.21    3.23    0.32    1906
 18.000   -6.99    3.80  0.1588   -0.89    3.14    7.93    3.37    0.19    1883
 18.500   -8.35    3.77  0.0506   -0.86    3.11    9.20    3.31    0.07    1827
 19.000   -9.73    3.64  0.0924   -0.76    3.09   10.42    3.26    0.03    1764
 19.500  -10.96    3.55  0.0957   -0.55    3.13   11.49    3.28    0.02    1736
 20.000  -12.09    3.53  0.0761   -0.36    2.94   12.53    3.34    0.06    1696
 20.500  -13.21    3.55  0.0910   -0.32    2.90   13.59    3.43   -0.01    1654
 21.000  -14.11    3.71 -0.0042   -0.07    2.82   14.43    3.59    0.00    1634
 21.500  -14.90    3.76 -0.0420    0.05    2.77   15.22    3.61    0.07    1581
 22.000  -15.57    3.78 -0.0824    0.13    2.95   15.89    3.68    0.14    1542
 22.500  -16.18    3.61 -0.1100    0.23    2.99   16.48    3.54    0.25    1528
 23.000  -16.70    3.53 -0.0754    0.26    2.97   17.00    3.48    0.32    1498
 23.500  -17.17    3.60 -0.0154    0.28    3.11   17.47    3.56    0.31    1485
 24.000  -17.65    3.54 -0.0009    0.25    3.09   17.94    3.50    0.26    1471
 24.500  -18.01    3.61  0.0050    0.09    2.98   18.28    3.59    0.30    1444
 25.000  -18.24    3.69 -0.0039   -0.06    3.16   18.52    3.66    0.17    1419
 25.500  -18.48    3.66  0.0142   -0.27    3.00   18.74    3.63    0.05    1407
 26.000  -18.78    3.81  0.0193   -0.53    3.13   19.07    3.78    0.10    1378
 26.500  -19.18    4.12 -0.0111   -0.71    3.23   19.48    4.06    0.12    1366
 27.000  -19.63    4.31 -0.0245   -0.83    3.23   19.95    4.24   -0.14    1319
 27.500  -20.13    4.58 -0.0478   -0.85    3.43   20.49    4.44   -0.23    1262
 28.000  -20.67    4.70 -0.0567   -1.01    3.72   21.08    4.49   -0.29    1220
 28.500  -21.25    4.83 -0.0383   -0.91    3.70   21.66    4.61   -0.26    1160
 29.000  -21.66    4.85 -0.0399   -0.80    3.94   22.11    4.56   -0.31    1087
 29.500  -22.00    5.10  0.0484   -0.63    4.14   22.49    4.77   -0.15    1055
 30.000  -22.45    5.14  0.0134   -0.44    4.25   22.94    4.90   -0.11     995
     T A B L E  I -   9.  W I N D  S T A T I S T I C A L  P A R A M E T E R S
                                 September
 Station =   74794      Cape Canaveral Air Force Station
    Z    MEAN U   SD  U  R(U,V)  MEAN V   SD  V MEAN WS  SD  WS SKEW WS    NOBS
    KM     M/S     M/S             M/S     M/S     M/S     M/S                 
  0.000    0.00    0.00  0.0000    0.00    0.00    0.00    0.00    0.00     100
  0.004   -1.32    2.71 -0.1129   -0.02    2.32    3.09    2.23    1.26    1960
  0.500   -2.23    4.88  0.1068    0.58    4.63    6.32    3.32    0.85    1960
  1.000   -1.54    5.15  0.1426    0.83    4.49    6.18    3.44    0.99    1960
  1.500   -0.81    5.28  0.1625    0.82    4.50    6.12    3.47    1.11    1960
  2.000   -0.20    5.32  0.1907    0.82    4.42    6.07    3.47    1.17    1960
  2.500    0.30    5.32  0.1856    0.91    4.39    6.00    3.55    1.18    1960
  3.000    0.70    5.33  0.2169    0.92    4.38    6.03    3.57    1.22    1960
  3.500    1.06    5.34  0.2186    0.89    4.37    6.03    3.67    1.28    1954
  4.000    1.29    5.34  0.2100    0.96    4.43    6.11    3.68    1.24    1954
  4.500    1.50    5.45  0.2024    0.94    4.45    6.22    3.77    1.20    1954
  5.000    1.75    5.57  0.2069    1.00    4.49    6.37    3.85    1.16    1953
  5.500    1.96    5.79  0.2239    1.00    4.70    6.70    3.95    1.12    1953
  6.000    2.18    5.97  0.2443    0.94    4.86    7.00    4.02    1.12    1953
  6.500    2.38    6.21  0.2646    0.96    5.12    7.33    4.24    1.12    1953
  7.000    2.65    6.52  0.2881    0.84    5.42    7.73    4.47    1.10    1953
  7.500    3.04    6.86  0.2913    0.88    5.66    8.18    4.75    1.12    1953
  8.000    3.58    7.20  0.3229    0.92    6.08    8.72    5.16    1.17    1948
  8.500    3.98    7.62  0.3378    0.87    6.67    9.40    5.57    1.16    1948
  9.000    4.40    7.87  0.3546    0.87    7.24    9.98    5.93    1.17    1948
  9.500    5.24    8.18  0.3508    0.80    8.00   10.88    6.39    1.09    1740
 10.000    5.69    8.63  0.3332    0.75    8.65   11.68    6.77    1.05    1740
 10.500    6.23    9.18  0.3147    0.55    9.38   12.64    7.22    1.01    1740
 11.000    6.74    9.82  0.3079    0.29   10.02   13.59    7.60    0.95    1710
 11.500    7.24   10.22  0.2986    0.13   10.45   14.31    7.85    0.88    1710
 12.000    7.59   10.60  0.2903   -0.06   10.85   14.94    8.06    0.86    1710
 12.500    7.90   10.88  0.2806   -0.35   11.11   15.36    8.25    0.83    1705
 13.000    8.02   11.03  0.2738   -0.74   10.96   15.46    8.25    0.87    1705
 13.500    7.73   11.01  0.2627   -1.05   10.52   15.05    8.18    0.92    1704
 14.000    7.12   10.73  0.2406   -1.34    9.94   14.25    7.98    0.96    1703
 14.500    6.16   10.08  0.2338   -1.53    9.04   13.04    7.40    0.94    1702
 15.000    4.79    9.19  0.2171   -1.56    8.02   11.51    6.51    0.95    1701
 15.500    3.34    8.05  0.2060   -1.42    7.01    9.88    5.49    0.84    1700
 16.000    2.06    6.94  0.2124   -1.16    6.26    8.56    4.60    0.98    1700
 16.500    0.68    6.22  0.2472   -1.04    5.59    7.37    4.24    1.19    1699
 17.000   -0.71    5.45  0.2138   -0.89    4.56    6.37    3.52    1.13    1699
 17.500   -1.99    4.84  0.2141   -0.57    3.96    5.93    3.13    0.94    1690
 18.000   -2.97    4.75  0.1807   -0.31    3.76    5.97    3.22    0.75    1668
 18.500   -4.01    4.51  0.1866   -0.36    3.31    6.24    3.15    0.58    1637
 19.000   -5.17    4.47  0.1261   -0.34    3.14    6.92    3.22    0.42    1591
 19.500   -6.36    4.72  0.0601   -0.38    3.27    7.81    3.56    0.33    1570
 20.000   -7.27    4.80  0.1144   -0.22    3.01    8.55    3.62    0.28    1537
 20.500   -8.18    5.24  0.0867   -0.13    2.97    9.41    3.94    0.40    1508
 21.000   -9.00    5.51  0.0123    0.07    2.97   10.16    4.17    0.57    1495
 21.500   -9.71    5.68  0.0126    0.10    2.80   10.82    4.28    0.85    1442
 22.000  -10.30    5.86  0.0456    0.16    2.79   11.34    4.48    1.02    1405
 22.500  -10.75    5.93  0.0355    0.08    2.80   11.74    4.60    1.14    1388
 23.000  -11.24    5.97  0.0578    0.10    2.68   12.18    4.67    1.13    1365
 23.500  -11.87    5.95  0.0458   -0.00    2.81   12.74    4.73    1.08    1346
 24.000  -12.32    5.82  0.0110    0.00    2.90   13.13    4.71    0.97    1338
 24.500  -12.63    5.68 -0.0102   -0.02    2.90   13.40    4.62    0.86    1313
 25.000  -12.78    5.69 -0.0201   -0.09    3.09   13.56    4.65    0.65    1290
 25.500  -12.98    5.58  0.0012   -0.09    3.08   13.73    4.62    0.59    1279
 26.000  -13.26    5.64  0.0130   -0.20    3.06   13.94    4.82    0.50    1253
 26.500  -13.36    5.79  0.0206   -0.27    3.13   14.02    5.06    0.39    1241
 27.000  -13.44    5.76 -0.0088   -0.55    3.18   14.13    5.05    0.47    1209
 27.500  -13.64    5.83 -0.0122   -0.68    3.38   14.35    5.18    0.33    1170
 28.000  -13.72    5.90 -0.0367   -0.72    3.64   14.49    5.23    0.31    1139
 28.500  -13.89    6.06 -0.0051   -0.73    3.69   14.72    5.35    0.33    1074
 29.000  -13.87    6.27  0.0286   -0.78    3.82   14.74    5.54    0.17     991
 29.500  -13.95    6.51 -0.0330   -0.57    4.06   14.94    5.62    0.10     959
 30.000  -13.83    6.51 -0.0481   -0.51    3.99   14.86    5.59    0.14     901
     T A B L E  I -  10.  W I N D  S T A T I S T I C A L  P A R A M E T E R S
                                   October
 Station =   74794      Cape Canaveral Air Force Station
    Z    MEAN U   SD  U  R(U,V)  MEAN V   SD  V MEAN WS  SD  WS SKEW WS    NOBS
    KM     M/S     M/S             M/S     M/S     M/S     M/S                 
  0.000    0.00    0.00  0.0000    0.00    0.00    0.00    0.00    0.00     100
  0.004   -1.51    2.94 -0.1769   -0.55    2.55    3.49    2.36    1.20    1764
  0.500   -3.28    5.58  0.1236   -0.76    5.42    7.66    3.67    0.66    1764
  1.000   -2.53    6.02  0.2094   -0.14    4.95    7.28    3.81    1.04    1764
  1.500   -1.41    6.27  0.2192    0.32    4.71    6.93    3.97    1.22    1764
  2.000   -0.39    6.50  0.2164    0.41    4.68    6.95    4.09    1.25    1764
  2.500    0.49    6.67  0.2076    0.42    4.82    7.09    4.26    1.35    1764
  3.000    1.31    6.89  0.1943    0.53    4.91    7.31    4.51    1.34    1764
  3.500    2.01    7.04  0.1814    0.65    5.09    7.59    4.76    1.25    1763
  4.000    2.80    7.23  0.1937    0.72    5.34    8.01    5.02    1.22    1763
  4.500    3.61    7.47  0.1934    0.79    5.55    8.52    5.29    1.20    1763
  5.000    4.31    7.81  0.1909    0.80    5.74    9.06    5.59    1.19    1763
  5.500    5.05    7.99  0.1691    0.86    6.02    9.61    5.83    1.16    1763
  6.000    5.87    8.35  0.1892    0.80    6.32   10.38    6.11    1.09    1763
  6.500    6.68    8.74  0.1836    0.80    6.61   11.16    6.42    1.03    1763
  7.000    7.66    9.17  0.1754    0.83    7.03   12.08    6.84    0.93    1763
  7.500    8.57    9.59  0.2050    0.92    7.47   13.03    7.25    0.93    1763
  8.000    9.60   10.07  0.2273    0.93    8.03   14.09    7.81    0.89    1751
  8.500   10.71   10.58  0.2372    1.00    8.60   15.19    8.43    0.79    1751
  9.000   11.84   11.17  0.2404    1.09    9.24   16.39    9.12    0.70    1751
  9.500   13.65   11.56  0.2544    1.28    9.98   18.09    9.71    0.65    1575
 10.000   14.90   12.15  0.2686    1.22   10.69   19.51   10.25    0.61    1575
 10.500   16.17   12.77  0.2749    1.12   11.46   20.98   10.82    0.52    1575
 11.000   17.42   13.47  0.2877    0.93   12.20   22.42   11.48    0.47    1555
 11.500   18.44   13.84  0.3030    0.66   12.75   23.56   11.83    0.42    1555
 12.000   19.18   13.91  0.2968    0.41   13.10   24.29   11.98    0.37    1555
 12.500   19.70   13.78  0.2834    0.15   13.15   24.68   11.91    0.31    1555
 13.000   19.94   13.68  0.2692   -0.02   12.80   24.70   11.77    0.29    1554
 13.500   19.64   13.34  0.2623   -0.24   12.28   24.12   11.55    0.31    1554
 14.000   18.83   12.81  0.2537   -0.36   11.55   23.04   11.03    0.36    1554
 14.500   17.64   12.08  0.2465   -0.50   10.52   21.48   10.38    0.35    1554
 15.000   15.93   11.06  0.2527   -0.66    9.42   19.44    9.37    0.41    1554
 15.500   13.89    9.92  0.2545   -0.59    8.17   17.12    8.13    0.42    1542
 16.000   11.77    8.98  0.2541   -0.53    6.83   14.68    7.24    0.46    1542
 16.500    9.48    8.04  0.2354   -0.44    6.01   12.31    6.32    0.53    1541
 17.000    7.23    7.45  0.1773   -0.30    5.33   10.29    5.60    0.72    1541
 17.500    5.26    6.59  0.2182   -0.36    4.70    8.53    4.72    0.83    1539
 18.000    3.43    6.18  0.1496   -0.21    4.35    7.23    4.11    0.84    1522
 18.500    2.23    5.55  0.1366   -0.00    3.91    6.40    3.38    0.66    1495
 19.000    0.97    5.27  0.1435    0.04    3.54    5.77    3.08    0.82    1453
 19.500    0.06    5.33  0.1314    0.24    3.54    5.55    3.20    0.94    1440
 20.000   -0.78    5.32  0.1220    0.06    3.29    5.58    3.18    1.25    1408
 20.500   -1.56    5.66  0.1020   -0.04    3.14    5.68    3.62    1.58    1366
 21.000   -2.17    5.90  0.0538   -0.11    3.17    5.84    4.00    2.02    1353
 21.500   -2.82    6.15  0.0461   -0.16    2.93    6.06    4.36    2.28    1315
 22.000   -3.49    6.23  0.0537   -0.05    3.00    6.24    4.66    2.38    1286
 22.500   -3.88    6.40  0.0642   -0.14    2.99    6.47    4.87    2.46    1267
 23.000   -4.20    6.48  0.0598   -0.18    3.06    6.76    4.93    2.56    1240
 23.500   -4.40    6.60  0.0668   -0.34    3.19    6.94    5.03    2.49    1229
 24.000   -4.57    6.66  0.0408   -0.33    3.05    7.06    5.04    2.32    1226
 24.500   -4.76    6.41 -0.0036   -0.25    3.09    7.05    4.94    2.13    1214
 25.000   -4.77    6.36  0.0007   -0.17    3.45    7.20    4.84    1.98    1188
 25.500   -4.67    6.35  0.0446   -0.04    3.40    7.23    4.73    1.95    1170
 26.000   -4.57    6.45  0.0401   -0.18    3.38    7.19    4.79    1.85    1150
 26.500   -4.34    6.55  0.0629   -0.15    3.42    7.10    4.83    1.79    1135
 27.000   -3.97    6.65  0.0470   -0.32    3.29    7.06    4.68    1.82    1103
 27.500   -3.81    6.78  0.0664   -0.46    3.55    7.23    4.66    1.78    1054
 28.000   -3.45    7.00  0.0453   -0.48    3.70    7.24    4.78    1.79    1024
 28.500   -3.12    7.35  0.0524   -0.51    3.63    7.45    4.78    1.81     957
 29.000   -2.78    7.66  0.0655   -0.61    4.13    7.79    4.88    1.61     897
 29.500   -2.35    8.25  0.0978   -0.63    4.16    8.12    5.14    1.60     861
 30.000   -1.93    8.80  0.0416   -0.61    4.47    8.67    5.30    1.57     811
     T A B L E  I -  11.  W I N D  S T A T I S T I C A L  P A R A M E T E R S
                                  November
 Station =   74794      Cape Canaveral Air Force Station
    Z    MEAN U   SD  U  R(U,V)  MEAN V   SD  V MEAN WS  SD  WS SKEW WS    NOBS
    KM     M/S     M/S             M/S     M/S     M/S     M/S                 
  0.000    0.00    0.00  0.0000    0.00    0.00    0.00    0.00    0.00     100
  0.004   -0.94    2.99 -0.2983   -0.56    2.69    3.45    2.34    1.19    1644
  0.500   -2.51    5.76 -0.0273   -0.85    6.45    8.29    3.67    0.67    1644
  1.000   -1.85    6.16  0.0952   -0.05    5.66    7.68    3.87    0.79    1644
  1.500   -0.45    6.40  0.0980    0.27    5.26    7.30    3.97    0.94    1644
  2.000    1.07    6.50  0.1059    0.38    5.20    7.31    4.22    1.14    1644
  2.500    2.28    6.78  0.0976    0.49    5.39    7.78    4.50    1.10    1644
  3.000    3.42    7.01  0.1153    0.56    5.54    8.23    4.94    1.01    1644
  3.500    4.48    7.27  0.1538    0.68    5.64    8.78    5.34    0.97    1644
  4.000    5.54    7.53  0.1778    0.72    5.86    9.46    5.73    0.98    1644
  4.500    6.62    7.91  0.2064    0.80    6.25   10.39    6.19    0.98    1644
  5.000    7.70    8.26  0.2219    0.85    6.55   11.30    6.61    0.91    1644
  5.500    8.81    8.65  0.2064    0.85    6.92   12.30    7.04    0.82    1644
  6.000   10.00    9.07  0.2262    0.80    7.30   13.43    7.50    0.77    1644
  6.500   11.12    9.45  0.2421    0.88    7.77   14.53    7.96    0.72    1644
  7.000   12.31    9.88  0.2533    0.82    8.33   15.77    8.41    0.63    1644
  7.500   13.54   10.28  0.2475    0.86    8.74   16.99    8.84    0.58    1644
  8.000   14.85   10.69  0.2675    0.90    9.09   18.25    9.26    0.55    1629
  8.500   16.36   11.18  0.2836    0.86    9.71   19.77    9.85    0.54    1628
  9.000   17.96   11.68  0.2889    0.88   10.31   21.41   10.40    0.52    1628
  9.500   19.80   12.51  0.2747    0.80   10.95   23.35   11.12    0.46    1487
 10.000   21.44   13.14  0.2700    0.64   11.64   25.13   11.71    0.42    1487
 10.500   23.07   13.59  0.2740    0.70   12.23   26.82   12.18    0.37    1486
 11.000   24.66   13.95  0.2802    0.82   12.85   28.46   12.59    0.32    1462
 11.500   26.09   14.16  0.2895    0.91   13.28   29.87   12.91    0.26    1462
 12.000   27.35   14.20  0.3026    0.91   13.44   30.98   13.11    0.14    1462
 12.500   28.18   14.08  0.3185    0.90   13.32   31.58   13.15    0.07    1462
 13.000   28.45   13.75  0.3252    0.76   12.76   31.56   12.90    0.02    1461
 13.500   28.21   13.19  0.3198    0.71   11.89   30.95   12.44   -0.02    1461
 14.000   27.20   12.39  0.3101    0.50   10.88   29.59   11.70   -0.05    1460
 14.500   25.67   11.64  0.2779    0.38    9.67   27.75   10.94    0.01    1458
 15.000   23.64   10.90  0.2275    0.29    8.92   25.56   10.24    0.06    1457
 15.500   21.38   10.06  0.2018    0.35    8.31   23.19    9.50    0.04    1456
 16.000   19.17    9.42  0.2214    0.20    7.60   20.93    8.81    0.08    1456
 16.500   16.67    9.09  0.2380    0.24    6.93   18.49    8.20    0.14    1456
 17.000   14.15    8.87  0.2271    0.11    6.22   16.16    7.60    0.25    1456
 17.500   11.69    8.46  0.1783    0.14    5.52   13.88    6.88    0.43    1452
 18.000    9.45    7.77  0.1003   -0.02    5.06   11.77    6.09    0.65    1437
 18.500    7.28    7.10  0.1018   -0.12    4.60    9.90    5.28    0.79    1425
 19.000    5.55    6.80  0.0537    0.12    4.02    8.46    4.80    0.90    1376
 19.500    4.19    6.70  0.0434   -0.06    3.77    7.54    4.47    0.91    1360
 20.000    3.09    6.86  0.0545    0.01    3.46    7.10    4.42    1.18    1327
 20.500    2.53    7.25  0.0282   -0.04    3.34    7.00    4.70    1.52    1283
 21.000    2.04    7.61  0.0252   -0.23    3.52    7.03    5.07    1.74    1269
 21.500    1.70    7.92 -0.0013   -0.27    3.34    7.10    5.28    1.95    1232
 22.000    1.53    8.18 -0.0497   -0.31    3.25    7.09    5.50    2.02    1208
 22.500    1.44    8.43 -0.0300   -0.28    3.25    7.29    5.59    2.00    1201
 23.000    1.46    8.64 -0.0329   -0.22    3.25    7.50    5.66    1.94    1192
 23.500    1.63    8.96 -0.0199   -0.21    3.36    7.79    5.82    1.84    1178
 24.000    1.86    9.30 -0.0148   -0.21    3.37    8.16    5.96    1.73    1174
 24.500    2.09    9.64  0.0003   -0.15    3.40    8.56    6.03    1.61    1155
 25.000    2.34    9.86  0.0177   -0.14    3.61    8.89    6.06    1.39    1132
 25.500    2.96   10.07  0.0376    0.03    3.57    9.25    6.17    1.29    1117
 26.000    3.80   10.40  0.0768    0.15    3.76    9.88    6.30    1.09    1097
 26.500    4.70   10.84  0.1274    0.26    3.95   10.65    6.47    0.88    1076
 27.000    5.55   11.35  0.1684    0.25    4.12   11.49    6.74    0.80    1050
 27.500    6.30   12.06  0.1870    0.29    4.34   12.33    7.27    0.70    1004
 28.000    7.41   12.61  0.1964    0.26    4.56   13.25    7.72    0.62     980
 28.500    8.59   12.97  0.1988    0.36    4.82   14.22    8.01    0.57     917
 29.000    9.82   13.09  0.1942    0.35    5.31   15.09    8.31    0.53     853
 29.500   11.16   13.63  0.1879    0.39    5.43   16.24    8.78    0.50     827
 30.000   12.52   13.87  0.1389    0.34    5.52   17.34    8.98    0.44     766
     T A B L E  I -  12.  W I N D  S T A T I S T I C A L  P A R A M E T E R S
                                  December
 Station =   74794      Cape Canaveral Air Force Station
    Z    MEAN U   SD  U  R(U,V)  MEAN V   SD  V MEAN WS  SD  WS SKEW WS    NOBS
    KM     M/S     M/S             M/S     M/S     M/S     M/S                 
  0.000    0.00    0.00  0.0000    0.00    0.00    0.00    0.00    0.00     100
  0.004   -0.17    2.63 -0.3229   -0.56    2.56    3.07    2.10    1.09    1728
  0.500   -0.75    6.08 -0.0016    0.13    6.27    7.96    3.78    0.69    1728
  1.000    0.47    6.84  0.0568    1.07    5.61    7.88    4.26    1.05    1728
  1.500    2.33    7.10  0.0863    1.36    5.44    7.98    4.88    1.17    1728
  2.000    3.88    7.31  0.0928    1.40    5.50    8.50    5.41    1.30    1728
  2.500    5.31    7.59  0.1266    1.38    5.68    9.21    5.97    1.26    1728
  3.000    6.72    7.95  0.1326    1.48    5.99   10.26    6.44    1.17    1728
  3.500    8.03    8.31  0.1301    1.53    6.15   11.25    6.90    1.11    1728
  4.000    9.23    8.64  0.1555    1.67    6.39   12.30    7.23    1.02    1728
  4.500   10.57    9.03  0.1689    1.81    6.59   13.49    7.63    0.90    1728
  5.000   11.93    9.55  0.1771    1.96    6.85   14.77    8.16    0.80    1727
  5.500   13.12   10.08  0.1846    2.16    7.24   16.02    8.61    0.75    1727
  6.000   14.32   10.60  0.2062    2.24    7.56   17.29    9.00    0.70    1727
  6.500   15.74   11.15  0.2336    2.24    7.99   18.77    9.44    0.60    1727
  7.000   17.19   11.68  0.2385    2.36    8.52   20.27    9.97    0.51    1727
  7.500   18.64   12.17  0.2482    2.47    9.01   21.71   10.58    0.47    1727
  8.000   20.26   12.74  0.2673    2.47    9.49   23.30   11.24    0.43    1699
  8.500   21.79   13.35  0.2803    2.47   10.02   24.85   11.93    0.40    1699
  9.000   23.31   13.85  0.2925    2.60   10.60   26.37   12.62    0.37    1699
  9.500   24.91   14.70  0.2970    2.66   11.31   28.10   13.51    0.31    1600
 10.000   26.47   15.26  0.3060    2.70   12.04   29.78   14.11    0.28    1600
 10.500   28.02   15.71  0.3196    2.72   12.72   31.41   14.65    0.23    1600
 11.000   29.64   15.97  0.3268    2.71   13.47   33.09   15.09    0.14    1580
 11.500   30.98   15.99  0.3399    2.78   14.02   34.48   15.22    0.07    1580
 12.000   31.96   15.82  0.3570    2.86   14.33   35.44   15.17    0.02    1579
 12.500   32.58   15.41  0.3705    2.90   14.21   35.88   14.90    0.01    1577
 13.000   32.83   14.58  0.3796    3.01   13.29   35.72   14.19   -0.00    1577
 13.500   32.63   13.58  0.3717    2.79   12.16   35.08   13.26   -0.05    1577
 14.000   31.61   12.72  0.3671    2.51   11.04   33.64   12.56   -0.01    1577
 14.500   30.08   11.90  0.3682    2.38    9.89   31.83   11.76    0.01    1576
 15.000   28.40   11.09  0.3628    2.39    9.06   30.00   10.88   -0.05    1576
 15.500   26.39   10.53  0.3673    2.29    8.77   27.99   10.32   -0.10    1572
 16.000   24.24   10.16  0.3626    2.27    8.24   25.84    9.88   -0.11    1570
 16.500   22.00    9.74  0.3481    1.83    7.76   23.63    9.20   -0.07    1569
 17.000   19.40    9.53  0.3247    1.55    7.17   21.15    8.64   -0.03    1567
 17.500   16.73    9.24  0.2882    1.30    6.59   18.67    7.96    0.03    1560
 18.000   13.99    8.79  0.2397    0.84    5.93   16.04    7.21    0.12    1546
 18.500   11.62    8.11  0.2388    0.85    5.28   13.75    6.47    0.21    1516
 19.000    9.44    7.60  0.2246    0.43    4.89   11.72    5.92    0.39    1477
 19.500    7.66    7.44  0.2209    0.25    4.31   10.05    5.63    0.60    1460
 20.000    6.30    7.33  0.2131    0.01    3.83    9.00    5.34    0.89    1399
 20.500    5.39    7.45  0.2244   -0.02    3.68    8.42    5.31    1.15    1347
 21.000    4.89    7.48  0.2161   -0.08    3.72    8.16    5.25    1.33    1329
 21.500    4.83    7.47  0.1994   -0.17    3.51    8.04    5.28    1.40    1286
 22.000    4.76    7.45  0.1512   -0.27    3.55    8.00    5.23    1.55    1265
 22.500    4.90    7.66  0.1457   -0.41    3.70    8.24    5.40    1.52    1254
 23.000    5.07    7.79  0.1112   -0.38    3.65    8.47    5.39    1.41    1233
 23.500    5.55    8.10  0.1403   -0.56    3.90    8.97    5.63    1.23    1217
 24.000    5.97    8.34  0.1318   -0.68    3.96    9.40    5.80    1.14    1208
 24.500    6.46    8.70  0.1587   -0.48    3.92    9.87    6.02    1.01    1174
 25.000    7.14    9.14  0.1428   -0.42    4.08   10.51    6.39    0.89    1139
 25.500    7.89    9.58  0.1692   -0.15    4.34   11.41    6.58    0.75    1123
 26.000    8.71   10.06  0.2022    0.06    4.41   12.25    6.86    0.66    1090
 26.500    9.68   10.50  0.2463    0.26    4.43   13.14    7.16    0.52    1073
 27.000   10.59   11.06  0.2312    0.37    4.44   14.13    7.44    0.48    1030
 27.500   11.43   11.79  0.2165    0.52    4.79   15.16    7.98    0.39     972
 28.000   12.53   12.31  0.2272    0.93    5.21   16.24    8.55    0.36     941
 28.500   13.92   12.89  0.1913    1.21    5.38   17.53    9.16    0.40     872
 29.000   15.16   13.48  0.1880    1.43    5.60   18.73    9.72    0.39     819
 29.500   16.36   14.22  0.2135    1.82    5.78   20.10   10.17    0.34     790
 30.000   17.91   14.44  0.2047    2.40    6.19   21.50   10.63    0.34     735
     T A B L E  I -  13.  W I N D  S T A T I S T I C A L  P A R A M E T E R S
                                    Annual
 Station =   74794      Cape Canaveral Air Force Station
    Z    MEAN U   SD  U  R(U,V)  MEAN V   SD  V MEAN WS  SD  WS SKEW WS    NOBS
    KM     M/S     M/S             M/S     M/S     M/S     M/S                 
  0.000    0.00    0.00  0.0000    0.00    0.00    0.00    0.00    0.00     100
  0.004   -0.71    2.78 -0.1778    0.17    2.53    3.19    2.12    1.04   22263
  0.500   -0.74    5.78  0.0207    1.10    5.55    7.24    3.75    0.87   22263
  1.000    0.31    6.13  0.0748    1.27    5.05    7.00    4.04    1.15   22263
  1.500    1.44    6.39  0.0904    1.13    4.93    7.02    4.40    1.29   22263
  2.000    2.40    6.66  0.0934    0.99    4.98    7.30    4.79    1.39   22262
  2.500    3.26    7.07  0.0882    0.92    5.10    7.73    5.28    1.44   22262
  3.000    4.05    7.54  0.0921    0.91    5.26    8.25    5.81    1.46   22261
  3.500    4.83    8.01  0.1004    0.87    5.43    8.81    6.38    1.46   22245
  4.000    5.59    8.53  0.1086    0.81    5.65    9.40    6.95    1.45   22242
  4.500    6.36    9.06  0.1162    0.80    5.84   10.06    7.52    1.41   22240
  5.000    7.11    9.65  0.1285    0.79    6.07   10.76    8.10    1.38   22234
  5.500    7.88   10.31  0.1386    0.79    6.38   11.56    8.73    1.34   22232
  6.000    8.67   11.04  0.1606    0.76    6.62   12.39    9.39    1.30   22230
  6.500    9.49   11.78  0.1786    0.73    6.95   13.28   10.07    1.25   22221
  7.000   10.33   12.55  0.1981    0.69    7.35   14.22   10.79    1.20   22220
  7.500   11.19   13.31  0.2120    0.68    7.75   15.19   11.51    1.16   22218
  8.000   12.06   14.14  0.2285    0.64    8.18   16.20   12.27    1.13   21991
  8.500   13.01   15.02  0.2385    0.58    8.69   17.33   13.05    1.10   21989
  9.000   13.99   15.92  0.2400    0.52    9.22   18.53   13.84    1.07   21984
  9.500   15.36   16.97  0.2380    0.41    9.85   20.05   14.80    1.01   20127
 10.000   16.43   17.93  0.2340    0.28   10.45   21.41   15.59    0.97   20127
 10.500   17.52   18.83  0.2391    0.14   11.05   22.77   16.30    0.92   20126
 11.000   18.66   19.67  0.2438   -0.01   11.62   24.16   16.92    0.84   19862
 11.500   19.65   20.28  0.2561   -0.15   12.06   25.38   17.31    0.77   19862
 12.000   20.44   20.65  0.2714   -0.31   12.24   26.30   17.42    0.69   19860
 12.500   20.99   20.77  0.2911   -0.45   12.14   26.86   17.25    0.63   19830
 13.000   21.13   20.54  0.3134   -0.60   11.61   26.88   16.79    0.58   19823
 13.500   20.84   20.07  0.3256   -0.79   10.93   26.39   16.18    0.54   19819
 14.000   20.07   19.37  0.3309   -0.96   10.16   25.36   15.48    0.52   19811
 14.500   18.84   18.43  0.3327   -1.02    9.31   23.86   14.64    0.52   19802
 15.000   17.26   17.39  0.3262   -1.03    8.58   22.07   13.74    0.55   19794
 15.500   15.42   16.29  0.3151   -0.93    7.92   20.08   12.82    0.58   19721
 16.000   13.57   15.26  0.3091   -0.75    7.18   18.16   11.86    0.65   19716
 16.500   11.61   14.31  0.2870   -0.63    6.63   16.32   10.88    0.72   19708
 17.000    9.52   13.34  0.2595   -0.60    5.99   14.54    9.72    0.78   19690
 17.500    7.41   12.31  0.2360   -0.51    5.39   12.88    8.45    0.88   19599
 18.000    5.39   11.41  0.2101   -0.46    5.01   11.50    7.26    0.95   19378
 18.500    3.43   10.55  0.1886   -0.43    4.44   10.35    6.10    1.03   18936
 19.000    1.63    9.90  0.1699   -0.38    4.04    9.52    5.28    0.92   18332
 19.500    0.09    9.53  0.1321   -0.33    3.83    9.04    4.90    0.70   18134
 20.000   -1.26    9.27  0.1105   -0.29    3.45    8.84    4.76    0.63   17672
 20.500   -2.36    9.26  0.0854   -0.22    3.33    8.88    4.96    0.63   17171
 21.000   -3.15    9.36  0.0389   -0.14    3.32    9.04    5.23    0.66   16985
 21.500   -3.79    9.46 -0.0013   -0.14    3.15    9.24    5.44    0.70   16537
 22.000   -4.27    9.62 -0.0379   -0.12    3.20    9.45    5.68    0.70   16202
 22.500   -4.67    9.83 -0.0408   -0.12    3.31    9.77    5.87    0.69   16059
 23.000   -4.95   10.08 -0.0364   -0.11    3.27   10.08    6.02    0.67   15837
 23.500   -5.16   10.44 -0.0232   -0.14    3.37   10.40    6.26    0.65   15643
 24.000   -5.29   10.78 -0.0135   -0.14    3.33   10.72    6.41    0.64   15554
 24.500   -5.36   11.16  0.0168   -0.12    3.32   11.05    6.57    0.63   15250
 25.000   -5.32   11.60  0.0473   -0.17    3.49   11.39    6.74    0.62   14952
 25.500   -5.24   12.04  0.0899   -0.19    3.48   11.77    6.85    0.62   14800
 26.000   -5.11   12.58  0.1236   -0.20    3.58   12.16    7.06    0.62   14502
 26.500   -4.93   13.15  0.1545   -0.19    3.72   12.59    7.28    0.61   14324
 27.000   -4.76   13.70  0.1683   -0.23    3.76   13.05    7.42    0.60   13885
 27.500   -4.62   14.28  0.1776   -0.25    3.97   13.54    7.65    0.57   13242
 28.000   -4.38   14.87  0.2002   -0.16    4.18   14.03    7.84    0.52   12877
 28.500   -4.16   15.49  0.2064   -0.04    4.31   14.59    8.03    0.52   12135
 29.000   -3.77   16.13  0.2092    0.02    4.58   15.12    8.22    0.52   11388
 29.500   -3.39   16.82  0.2026    0.13    4.83   15.73    8.47    0.50   11038
 30.000   -3.03   17.41  0.1918    0.24    5.07   16.30    8.63    0.51   10402
