      72572      40.77N  111.97W
     T A B L E  I -   1.  W I N D  S T A T I S T I C A L  P A R A M E T E R S
                                   January
 STATION =   725720     DUGWAY PROVING GROUNDS
    Z    MEAN U   SD  U  R(U,V)  MEAN V   SD  V MEAN WS  SD  WS SKEW WS    NOBS
    KM     M/S     M/S             M/S     M/S     M/S     M/S                 
  0.000    0.00    0.00  0.0000    0.00    0.00    0.00    0.00    0.00     100
  1.289    0.12    1.76 -0.5350    0.30    2.84    2.79    1.87    1.56    1148
  1.500    0.51    2.12 -0.4565    1.23    4.49    4.19    3.28    1.67    1161
  2.000    1.95    2.60 -0.2157    1.14    5.23    5.81    3.67    1.46    1163
  2.500    3.77    3.51 -0.0159    0.22    5.49    7.27    3.64    0.90    1163
  3.000    5.60    4.75  0.0585   -0.83    6.28    8.99    4.13    0.67    1162
  3.500    7.00    5.59  0.1259   -1.71    7.04   10.86    4.59    0.49    1162
  4.000    8.22    6.49  0.1523   -2.51    8.06   12.65    5.35    0.39    1163
  4.500    9.41    7.45  0.1545   -3.21    9.14   14.38    6.24    0.37    1163
  5.000   10.59    8.49  0.1587   -3.89   10.32   16.11    7.24    0.37    1163
  5.500   11.70    9.52  0.1607   -4.53   11.59   17.78    8.28    0.37    1163
  6.000   12.68   10.44  0.1597   -5.03   12.81   19.47    9.15    0.40    1163
  6.500   13.58   11.36  0.1674   -5.45   14.04   21.07   10.05    0.44    1160
  7.000   14.56   12.42  0.1696   -5.88   15.38   22.74   11.08    0.47    1159
  7.500   15.25   13.14  0.1708   -6.34   16.33   24.05   11.70    0.43    1151
  8.000   15.88   13.79  0.1763   -6.80   17.30   25.35   12.27    0.41    1143
  8.500   16.75   14.69  0.1868   -7.26   18.25   26.80   13.02    0.38    1142
  9.000   17.51   15.49  0.1848   -7.84   19.18   28.08   13.79    0.41    1136
  9.500   18.10   15.78  0.1932   -8.13   19.41   28.72   14.08    0.43    1130
 10.000   18.68   15.90  0.1965   -8.31   19.49   29.18   14.28    0.46    1125
 10.500   19.20   15.81  0.1873   -8.37   19.34   29.38   14.30    0.45    1121
 11.000   19.56   14.94  0.1841   -8.13   18.27   28.79   13.65    0.44    1117
 11.500   19.85   14.14  0.1676   -7.91   17.04   28.05   13.05    0.49    1115
 12.000   20.07   13.30  0.1515   -7.57   15.85   27.28   12.35    0.51    1112
 12.500   19.97   12.16  0.1362   -7.06   14.58   26.33   11.31    0.48    1108
 13.000   19.61   11.29  0.1327   -6.50   13.45   25.23   10.53    0.48    1108
 13.500   19.20   10.63  0.1251   -5.96   12.49   24.15    9.93    0.44    1108
 14.000   18.55    9.94  0.1128   -5.69   11.80   23.17    9.29    0.40    1102
 14.500   17.89    9.31  0.0978   -5.47   11.20   22.25    8.79    0.39    1097
 15.000   17.17    8.86  0.0809   -5.26   10.57   21.26    8.46    0.35    1097
 15.500   16.38    8.58  0.0608   -5.03    9.97   20.22    8.23    0.35    1093
 16.000   15.44    8.31  0.0454   -4.76    9.40   19.01    8.01    0.39    1093
 16.500   14.30    7.82  0.0332   -4.58    8.68   17.69    7.56    0.43    1078
 17.000   13.10    7.38  0.0002   -4.34    7.91   16.31    7.16    0.56    1077
 17.500   11.77    7.02 -0.0315   -4.16    7.30   14.88    6.88    0.69    1074
 18.000   10.40    6.84 -0.0587   -3.97    6.78   13.41    6.75    0.83    1072
 18.500    9.16    6.80 -0.0928   -3.77    6.39   12.09    6.74    0.93    1063
 19.000    8.12    6.60 -0.1293   -3.77    5.93   11.30    6.41    1.15    1061
 19.500    7.05    6.55 -0.1486   -3.80    5.64   10.56    6.19    1.32    1052
 20.000    6.00    6.66 -0.1651   -3.84    5.49    9.87    6.12    1.43    1047
 20.500    4.97    6.96 -0.1792   -3.92    5.50    9.26    6.26    1.46    1035
 21.000    4.29    7.17 -0.1859   -3.99    5.31    9.22    6.14    1.57    1014
 21.500    3.55    7.39 -0.1902   -4.08    5.20    9.28    5.98    1.62    1011
 22.000    2.86    7.66 -0.1836   -4.17    5.15    9.34    5.93    1.69    1006
 22.500    2.21    8.04 -0.1666   -4.29    5.14    9.45    5.98    1.68     998
 23.000    1.58    8.47 -0.1407   -4.39    5.19    9.57    6.11    1.66     991
 23.500    0.90    8.95 -0.1366   -4.52    5.31    9.70    6.34    1.59     987
 24.000    0.60    9.51 -0.1060   -4.65    5.41   10.08    6.65    1.53     929
 24.500    0.44    9.98 -0.0767   -4.82    5.46   10.60    6.79    1.48     922
 25.000    0.22   10.54 -0.0477   -4.96    5.63   11.12    7.05    1.42     915
 25.500   -0.00   11.08 -0.0149   -5.11    5.94   11.65    7.30    1.29     897
 26.000   -0.82   11.38 -0.0197   -5.38    6.29   12.01    7.55    1.23     858
 26.500   -1.71   13.07 -0.0437   -5.39    5.85   13.37    7.78    0.77     459
 27.000    2.41   12.14  0.0354   -5.50    6.10   12.71    7.96    1.21     359
 27.500    2.86   12.95  0.0646   -5.43    6.27   13.39    8.43    1.28     338
 28.000    3.06   13.58  0.1313   -5.27    6.33   13.85    8.69    1.15     317
 28.500    3.54   14.46  0.1499   -5.26    6.80   14.62    9.36    1.16     302
 29.000    3.91   14.96  0.1839   -5.23    6.70   15.06    9.48    0.98     284
 29.500    4.14   15.73  0.2301   -5.30    6.98   15.74    9.92    0.95     272
 30.000    4.64   16.41  0.2705   -5.21    7.24   16.19   10.56    0.98     250
     T A B L E  I -   2.  W I N D  S T A T I S T I C A L  P A R A M E T E R S
                                  February
 STATION =   725720     DUGWAY PROVING GROUNDS
    Z    MEAN U   SD  U  R(U,V)  MEAN V   SD  V MEAN WS  SD  WS SKEW WS    NOBS
    KM     M/S     M/S             M/S     M/S     M/S     M/S                 
  0.000    0.00    0.00  0.0000    0.00    0.00    0.00    0.00    0.00     100
  1.289    0.14    2.00 -0.5301    0.55    3.31    3.23    2.20    1.60    1080
  1.500    0.50    2.29 -0.5376    1.43    5.01    4.71    3.48    1.50    1088
  2.000    1.81    2.54 -0.2826    1.65    5.53    6.04    3.77    1.39    1089
  2.500    3.42    3.33 -0.0532    1.18    5.70    7.17    3.74    1.10    1090
  3.000    5.10    4.50  0.0223    0.62    6.48    8.56    4.30    0.95    1090
  3.500    6.55    5.25  0.0876    0.01    7.14   10.27    4.71    0.71    1090
  4.000    7.88    6.13  0.1140   -0.54    8.06   12.02    5.33    0.54    1090
  4.500    9.17    7.10  0.1227   -1.03    9.15   13.76    6.15    0.45    1090
  5.000   10.38    8.13  0.1328   -1.47   10.32   15.43    7.12    0.43    1090
  5.500   11.56    9.24  0.1330   -1.91   11.55   17.10    8.11    0.43    1088
  6.000   12.64   10.22  0.1483   -2.18   12.61   18.80    8.86    0.47    1089
  6.500   13.71   11.30  0.1570   -2.37   13.81   20.51    9.78    0.51    1089
  7.000   14.73   12.43  0.1663   -2.51   15.11   22.18   10.78    0.53    1089
  7.500   15.80   13.23  0.1826   -2.65   16.15   23.75   11.51    0.52    1090
  8.000   16.83   14.06  0.1961   -2.82   17.22   25.33   12.24    0.53    1089
  8.500   17.89   15.01  0.2030   -3.00   18.26   26.88   13.07    0.51    1088
  9.000   18.91   15.93  0.2063   -3.20   19.17   28.21   14.00    0.53    1087
  9.500   19.88   16.18  0.2177   -3.34   19.41   29.07   14.32    0.56    1084
 10.000   20.78   16.19  0.2237   -3.43   19.45   29.67   14.48    0.59    1078
 10.500   21.46   15.86  0.2273   -3.66   18.98   29.81   14.29    0.58    1075
 11.000   21.77   14.76  0.2170   -3.75   17.63   29.06   13.54    0.53    1070
 11.500   21.87   13.73  0.2134   -3.64   16.14   28.07   12.76    0.47    1068
 12.000   21.70   12.63  0.2020   -3.50   14.82   27.01   11.97    0.48    1067
 12.500   21.32   11.43  0.1797   -3.16   13.49   25.87   11.01    0.42    1067
 13.000   20.92   10.34  0.1495   -2.78   12.42   24.83   10.14    0.36    1065
 13.500   20.37    9.50  0.1427   -2.53   11.69   23.78    9.55    0.29    1060
 14.000   19.59    8.83  0.1473   -2.39   10.98   22.74    8.96    0.30    1050
 14.500   18.81    8.31  0.1394   -2.28   10.26   21.74    8.44    0.31    1047
 15.000   17.94    7.84  0.1197   -2.16    9.64   20.70    7.94    0.29    1046
 15.500   17.02    7.52  0.1001   -2.04    9.04   19.59    7.62    0.28    1044
 16.000   16.10    7.29  0.0713   -1.98    8.48   18.46    7.40    0.30    1041
 16.500   14.94    6.87  0.0640   -1.99    7.71   17.14    6.97    0.40    1036
 17.000   13.58    6.55  0.0685   -1.95    7.06   15.74    6.56    0.54    1034
 17.500   12.22    6.33  0.0618   -1.93    6.49   14.36    6.24    0.68    1031
 18.000   10.95    6.29  0.0252   -1.99    6.07   13.09    6.10    0.75    1025
 18.500    9.70    6.35  0.0148   -2.09    5.71   11.88    6.03    0.73    1016
 19.000    8.56    6.19  0.0211   -2.25    5.21   10.99    5.64    0.82    1011
 19.500    7.42    6.18  0.0383   -2.39    4.87   10.15    5.40    0.94    1005
 20.000    6.27    6.30  0.0346   -2.51    4.61    9.30    5.28    1.09    1003
 20.500    5.20    6.51  0.0224   -2.70    4.59    8.58    5.34    1.11     995
 21.000    4.43    6.60  0.0202   -2.91    4.35    8.45    5.04    1.17     984
 21.500    3.65    6.72  0.0273   -3.10    4.19    8.39    4.78    1.23     980
 22.000    2.92    6.94  0.0389   -3.25    4.10    8.39    4.65    1.28     972
 22.500    2.21    7.25  0.0384   -3.38    4.15    8.43    4.71    1.34     970
 23.000    1.55    7.66  0.0500   -3.49    4.26    8.56    4.86    1.33     966
 23.500    0.93    8.10  0.0492   -3.64    4.43    8.71    5.11    1.28     960
 24.000    0.57    8.57  0.0760   -3.69    4.49    9.04    5.34    1.23     912
 24.500    0.37    9.01  0.0924   -3.81    4.45    9.44    5.52    1.26     904
 25.000    0.25    9.48  0.1076   -3.93    4.54    9.82    5.82    1.25     896
 25.500    0.12   10.07  0.1215   -4.03    4.77   10.25    6.22    1.23     891
 26.000   -0.54   10.17  0.1068   -4.16    5.07   10.40    6.33    1.08     866
 26.500   -1.51   11.06  0.0944   -4.36    4.38   11.00    6.55    0.93     449
 27.000   -0.59   11.65  0.0923   -4.48    4.68   11.56    6.87    0.98     407
 27.500   -0.43   12.40  0.1207   -4.56    4.83   12.29    7.09    0.91     394
 28.000    0.05   13.06  0.1291   -4.50    5.07   12.92    7.30    0.87     373
 28.500    0.31   13.70  0.1500   -4.45    5.05   13.55    7.34    0.71     346
 29.000    0.55   14.68  0.1819   -4.33    5.30   14.41    7.70    0.67     318
 29.500    0.82   15.56  0.2202   -4.25    5.64   15.18    8.12    0.64     301
 30.000    1.56   16.28  0.2167   -4.19    5.95   15.86    8.45    0.70     280
     T A B L E  I -   3.  W I N D  S T A T I S T I C A L  P A R A M E T E R S
                                     March
 STATION =   725720     DUGWAY PROVING GROUNDS
    Z    MEAN U   SD  U  R(U,V)  MEAN V   SD  V MEAN WS  SD  WS SKEW WS    NOBS
    KM     M/S     M/S             M/S     M/S     M/S     M/S                 
  0.000    0.00    0.00  0.0000    0.00    0.00    0.00    0.00    0.00     100
  1.289    0.03    2.07 -0.5447    0.35    3.65    3.60    2.18    1.08    1156
  1.500    0.43    2.32 -0.5298    1.03    5.34    5.08    3.30    1.14    1163
  2.000    1.79    2.38 -0.3063    1.16    5.64    6.12    3.57    1.09    1163
  2.500    3.29    3.18 -0.0915    0.93    5.92    7.26    3.68    0.97    1163
  3.000    4.91    4.33  0.0216    0.60    6.68    8.62    4.14    0.78    1163
  3.500    6.37    5.00  0.0919    0.24    7.22   10.27    4.39    0.53    1163
  4.000    7.77    5.71  0.1420   -0.13    8.02   11.93    4.95    0.33    1163
  4.500    9.09    6.57  0.1756   -0.42    9.00   13.56    5.72    0.23    1163
  5.000   10.35    7.53  0.1733   -0.69   10.11   15.19    6.58    0.22    1163
  5.500   11.58    8.59  0.1564   -0.97   11.23   16.78    7.54    0.25    1163
  6.000   12.72    9.55  0.1534   -1.21   12.30   18.45    8.34    0.31    1162
  6.500   13.76   10.59  0.1555   -1.49   13.46   20.08    9.31    0.37    1162
  7.000   14.78   11.72  0.1682   -1.79   14.69   21.67   10.39    0.42    1161
  7.500   15.71   12.42  0.1877   -2.08   15.71   23.11   11.03    0.42    1157
  8.000   16.62   12.99  0.2061   -2.39   16.73   24.55   11.57    0.44    1156
  8.500   17.53   13.58  0.2209   -2.74   17.75   25.93   12.14    0.44    1156
  9.000   18.48   14.25  0.2394   -3.13   18.80   27.34   12.77    0.46    1156
  9.500   19.32   14.54  0.2621   -3.27   19.16   28.27   12.92    0.41    1152
 10.000   20.08   14.84  0.2791   -3.44   19.38   29.04   13.11    0.40    1149
 10.500   20.82   15.02  0.2864   -3.50   19.12   29.45   13.18    0.40    1147
 11.000   21.22   14.41  0.2843   -3.34   17.99   29.00   12.64    0.36    1146
 11.500   21.33   13.64  0.2813   -3.15   16.82   28.13   12.22    0.32    1145
 12.000   21.21   12.90  0.2584   -2.88   15.55   27.15   11.68    0.31    1143
 12.500   20.73   11.67  0.2338   -2.54   14.16   25.86   10.68    0.32    1143
 13.000   20.05   10.55  0.2125   -2.08   12.84   24.41    9.84    0.31    1141
 13.500   19.43    9.66  0.1818   -1.81   11.74   23.13    9.17    0.27    1140
 14.000   18.65    8.93  0.1673   -1.63   10.92   22.01    8.52    0.28    1136
 14.500   17.87    8.48  0.1534   -1.45   10.26   21.00    8.16    0.28    1135
 15.000   17.04    8.12  0.1294   -1.31    9.61   19.93    7.88    0.29    1133
 15.500   16.14    7.85  0.1046   -1.18    9.09   18.85    7.67    0.36    1131
 16.000   15.20    7.63  0.0735   -1.02    8.57   17.70    7.52    0.40    1129
 16.500   14.09    7.23  0.0622   -0.88    7.96   16.45    7.15    0.44    1125
 17.000   12.85    6.66  0.0561   -0.73    7.32   15.09    6.62    0.56    1125
 17.500   11.54    6.26  0.0518   -0.61    6.80   13.73    6.24    0.69    1123
 18.000   10.15    6.15  0.0404   -0.52    6.39   12.34    6.05    0.86    1119
 18.500    8.91    6.03  0.0354   -0.48    6.07   11.06    5.91    0.90    1111
 19.000    7.89    5.76  0.0595   -0.62    5.47   10.17    5.45    0.97    1105
 19.500    6.91    5.66  0.0812   -0.77    5.09    9.38    5.12    1.06    1098
 20.000    5.95    5.78  0.1124   -0.91    4.82    8.65    4.97    1.18    1088
 20.500    5.01    6.02  0.1196   -1.02    4.68    7.91    4.97    1.27    1076
 21.000    4.45    6.09  0.1424   -1.12    4.27    7.69    4.71    1.34    1055
 21.500    3.91    6.20  0.1583   -1.25    3.95    7.59    4.47    1.42    1050
 22.000    3.39    6.40  0.1717   -1.39    3.71    7.54    4.30    1.42    1049
 22.500    2.88    6.68  0.1832   -1.51    3.57    7.53    4.26    1.37    1046
 23.000    2.42    6.98  0.1911   -1.65    3.50    7.53    4.30    1.32    1041
 23.500    1.98    7.35  0.1882   -1.78    3.56    7.56    4.43    1.23    1039
 24.000    1.75    7.69  0.1910   -1.86    3.52    7.73    4.55    1.15     994
 24.500    1.87    8.04  0.2132   -1.93    3.40    8.09    4.68    1.13     990
 25.000    1.97    8.51  0.2336   -1.93    3.37    8.46    4.92    1.10     979
 25.500    2.04    8.97  0.2484   -1.95    3.52    8.80    5.22    1.12     974
 26.000    2.13    9.53  0.2530   -1.94    3.72    9.15    5.59    1.12     967
 26.500    0.71   10.65  0.2573   -2.01    3.58    9.73    6.08    1.12     472
 27.000    2.44   10.59  0.2336   -1.80    3.49    9.99    6.01    0.95     422
 27.500    3.09   11.21  0.2597   -1.77    3.51   10.63    6.38    0.97     412
 28.000    3.86   11.82  0.2835   -1.74    3.62   11.33    6.81    1.05     392
 28.500    4.45   12.39  0.3092   -1.70    3.67   11.91    7.22    1.10     371
 29.000    5.29   13.14  0.3155   -1.62    3.83   12.71    7.79    1.10     345
 29.500    6.08   13.75  0.3354   -1.54    4.04   13.27    8.50    1.15     319
 30.000    6.81   14.52  0.3497   -1.46    4.39   14.08    9.13    1.15     300
     T A B L E  I -   4.  W I N D  S T A T I S T I C A L  P A R A M E T E R S
                                     April
 STATION =   725720     DUGWAY PROVING GROUNDS
    Z    MEAN U   SD  U  R(U,V)  MEAN V   SD  V MEAN WS  SD  WS SKEW WS    NOBS
    KM     M/S     M/S             M/S     M/S     M/S     M/S                 
  0.000    0.00    0.00  0.0000    0.00    0.00    0.00    0.00    0.00     100
  1.289    0.04    2.28 -0.4924    0.32    3.66    3.76    2.14    1.21    1063
  1.500    0.53    2.76 -0.5194    0.82    5.18    5.23    3.13    1.16    1068
  2.000    1.67    2.68 -0.3304    0.96    5.49    6.20    3.33    1.16    1068
  2.500    2.82    3.34 -0.1309    1.01    6.02    7.21    3.66    1.07    1068
  3.000    4.01    4.51 -0.0445    1.06    7.00    8.39    4.34    1.02    1068
  3.500    5.23    5.12  0.0137    1.18    7.54    9.87    4.53    0.72    1067
  4.000    6.40    5.75  0.0499    1.27    8.28   11.33    4.96    0.41    1066
  4.500    7.53    6.55  0.0724    1.38    9.19   12.77    5.67    0.33    1066
  5.000    8.62    7.46  0.0930    1.48   10.16   14.17    6.49    0.30    1066
  5.500    9.67    8.50  0.1066    1.59   11.23   15.59    7.43    0.29    1066
  6.000   10.70    9.36  0.1045    1.66   12.08   17.01    8.15    0.34    1065
  6.500   11.73   10.30  0.0959    1.71   12.97   18.44    8.94    0.37    1065
  7.000   12.73   11.34  0.0914    1.74   14.02   19.89    9.86    0.41    1064
  7.500   13.68   12.20  0.0956    1.70   15.02   21.37   10.59    0.39    1064
  8.000   14.56   12.99  0.0991    1.63   15.98   22.80   11.17    0.39    1062
  8.500   15.49   13.86  0.1058    1.60   17.03   24.25   11.87    0.40    1060
  9.000   16.53   14.51  0.1156    1.51   18.12   25.62   12.64    0.40    1059
  9.500   17.56   14.84  0.1418    1.25   18.56   26.60   13.02    0.36    1056
 10.000   18.61   14.89  0.1642    1.05   18.65   27.36   13.12    0.32    1053
 10.500   19.50   14.78  0.1728    0.79   18.54   27.80   13.17    0.29    1052
 11.000   19.91   14.02  0.1716    0.69   17.77   27.51   12.59    0.28    1049
 11.500   20.15   13.33  0.1626    0.68   16.74   26.91   12.10    0.32    1047
 12.000   20.03   12.60  0.1507    0.61   15.60   25.95   11.63    0.37    1046
 12.500   19.46   11.41  0.1450    0.74   14.13   24.58   10.64    0.44    1045
 13.000   18.81   10.29  0.1277    0.96   12.74   23.20    9.67    0.45    1045
 13.500   18.07    9.22  0.1082    1.19   11.52   21.78    8.79    0.34    1045
 14.000   17.20    8.48  0.0922    1.28   10.55   20.48    8.20    0.30    1044
 14.500   16.36    7.87  0.0869    1.33    9.73   19.38    7.60    0.28    1043
 15.000   15.52    7.41  0.0842    1.39    9.04   18.30    7.18    0.30    1041
 15.500   14.60    7.05  0.0894    1.43    8.42   17.16    6.89    0.33    1038
 16.000   13.65    6.79  0.0840    1.43    7.93   16.00    6.73    0.37    1037
 16.500   12.61    6.42  0.0808    1.47    7.34   14.79    6.39    0.38    1027
 17.000   11.47    5.93  0.0864    1.46    6.73   13.58    5.88    0.47    1027
 17.500   10.26    5.49  0.0788    1.40    6.18   12.31    5.43    0.55    1025
 18.000    9.03    5.18  0.0743    1.33    5.75   11.04    5.07    0.61    1024
 18.500    7.88    5.14  0.0928    1.19    5.49    9.82    5.02    0.70    1021
 19.000    6.91    4.78  0.1052    0.95    4.90    8.88    4.58    0.85    1010
 19.500    5.99    4.61  0.1044    0.68    4.42    8.03    4.25    1.05    1008
 20.000    5.09    4.60  0.0948    0.45    4.09    7.22    4.07    1.26    1004
 20.500    4.22    4.76  0.0804    0.15    3.98    6.47    4.07    1.37    1001
 21.000    3.69    4.70  0.1132   -0.03    3.68    6.14    3.88    1.39     981
 21.500    3.30    4.59  0.1553   -0.12    3.37    5.95    3.63    1.40     979
 22.000    2.93    4.62  0.1924   -0.22    3.18    5.84    3.48    1.40     977
 22.500    2.62    4.70  0.2173   -0.35    3.14    5.80    3.38    1.35     974
 23.000    2.34    4.86  0.2374   -0.47    3.21    5.78    3.36    1.27     970
 23.500    2.07    5.07  0.2498   -0.57    3.42    5.78    3.43    1.22     966
 24.000    2.01    5.32  0.2704   -0.62    3.48    5.84    3.53    1.17     932
 24.500    2.30    5.55  0.3202   -0.64    3.27    6.20    3.57    1.18     930
 25.000    2.58    5.89  0.3417   -0.68    3.19    6.57    3.70    1.15     923
 25.500    2.90    6.28  0.3515   -0.71    3.31    6.97    3.91    1.11     916
 26.000    3.20    6.76  0.3357   -0.71    3.57    7.38    4.23    1.05     912
 26.500    2.68    7.19  0.3255   -0.89    3.70    7.42    4.36    0.95     542
 27.000    3.70    7.34  0.4350   -0.77    3.30    7.73    4.62    1.15     355
 27.500    4.43    7.64  0.4492   -0.69    3.35    8.33    4.81    1.13     334
 28.000    5.36    7.83  0.4814   -0.57    3.45    8.91    5.09    1.15     317
 28.500    5.98    8.20  0.4590   -0.45    3.49    9.52    5.31    1.18     302
 29.000    6.76    8.66  0.4549   -0.26    3.61   10.23    5.70    1.12     287
 29.500    7.48    9.21  0.4396   -0.08    3.72   10.93    6.20    1.06     264
 30.000    8.39    9.68  0.4313    0.12    3.89   11.65    6.79    1.04     241
     T A B L E  I -   5.  W I N D  S T A T I S T I C A L  P A R A M E T E R S
                                       May
 STATION =   725720     DUGWAY PROVING GROUNDS
    Z    MEAN U   SD  U  R(U,V)  MEAN V   SD  V MEAN WS  SD  WS SKEW WS    NOBS
    KM     M/S     M/S             M/S     M/S     M/S     M/S                 
  0.000    0.00    0.00  0.0000    0.00    0.00    0.00    0.00    0.00     100
  1.289   -0.04    2.17 -0.4624    0.14    3.46    3.62    1.88    1.06    1181
  1.500    0.31    2.59 -0.4791    0.43    4.74    4.87    2.71    0.97    1194
  2.000    1.38    2.50 -0.3293    0.66    4.71    5.47    2.88    1.03    1194
  2.500    2.49    3.00 -0.1333    0.94    4.77    6.16    3.07    0.86    1194
  3.000    3.64    3.97 -0.0229    1.26    5.50    7.07    3.67    0.79    1194
  3.500    4.79    4.61  0.0220    1.49    6.11    8.50    4.06    0.65    1194
  4.000    5.91    5.37  0.0434    1.75    6.87    9.96    4.68    0.60    1190
  4.500    7.00    6.22  0.0750    2.04    7.61   11.31    5.43    0.57    1183
  5.000    8.04    7.11  0.0993    2.23    8.50   12.65    6.23    0.62    1183
  5.500    9.07    8.05  0.1147    2.37    9.41   13.92    7.14    0.64    1181
  6.000    9.99    8.93  0.1235    2.40   10.22   15.18    7.95    0.67    1181
  6.500   10.89    9.78  0.1291    2.36   11.05   16.41    8.80    0.74    1181
  7.000   11.80   10.73  0.1313    2.37   12.01   17.70    9.69    0.80    1180
  7.500   12.69   11.61  0.1327    2.35   12.97   19.04   10.45    0.79    1176
  8.000   13.49   12.37  0.1338    2.35   13.83   20.34   11.03    0.78    1175
  8.500   14.39   13.17  0.1383    2.38   14.69   21.63   11.75    0.78    1175
  9.000   15.24   13.99  0.1426    2.42   15.54   22.86   12.47    0.79    1173
  9.500   16.13   14.56  0.1465    2.35   16.14   23.93   12.95    0.77    1173
 10.000   16.97   14.94  0.1618    2.25   16.46   24.85   13.18    0.72    1170
 10.500   17.74   15.25  0.1717    2.16   16.79   25.59   13.47    0.66    1169
 11.000   18.27   14.82  0.1812    2.13   16.27   25.59   13.12    0.59    1169
 11.500   18.55   14.29  0.1808    2.02   15.58   25.28   12.66    0.56    1167
 12.000   18.57   13.73  0.1722    1.88   14.83   24.73   12.17    0.52    1166
 12.500   18.20   12.74  0.1682    1.88   13.49   23.62   11.31    0.51    1163
 13.000   17.55   11.49  0.1490    1.92   12.21   22.21   10.38    0.51    1161
 13.500   16.57   10.36  0.1453    1.92   10.93   20.59    9.38    0.47    1160
 14.000   15.57    9.41  0.1383    2.05    9.75   19.04    8.55    0.42    1157
 14.500   14.59    8.69  0.1306    2.10    8.87   17.80    7.85    0.41    1156
 15.000   13.57    8.08  0.1127    2.06    8.14   16.58    7.24    0.43    1155
 15.500   12.49    7.51  0.0842    2.08    7.51   15.31    6.73    0.46    1153
 16.000   11.39    7.12  0.0480    2.07    6.84   14.03    6.29    0.51    1151
 16.500   10.32    6.67  0.0113    1.90    6.36   12.77    5.94    0.55    1141
 17.000    9.12    6.04 -0.0071    1.74    5.76   11.54    5.30    0.63    1137
 17.500    7.77    5.43 -0.0169    1.50    5.21   10.16    4.71    0.77    1132
 18.000    6.41    4.99 -0.0130    1.20    4.75    8.82    4.20    0.89    1129
 18.500    5.04    4.81 -0.0048    0.86    4.45    7.48    4.02    1.00    1126
 19.000    4.01    4.44  0.0139    0.56    3.94    6.53    3.62    1.06    1110
 19.500    3.06    4.08  0.0123    0.33    3.46    5.81    3.15    1.16    1103
 20.000    2.17    3.88  0.0348    0.11    3.14    5.21    2.82    1.33    1095
 20.500    1.33    3.85  0.0298   -0.11    3.01    4.68    2.66    1.47    1085
 21.000    0.76    3.84  0.0465   -0.21    2.88    4.43    2.57    1.37    1066
 21.500    0.43    3.73  0.0734   -0.29    2.58    4.37    2.36    1.33    1061
 22.000    0.13    3.70  0.1042   -0.41    2.36    4.34    2.25    1.26    1059
 22.500   -0.15    3.76  0.1334   -0.51    2.24    4.36    2.22    1.15    1053
 23.000   -0.42    3.91  0.1578   -0.60    2.22    4.41    2.27    1.14    1051
 23.500   -0.68    4.11  0.1788   -0.69    2.33    4.47    2.41    1.09    1050
 24.000   -0.90    4.37  0.1728   -0.75    2.53    4.54    2.62    1.03    1033
 24.500   -0.95    4.39  0.2183   -0.75    2.29    4.66    2.53    1.14    1004
 25.000   -0.96    4.51  0.2368   -0.78    2.17    4.83    2.55    1.24    1002
 25.500   -0.98    4.72  0.2232   -0.80    2.23    4.99    2.67    1.34    1000
 26.000   -0.99    5.00  0.1895   -0.82    2.41    5.16    2.89    1.43     997
 26.500   -1.06    5.30  0.1375   -0.84    2.74    5.29    3.20    1.44     965
 27.000   -1.83    4.78  0.1372   -1.14    2.49    5.02    3.10    1.79     393
 27.500   -1.80    4.97  0.1263   -1.06    2.45    5.14    3.21    1.73     382
 28.000   -1.75    5.11  0.1329   -0.89    2.31    5.18    3.24    1.71     364
 28.500   -1.66    5.20  0.1213   -0.69    2.35    5.26    3.25    1.67     346
 29.000   -1.35    5.24  0.0977   -0.51    2.37    5.22    3.22    1.76     317
 29.500   -1.13    5.46  0.0886   -0.42    2.44    5.33    3.37    1.80     280
 30.000   -0.73    5.60  0.0611   -0.36    2.63    5.44    3.41    1.89     257
     T A B L E  I -   6.  W I N D  S T A T I S T I C A L  P A R A M E T E R S
                                      June
 STATION =   725720     DUGWAY PROVING GROUNDS
    Z    MEAN U   SD  U  R(U,V)  MEAN V   SD  V MEAN WS  SD  WS SKEW WS    NOBS
    KM     M/S     M/S             M/S     M/S     M/S     M/S                 
  0.000    0.00    0.00  0.0000    0.00    0.00    0.00    0.00    0.00     100
  1.289   -0.19    1.94 -0.4927    0.27    3.66    3.69    1.91    0.66    1080
  1.500    0.00    2.50 -0.4571    0.86    5.21    5.14    3.02    1.04    1085
  2.000    1.27    2.43 -0.2777    1.44    5.11    5.76    3.29    1.07    1085
  2.500    2.61    2.67 -0.1020    1.88    4.88    6.36    3.32    0.86    1084
  3.000    3.99    3.35 -0.0250    2.36    5.33    7.18    3.73    0.77    1084
  3.500    5.35    3.74 -0.0490    2.86    5.76    8.58    3.91    0.67    1085
  4.000    6.68    4.30 -0.0705    3.34    6.25   10.12    4.29    0.54    1084
  4.500    7.90    4.94 -0.0449    3.85    6.99   11.60    4.88    0.56    1084
  5.000    9.05    5.63 -0.0199    4.24    7.73   12.94    5.56    0.54    1084
  5.500   10.24    6.34 -0.0002    4.53    8.54   14.26    6.30    0.53    1084
  6.000   11.24    6.96  0.0138    4.75    9.20   15.41    6.93    0.57    1084
  6.500   12.06    7.47  0.0377    4.82    9.78   16.40    7.46    0.68    1084
  7.000   12.86    8.06  0.0556    4.86   10.43   17.35    8.05    0.72    1081
  7.500   13.66    8.76  0.0659    4.93   11.13   18.34    8.73    0.72    1080
  8.000   14.34    9.20  0.0718    5.14   11.69   19.33    9.09    0.70    1078
  8.500   14.97    9.75  0.0822    5.30   12.32   20.27    9.59    0.72    1078
  9.000   15.58   10.31  0.0888    5.46   13.00   21.18   10.12    0.71    1077
  9.500   16.17   10.82  0.0920    5.59   13.65   22.04   10.57    0.68    1075
 10.000   16.89   11.08  0.0814    5.79   14.09   22.98   10.74    0.61    1073
 10.500   17.66   11.37  0.0755    5.89   14.56   23.83   11.08    0.57    1073
 11.000   18.32   11.25  0.0886    5.88   14.51   24.29   11.02    0.49    1072
 11.500   18.87   10.98  0.0938    5.91   14.31   24.62   10.79    0.44    1072
 12.000   19.26   10.74  0.1003    5.83   14.07   24.74   10.56    0.42    1070
 12.500   19.20   10.24  0.1059    5.71   13.42   24.34   10.00    0.35    1069
 13.000   18.66    9.51  0.1089    5.47   12.31   23.30    9.26    0.33    1068
 13.500   17.82    8.72  0.1090    5.22   11.12   21.92    8.52    0.29    1067
 14.000   16.70    8.07  0.1172    4.93   10.07   20.32    7.94    0.25    1067
 14.500   15.23    7.24  0.1062    4.67    9.17   18.65    7.17    0.22    1065
 15.000   13.61    6.49  0.0968    4.38    8.34   16.87    6.46    0.25    1065
 15.500   11.88    5.83  0.0715    4.10    7.50   15.00    5.79    0.31    1064
 16.000   10.14    5.32  0.0530    3.77    6.81   13.16    5.28    0.39    1063
 16.500    8.38    4.95  0.0310    3.29    6.16   11.22    4.90    0.50    1060
 17.000    6.73    4.33  0.0485    2.83    5.37    9.58    4.31    0.67    1051
 17.500    5.07    3.81  0.0706    2.36    4.62    8.06    3.74    0.86    1050
 18.000    3.46    3.39  0.0784    1.92    4.01    6.67    3.28    1.15    1049
 18.500    1.87    3.28  0.0783    1.48    3.60    5.45    3.00    1.43    1044
 19.000    0.52    3.20  0.0768    1.10    3.24    4.71    2.76    1.53    1039
 19.500   -0.50    2.90  0.0683    0.80    2.82    4.59    2.42    1.57    1034
 20.000   -1.49    2.80  0.0334    0.53    2.52    4.56    2.26    1.36    1029
 20.500   -2.42    2.86  0.0132    0.31    2.49    4.62    2.28    1.11    1025
 21.000   -3.21    3.03 -0.0055    0.10    2.58    4.72    2.46    0.94    1005
 21.500   -3.81    2.81  0.0145   -0.05    2.28    5.12    2.25    0.74    1002
 22.000   -4.38    2.71  0.0269   -0.18    2.09    5.54    2.20    0.52     995
 22.500   -4.93    2.69  0.0327   -0.28    2.00    5.95    2.22    0.35     992
 23.000   -5.47    2.71  0.0358   -0.35    1.99    6.36    2.29    0.22     987
 23.500   -5.97    2.82  0.0493   -0.43    2.10    6.74    2.45    0.15     986
 24.000   -6.46    3.03  0.0652   -0.51    2.34    7.11    2.72    0.11     984
 24.500   -6.88    3.01  0.0675   -0.60    2.24    7.48    2.72    0.13     943
 25.000   -7.20    2.94  0.0672   -0.65    1.97    7.79    2.64    0.08     940
 25.500   -7.52    3.01  0.0470   -0.70    1.86    8.09    2.69    0.04     937
 26.000   -7.80    3.16  0.0180   -0.73    1.94    8.37    2.82    0.05     929
 26.500   -8.08    3.42 -0.0061   -0.75    2.20    8.65    3.04    0.05     926
 27.000   -9.02    3.07  0.0417   -0.81    1.89    9.32    2.91   -0.09     323
 27.500   -9.18    3.11  0.1002   -0.75    1.66    9.46    2.95   -0.13     297
 28.000   -9.38    3.10  0.1121   -0.61    1.70    9.65    2.98   -0.15     285
 28.500   -9.56    3.20  0.0906   -0.47    1.84    9.84    3.10   -0.18     271
 29.000   -9.75    3.22  0.0863   -0.44    1.94   10.04    3.14   -0.10     253
 29.500   -9.94    3.35  0.1346   -0.38    2.02   10.24    3.26   -0.07     232
 30.000  -10.18    3.51  0.1582   -0.42    2.03   10.48    3.39   -0.01     210
     T A B L E  I -   7.  W I N D  S T A T I S T I C A L  P A R A M E T E R S
                                      July
 STATION =   725720     DUGWAY PROVING GROUNDS
    Z    MEAN U   SD  U  R(U,V)  MEAN V   SD  V MEAN WS  SD  WS SKEW WS    NOBS
    KM     M/S     M/S             M/S     M/S     M/S     M/S                 
  0.000    0.00    0.00  0.0000    0.00    0.00    0.00    0.00    0.00     100
  1.289   -0.40    1.95 -0.4555    0.44    3.54    3.65    1.82    0.84    1135
  1.500   -0.38    2.38 -0.5362    1.29    5.07    5.04    2.91    1.12    1138
  2.000    0.63    2.17 -0.3429    1.59    4.75    5.23    2.96    1.22    1139
  2.500    1.78    2.41 -0.0554    1.69    4.07    5.36    2.71    0.92    1139
  3.000    2.95    3.08  0.1042    1.75    4.08    5.70    2.97    0.76    1139
  3.500    3.98    3.45  0.1178    2.05    4.36    6.56    3.27    0.83    1139
  4.000    4.86    3.79  0.0586    2.42    4.67    7.59    3.57    0.73    1139
  4.500    5.71    4.26  0.0215    2.83    5.11    8.59    4.03    0.77    1140
  5.000    6.51    4.78  0.0174    3.23    5.64    9.56    4.54    0.79    1140
  5.500    7.26    5.29  0.0168    3.56    6.11   10.40    5.05    0.69    1139
  6.000    8.03    5.70  0.0413    3.81    6.42   11.15    5.48    0.56    1138
  6.500    8.74    5.87  0.0697    4.07    6.51   11.85    5.73    0.63    1138
  7.000    9.44    6.13  0.0993    4.36    6.83   12.59    6.10    0.73    1137
  7.500   10.21    6.54  0.1087    4.62    7.24   13.39    6.57    0.75    1137
  8.000   11.03    6.80  0.0989    5.01    7.62   14.39    6.87    0.78    1136
  8.500   11.82    7.15  0.0864    5.46    8.11   15.43    7.22    0.77    1136
  9.000   12.59    7.56  0.0773    5.97    8.72   16.51    7.62    0.69    1135
  9.500   13.40    8.06  0.0671    6.48    9.42   17.62    8.13    0.64    1134
 10.000   14.34    8.41  0.0835    7.06   10.01   18.84    8.55    0.53    1133
 10.500   15.38    8.88  0.1011    7.63   10.60   20.14    9.09    0.47    1132
 11.000   16.38    9.37  0.1045    8.11   11.19   21.35    9.60    0.43    1132
 11.500   17.12    9.38  0.1144    8.27   11.33   22.09    9.64    0.41    1132
 12.000   17.70    9.47  0.1172    8.29   11.40   22.60    9.69    0.35    1131
 12.500   18.02    9.47  0.1197    8.13   11.26   22.71    9.67    0.26    1130
 13.000   17.41    8.91  0.1187    7.53   10.50   21.74    9.02    0.30    1130
 13.500   16.54    8.45  0.1009    6.87    9.76   20.52    8.44    0.28    1129
 14.000   15.49    8.09  0.0810    6.21    9.15   19.15    8.01    0.28    1127
 14.500   14.03    7.50  0.0759    5.50    8.32   17.41    7.31    0.22    1127
 15.000   12.29    6.82  0.0799    4.82    7.45   15.46    6.57    0.26    1124
 15.500   10.31    6.26  0.0755    4.19    6.63   13.34    5.95    0.33    1119
 16.000    8.23    5.59  0.0538    3.56    5.82   11.24    5.11    0.45    1118
 16.500    6.07    5.01  0.0366    2.85    5.17    9.09    4.44    0.69    1116
 17.000    4.27    4.57  0.0526    2.30    4.58    7.58    3.85    0.79    1112
 17.500    2.69    4.11  0.0731    1.85    3.93    6.55    3.24    0.87    1107
 18.000    1.14    3.78  0.0658    1.41    3.46    5.71    2.76    0.86    1104
 18.500   -0.34    3.55  0.0394    1.05    3.23    5.07    2.48    0.89    1103
 19.000   -1.72    3.43  0.0274    0.72    3.08    4.69    2.49    0.95    1096
 19.500   -2.82    3.00  0.0407    0.48    2.63    5.08    2.21    0.87    1089
 20.000   -3.87    2.72  0.0463    0.25    2.34    5.52    2.11    0.64    1084
 20.500   -4.89    2.69  0.0521    0.05    2.29    6.03    2.26    0.48    1077
 21.000   -5.89    2.89  0.0348   -0.11    2.52    6.55    2.65    0.38    1069
 21.500   -6.53    2.58  0.0366   -0.17    2.22    7.10    2.41    0.35    1053
 22.000   -7.18    2.37  0.0256   -0.25    1.97    7.69    2.24    0.25    1049
 22.500   -7.82    2.24  0.0324   -0.30    1.86    8.29    2.15    0.19    1044
 23.000   -8.46    2.22  0.0349   -0.35    1.83    8.88    2.16    0.09    1038
 23.500   -9.12    2.28  0.0132   -0.43    1.90    9.49    2.23    0.09    1033
 24.000   -9.78    2.44 -0.0093   -0.46    2.09   10.09    2.40    0.08    1026
 24.500  -10.35    2.50  0.0044   -0.49    2.12   10.63    2.46    0.05     991
 25.000  -10.81    2.28  0.0059   -0.47    1.82   11.09    2.24    0.01     984
 25.500  -11.28    2.20  0.0212   -0.49    1.73   11.56    2.15    0.03     978
 26.000  -11.76    2.23  0.0233   -0.51    1.81   12.04    2.19    0.03     973
 26.500  -12.25    2.42  0.0026   -0.55    2.07   12.52    2.37    0.02     968
 27.000  -12.89    2.76 -0.0122   -0.59    2.47   13.17    2.67    0.01     573
 27.500  -13.19    2.24  0.1018   -0.66    1.79   13.36    2.23   -0.29     300
 28.000  -13.64    2.33  0.1017   -0.68    1.66   13.80    2.33   -0.14     281
 28.500  -14.05    2.48  0.0245   -0.74    1.61   14.21    2.48   -0.08     267
 29.000  -14.55    2.58 -0.0223   -0.74    1.75   14.73    2.56   -0.01     250
 29.500  -14.91    2.66 -0.0724   -0.74    1.91   15.11    2.63    0.13     237
 30.000  -15.32    2.55 -0.0231   -0.81    2.04   15.53    2.53   -0.10     209
     T A B L E  I -   8.  W I N D  S T A T I S T I C A L  P A R A M E T E R S
                                    August
 STATION =   725720     DUGWAY PROVING GROUNDS
    Z    MEAN U   SD  U  R(U,V)  MEAN V   SD  V MEAN WS  SD  WS SKEW WS    NOBS
    KM     M/S     M/S             M/S     M/S     M/S     M/S                 
  0.000    0.00    0.00  0.0000    0.00    0.00    0.00    0.00    0.00     100
  1.289   -0.51    1.98 -0.4735    0.80    3.54    3.75    1.82    0.82    1182
  1.500   -0.53    2.42 -0.4901    2.11    5.40    5.51    3.19    0.91    1190
  2.000    0.61    2.15 -0.2824    2.41    5.05    5.73    3.17    0.93    1190
  2.500    1.86    2.36 -0.0141    2.44    4.25    5.73    2.93    0.91    1190
  3.000    3.06    3.03  0.1143    2.50    4.10    5.97    3.14    0.84    1190
  3.500    4.08    3.40  0.1377    2.74    4.26    6.77    3.33    0.71    1190
  4.000    4.90    3.72  0.1324    3.03    4.63    7.75    3.61    0.58    1190
  4.500    5.64    4.12  0.1290    3.24    5.14    8.65    3.98    0.53    1190
  5.000    6.41    4.54  0.1348    3.49    5.69    9.57    4.38    0.47    1190
  5.500    7.23    5.03  0.1385    3.75    6.19   10.45    4.90    0.49    1190
  6.000    8.05    5.44  0.1605    3.94    6.58   11.25    5.37    0.49    1190
  6.500    8.92    5.68  0.1966    4.04    6.84   12.12    5.65    0.57    1190
  7.000    9.80    6.09  0.2199    4.17    7.21   13.04    6.00    0.62    1190
  7.500   10.69    6.56  0.2339    4.35    7.72   13.98    6.46    0.64    1189
  8.000   11.58    6.73  0.2266    4.87    8.20   15.14    6.64    0.59    1189
  8.500   12.48    7.00  0.2226    5.46    8.76   16.34    6.91    0.55    1189
  9.000   13.40    7.36  0.2062    6.07    9.46   17.63    7.26    0.53    1189
  9.500   14.37    7.84  0.1984    6.70   10.23   18.96    7.70    0.49    1189
 10.000   15.53    8.22  0.2037    7.42   10.93   20.49    8.10    0.44    1189
 10.500   16.76    8.64  0.2094    8.13   11.63   22.03    8.60    0.39    1189
 11.000   17.98    9.02  0.2097    8.68   12.14   23.42    8.95    0.30    1184
 11.500   18.86    8.94  0.2134    8.82   12.12   24.19    8.86    0.22    1183
 12.000   19.57    9.00  0.2184    8.89   12.23   24.79    9.00    0.19    1183
 12.500   19.89    8.95  0.2191    8.72   12.07   24.89    8.95    0.16    1183
 13.000   19.27    8.47  0.2082    8.09   11.18   23.82    8.40    0.12    1180
 13.500   18.42    8.04  0.1807    7.30   10.26   22.49    7.84    0.09    1179
 14.000   17.28    7.64  0.1457    6.60    9.42   20.92    7.38    0.06    1172
 14.500   15.71    6.93  0.1304    5.98    8.57   19.04    6.72    0.01    1170
 15.000   13.84    6.28  0.0874    5.30    7.77   16.97    6.06    0.00    1168
 15.500   11.77    5.52  0.0483    4.64    6.99   14.71    5.33    0.03    1166
 16.000    9.52    4.92  0.0422    3.85    6.18   12.31    4.71    0.22    1165
 16.500    7.21    4.42  0.0192    3.03    5.41    9.84    4.20    0.46    1163
 17.000    5.41    4.06  0.0307    2.34    4.82    8.13    3.79    0.58    1155
 17.500    3.96    3.70  0.0586    1.86    4.23    7.02    3.25    0.60    1150
 18.000    2.59    3.42  0.1088    1.34    3.73    5.99    2.75    0.71    1146
 18.500    1.22    3.33  0.1490    0.86    3.45    5.08    2.43    0.88    1142
 19.000   -0.05    3.30  0.1627    0.48    3.26    4.44    2.30    0.92    1136
 19.500   -1.08    2.91  0.1850    0.26    2.81    4.52    2.02    0.87    1127
 20.000   -2.07    2.69  0.2000    0.03    2.48    4.65    1.93    0.59    1120
 20.500   -3.04    2.69  0.1503   -0.12    2.47    4.89    2.07    0.47    1111
 21.000   -3.93    2.95  0.0782   -0.25    2.70    5.13    2.42    0.40    1103
 21.500   -4.53    2.71  0.0551   -0.28    2.41    5.56    2.25    0.32    1088
 22.000   -5.15    2.53  0.0505   -0.38    2.16    6.03    2.16    0.17    1081
 22.500   -5.78    2.46  0.0617   -0.45    2.00    6.55    2.17    0.08    1073
 23.000   -6.41    2.49  0.0415   -0.48    1.92    7.06    2.27    0.04    1072
 23.500   -7.01    2.60  0.0077   -0.49    1.95    7.56    2.44    0.04    1070
 24.000   -7.60    2.80 -0.0111   -0.50    2.13    8.05    2.66    0.06    1067
 24.500   -8.10    2.87 -0.0071   -0.49    2.16    8.48    2.76    0.11    1030
 25.000   -8.46    2.73  0.0359   -0.50    1.87    8.83    2.63    0.02    1025
 25.500   -8.82    2.70  0.0503   -0.53    1.72    9.19    2.59   -0.09    1021
 26.000   -9.19    2.75  0.0097   -0.59    1.77    9.55    2.64   -0.16    1011
 26.500   -9.54    2.92 -0.0173   -0.62    2.03    9.90    2.78   -0.17    1007
 27.000  -10.20    3.12 -0.1056   -0.58    2.32   10.51    3.02   -0.14     571
 27.500  -10.00    3.07  0.0235   -0.78    1.95   10.30    2.95   -0.11     357
 28.000  -10.36    3.10  0.0517   -0.76    1.87   10.64    3.01   -0.08     347
 28.500  -10.72    3.18  0.0848   -0.73    1.86   10.98    3.13   -0.02     327
 29.000  -10.93    3.22  0.0805   -0.69    1.91   11.20    3.16   -0.04     305
 29.500  -11.29    3.30  0.0275   -0.60    1.93   11.56    3.22   -0.13     290
 30.000  -11.62    3.40  0.0214   -0.57    2.14   11.93    3.30   -0.24     263
     T A B L E  I -   9.  W I N D  S T A T I S T I C A L  P A R A M E T E R S
                                 September
 STATION =   725720     DUGWAY PROVING GROUNDS
    Z    MEAN U   SD  U  R(U,V)  MEAN V   SD  V MEAN WS  SD  WS SKEW WS    NOBS
    KM     M/S     M/S             M/S     M/S     M/S     M/S                 
  0.000    0.00    0.00  0.0000    0.00    0.00    0.00    0.00    0.00     100
  1.289   -0.39    1.93 -0.5446    0.47    3.39    3.53    1.76    1.23    1099
  1.500   -0.11    2.33 -0.5449    1.13    4.85    4.81    2.87    1.34    1103
  2.000    1.09    2.19 -0.3280    1.47    4.78    5.36    3.08    1.36    1103
  2.500    2.33    2.61 -0.0611    1.60    4.59    5.93    3.13    1.22    1103
  3.000    3.56    3.44  0.0433    1.74    5.10    6.70    3.58    1.05    1103
  3.500    4.58    4.03  0.0840    1.90    5.63    7.81    4.00    0.86    1105
  4.000    5.49    4.66  0.1064    2.01    6.28    9.01    4.55    0.74    1105
  4.500    6.31    5.35  0.1164    2.08    7.05   10.10    5.23    0.68    1105
  5.000    7.08    6.08  0.1417    2.13    7.84   11.11    5.98    0.68    1105
  5.500    7.84    6.82  0.1565    2.18    8.68   12.10    6.75    0.73    1105
  6.000    8.58    7.47  0.1624    2.23    9.43   13.10    7.42    0.78    1105
  6.500    9.32    8.06  0.1646    2.26   10.09   14.14    7.95    0.84    1105
  7.000   10.05    8.77  0.1665    2.28   10.89   15.19    8.59    0.81    1103
  7.500   10.76    9.49  0.1868    2.41   11.73   16.25    9.26    0.76    1102
  8.000   11.47   10.02  0.2162    2.64   12.35   17.35    9.68    0.80    1102
  8.500   12.16   10.56  0.2311    2.84   13.02   18.40   10.11    0.82    1100
  9.000   12.90   11.25  0.2476    3.03   13.68   19.46   10.67    0.82    1100
  9.500   13.63   11.94  0.2553    3.25   14.32   20.49   11.18    0.77    1100
 10.000   14.58   12.41  0.2684    3.51   14.74   21.60   11.51    0.69    1098
 10.500   15.54   12.89  0.2798    3.77   15.14   22.64   11.87    0.63    1096
 11.000   16.52   13.09  0.2870    3.89   15.14   23.44   11.91    0.53    1095
 11.500   17.38   12.84  0.2912    3.83   14.77   23.84   11.68    0.46    1094
 12.000   18.20   12.66  0.3032    3.70   14.30   24.12   11.49    0.40    1094
 12.500   18.49   12.13  0.3086    3.46   13.54   23.84   11.02    0.33    1092
 13.000   18.33   11.31  0.3037    3.30   12.50   23.08   10.28    0.26    1092
 13.500   17.95   10.52  0.2880    3.03   11.56   22.15    9.59    0.25    1092
 14.000   17.36    9.82  0.2685    2.79   10.77   21.06    9.01    0.21    1091
 14.500   16.35    8.96  0.2540    2.53    9.99   19.79    8.21    0.21    1089
 15.000   15.10    8.12  0.2322    2.20    9.18   18.27    7.42    0.23    1089
 15.500   13.75    7.32  0.2124    1.94    8.31   16.60    6.74    0.25    1089
 16.000   12.24    6.59  0.1866    1.68    7.42   14.78    6.16    0.31    1088
 16.500   10.63    6.01  0.1621    1.27    6.66   12.87    5.73    0.39    1086
 17.000    9.06    5.51  0.1377    0.90    5.95   11.28    5.16    0.47    1078
 17.500    7.54    5.01  0.1224    0.59    5.32    9.84    4.59    0.60    1076
 18.000    6.06    4.67  0.1177    0.28    4.79    8.47    4.15    0.71    1073
 18.500    4.63    4.51  0.1072   -0.03    4.39    7.20    3.84    0.89    1070
 19.000    3.43    4.35  0.0998   -0.27    4.03    6.24    3.56    0.99    1059
 19.500    2.57    4.06  0.1096   -0.38    3.49    5.68    3.06    1.11    1056
 20.000    1.76    3.87  0.1049   -0.49    3.16    5.23    2.65    1.19    1052
 20.500    0.99    3.80  0.0838   -0.53    2.96    4.76    2.44    1.16    1049
 21.000    0.39    3.87  0.0591   -0.55    2.93    4.42    2.42    0.92    1031
 21.500    0.21    3.65  0.0907   -0.56    2.65    4.37    2.15    0.87    1025
 22.000    0.03    3.57  0.1175   -0.61    2.46    4.37    1.97    0.75    1020
 22.500   -0.14    3.56  0.1143   -0.62    2.33    4.36    1.90    0.66    1014
 23.000   -0.32    3.67  0.1281   -0.59    2.32    4.38    1.95    0.68    1010
 23.500   -0.48    3.84  0.1320   -0.56    2.41    4.41    2.07    0.81    1008
 24.000   -0.58    4.08  0.1235   -0.53    2.62    4.44    2.33    0.85    1007
 24.500   -0.64    4.11  0.1514   -0.50    2.51    4.49    2.31    0.95     961
 25.000   -0.67    4.04  0.1755   -0.50    2.26    4.51    2.17    0.96     959
 25.500   -0.71    4.03  0.1796   -0.45    2.15    4.53    2.10    0.85     956
 26.000   -0.77    4.09  0.1711   -0.38    2.20    4.54    2.12    0.83     955
 26.500   -0.82    4.25  0.1611   -0.32    2.44    4.58    2.29    0.76     954
 27.000   -0.17    4.47  0.2689   -0.13    2.28    4.57    2.26    0.57     394
 27.500   -0.06    4.53  0.2643   -0.05    2.15    4.62    2.28    0.68     385
 28.000    0.12    4.67  0.2496    0.03    2.11    4.75    2.34    0.87     376
 28.500    0.06    4.80  0.2477    0.04    2.08    4.85    2.42    1.00     362
 29.000    0.06    4.92  0.2406    0.08    2.08    4.94    2.50    1.09     347
 29.500    0.02    5.07  0.2119    0.05    2.19    5.07    2.63    1.09     328
 30.000    0.01    5.32  0.2088    0.14    2.36    5.32    2.77    1.06     303
     T A B L E  I -  10.  W I N D  S T A T I S T I C A L  P A R A M E T E R S
                                   October
 STATION =   725720     DUGWAY PROVING GROUNDS
    Z    MEAN U   SD  U  R(U,V)  MEAN V   SD  V MEAN WS  SD  WS SKEW WS    NOBS
    KM     M/S     M/S             M/S     M/S     M/S     M/S                 
  0.000    0.00    0.00  0.0000    0.00    0.00    0.00    0.00    0.00     100
  1.289   -0.19    1.90 -0.5731    0.21    2.96    3.15    1.58    1.05    1151
  1.500    0.19    2.10 -0.5291    0.75    4.58    4.37    2.88    1.57    1158
  2.000    1.41    2.22 -0.2869    0.93    4.76    5.36    3.05    1.31    1158
  2.500    2.65    3.02 -0.1100    0.84    4.99    6.36    3.25    1.04    1159
  3.000    3.95    4.12 -0.0683    0.68    5.90    7.58    3.82    0.94    1159
  3.500    5.14    4.77 -0.0422    0.38    6.59    8.99    4.23    0.68    1159
  4.000    6.22    5.50 -0.0157    0.07    7.43   10.41    4.88    0.56    1159
  4.500    7.20    6.30  0.0120   -0.22    8.41   11.78    5.64    0.58    1159
  5.000    8.15    7.24  0.0350   -0.52    9.48   13.17    6.51    0.56    1159
  5.500    9.07    8.19  0.0417   -0.77   10.59   14.51    7.43    0.62    1159
  6.000    9.93    8.98  0.0481   -0.96   11.49   15.82    8.14    0.61    1159
  6.500   10.64    9.66  0.0536   -1.13   12.33   16.99    8.74    0.61    1157
  7.000   11.35   10.52  0.0538   -1.27   13.31   18.20    9.52    0.64    1157
  7.500   12.10   11.39  0.0595   -1.40   14.21   19.43   10.24    0.67    1155
  8.000   12.69   12.08  0.0856   -1.65   15.04   20.61   10.74    0.71    1154
  8.500   13.27   12.91  0.1108   -1.90   16.00   21.82   11.44    0.75    1154
  9.000   13.91   13.77  0.1376   -2.07   16.94   23.00   12.18    0.76    1154
  9.500   14.64   14.45  0.1614   -2.16   17.67   24.07   12.75    0.77    1152
 10.000   15.54   14.79  0.1805   -2.24   18.12   25.06   13.03    0.78    1150
 10.500   16.42   15.18  0.1993   -2.40   18.46   25.87   13.41    0.73    1149
 11.000   17.18   15.01  0.2021   -2.33   17.76   26.01   13.04    0.63    1147
 11.500   17.84   14.55  0.1977   -2.32   16.94   25.83   12.68    0.57    1146
 12.000   18.32   14.13  0.1863   -2.26   16.11   25.43   12.50    0.54    1146
 12.500   18.30   13.24  0.1751   -2.12   15.10   24.71   11.78    0.50    1145
 13.000   17.98   12.43  0.1685   -1.85   13.96   23.74   10.99    0.47    1141
 13.500   17.60   11.63  0.1680   -1.51   12.86   22.67   10.26    0.46    1140
 14.000   17.17   10.94  0.1620   -1.29   11.79   21.60    9.62    0.43    1138
 14.500   16.61   10.07  0.1603   -1.14   10.79   20.55    8.91    0.38    1138
 15.000   15.89    9.26  0.1591   -1.02    9.95   19.39    8.32    0.35    1137
 15.500   15.06    8.45  0.1416   -1.00    9.12   18.13    7.74    0.28    1135
 16.000   14.11    7.74  0.1270   -0.99    8.33   16.81    7.19    0.25    1134
 16.500   13.00    7.17  0.0897   -0.99    7.57   15.36    6.72    0.28    1129
 17.000   11.78    6.49  0.0953   -0.85    6.78   14.00    6.03    0.34    1128
 17.500   10.52    5.86  0.0988   -0.83    6.05   12.61    5.36    0.47    1124
 18.000    9.24    5.32  0.0993   -0.86    5.46   11.24    4.76    0.51    1123
 18.500    8.00    5.14  0.1020   -0.98    4.93    9.90    4.49    0.61    1119
 19.000    7.13    4.85  0.1129   -1.05    4.44    9.03    4.16    0.71    1100
 19.500    6.40    4.52  0.1198   -1.09    3.98    8.30    3.79    0.87    1099
 20.000    5.73    4.32  0.1106   -1.12    3.70    7.61    3.58    1.00    1096
 20.500    5.13    4.32  0.0848   -1.13    3.59    6.99    3.56    1.03    1095
 21.000    4.91    4.28  0.0921   -1.10    3.39    6.72    3.50    0.99    1076
 21.500    4.81    4.12  0.1142   -1.07    3.11    6.61    3.34    1.08    1072
 22.000    4.78    4.08  0.1399   -1.03    2.95    6.57    3.27    1.14    1067
 22.500    4.78    4.16  0.1733   -0.99    2.84    6.55    3.30    1.17    1062
 23.000    4.81    4.34  0.1868   -0.93    2.84    6.57    3.41    1.19    1058
 23.500    4.88    4.59  0.1927   -0.90    2.98    6.64    3.59    1.19    1056
 24.000    4.97    4.88  0.1932   -0.86    3.10    6.73    3.82    1.12    1029
 24.500    5.36    4.96  0.2381   -0.74    2.86    7.05    3.90    1.16    1016
 25.000    5.73    5.19  0.2745   -0.61    2.76    7.39    4.12    1.20    1013
 25.500    6.12    5.49  0.2840   -0.50    2.80    7.74    4.42    1.16    1004
 26.000    6.55    5.93  0.2861   -0.41    3.01    8.14    4.86    1.15    1002
 26.500    6.37    6.07  0.2919   -0.36    3.34    8.06    4.91    1.22     783
 27.000    7.22    6.04  0.4145   -0.48    3.32    8.77    4.94    1.03     407
 27.500    7.82    6.52  0.4589   -0.42    3.47    9.48    5.29    1.15     389
 28.000    8.33    6.93  0.4808   -0.40    3.59   10.11    5.53    1.28     377
 28.500    8.88    7.17  0.4885   -0.35    3.59   10.64    5.74    1.28     357
 29.000    9.54    7.60  0.4971   -0.29    3.85   11.36    6.10    1.28     338
 29.500   10.24    7.75  0.5155   -0.23    3.91   11.91    6.41    1.33     315
 30.000   11.02    8.26  0.5106   -0.12    4.04   12.65    6.95    1.30     296
     T A B L E  I -  11.  W I N D  S T A T I S T I C A L  P A R A M E T E R S
                                  November
 STATION =   725720     DUGWAY PROVING GROUNDS
    Z    MEAN U   SD  U  R(U,V)  MEAN V   SD  V MEAN WS  SD  WS SKEW WS    NOBS
    KM     M/S     M/S             M/S     M/S     M/S     M/S                 
  0.000    0.00    0.00  0.0000    0.00    0.00    0.00    0.00    0.00     100
  1.289   -0.09    1.81 -0.5703    0.46    3.05    3.02    1.91    1.43    1093
  1.500    0.30    2.14 -0.5065    1.43    4.91    4.52    3.44    1.48    1098
  2.000    1.75    2.35 -0.3042    1.61    5.41    5.83    3.67    1.26    1099
  2.500    3.45    3.14 -0.0612    1.13    5.55    7.03    3.60    1.01    1099
  3.000    5.20    4.33  0.0519    0.43    6.00    8.40    3.92    0.72    1099
  3.500    6.81    5.19  0.1190   -0.17    6.68   10.23    4.42    0.57    1099
  4.000    8.28    6.06  0.1405   -0.72    7.62   12.07    5.12    0.46    1099
  4.500    9.74    7.03  0.1427   -1.22    8.71   13.92    6.01    0.39    1099
  5.000   11.20    8.05  0.1468   -1.63    9.91   15.76    7.04    0.38    1099
  5.500   12.61    9.08  0.1472   -1.98   11.15   17.54    8.08    0.36    1099
  6.000   13.80    9.93  0.1673   -2.26   12.28   19.27    8.81    0.32    1097
  6.500   14.89   10.75  0.1815   -2.52   13.45   20.90    9.62    0.34    1097
  7.000   15.83   11.58  0.1845   -2.89   14.67   22.42   10.42    0.35    1093
  7.500   16.82   12.34  0.1888   -3.27   15.79   23.95   11.14    0.35    1091
  8.000   17.60   13.02  0.2070   -3.67   16.70   25.30   11.68    0.37    1087
  8.500   18.37   13.74  0.2173   -4.12   17.59   26.57   12.30    0.40    1081
  9.000   19.14   14.50  0.2298   -4.51   18.56   27.84   12.99    0.43    1077
  9.500   19.84   14.98  0.2345   -4.86   19.10   28.82   13.34    0.41    1069
 10.000   20.76   15.28  0.2388   -5.12   19.40   29.77   13.58    0.39    1066
 10.500   21.63   15.45  0.2377   -5.21   19.48   30.43   13.80    0.33    1062
 11.000   22.22   14.98  0.2313   -5.08   18.76   30.39   13.38    0.31    1059
 11.500   22.71   14.52  0.2274   -4.75   17.96   30.16   13.03    0.34    1057
 12.000   22.98   13.97  0.2302   -4.41   17.00   29.66   12.56    0.33    1054
 12.500   22.74   12.98  0.2147   -4.11   15.66   28.67   11.62    0.29    1054
 13.000   22.13   11.79  0.1973   -3.66   14.47   27.33   10.74    0.25    1054
 13.500   21.47   10.70  0.1923   -3.20   13.33   25.97    9.91    0.27    1053
 14.000   20.73   10.00  0.1907   -2.87   12.23   24.71    9.25    0.28    1050
 14.500   19.93    9.34  0.2001   -2.57   11.14   23.50    8.56    0.26    1050
 15.000   19.08    8.75  0.2060   -2.24   10.19   22.25    8.05    0.23    1050
 15.500   18.21    8.30  0.2048   -1.92    9.34   21.00    7.77    0.21    1049
 16.000   17.17    7.91  0.2039   -1.70    8.57   19.61    7.54    0.27    1047
 16.500   15.90    7.51  0.2144   -1.56    7.85   18.15    7.16    0.35    1041
 17.000   14.59    7.12  0.2199   -1.40    7.08   16.70    6.74    0.49    1040
 17.500   13.27    6.82  0.2203   -1.33    6.39   15.26    6.43    0.69    1035
 18.000   12.00    6.60  0.2224   -1.33    5.88   13.88    6.22    0.93    1034
 18.500   10.77    6.55  0.2183   -1.32    5.54   12.57    6.15    1.01    1028
 19.000    9.90    6.35  0.2688   -1.33    5.03   11.77    5.82    1.12    1026
 19.500    9.02    6.29  0.2997   -1.34    4.71   10.99    5.65    1.22    1024
 20.000    8.16    6.41  0.3025   -1.29    4.59   10.24    5.66    1.30    1022
 20.500    7.33    6.73  0.2834   -1.24    4.69    9.57    5.86    1.33    1018
 21.000    6.85    6.80  0.3017   -1.28    4.49    9.32    5.79    1.42    1003
 21.500    6.45    6.91  0.3281   -1.35    4.31    9.18    5.70    1.54    1003
 22.000    6.02    7.10  0.3576   -1.40    4.23    9.04    5.67    1.66    1001
 22.500    5.63    7.38  0.3790   -1.44    4.23    8.98    5.71    1.75    1000
 23.000    5.32    7.72  0.3987   -1.50    4.32    8.99    5.80    1.79     997
 23.500    5.02    8.13  0.4006   -1.53    4.53    9.03    5.99    1.77     996
 24.000    4.87    8.67  0.4098   -1.61    4.63    9.27    6.28    1.73     955
 24.500    4.99    9.16  0.4311   -1.73    4.59    9.73    6.53    1.73     951
 25.000    5.07    9.69  0.4290   -1.86    4.63   10.14    6.83    1.70     943
 25.500    5.06   10.16  0.4274   -1.98    4.80   10.48    7.09    1.66     937
 26.000    4.92   10.34  0.3922   -2.15    4.92   10.64    7.01    1.30     930
 26.500    3.41   10.21  0.2843   -3.22    4.70   10.20    6.71    1.27     453
 27.000    3.86   10.52  0.3237   -3.28    4.80   10.65    6.93    1.27     434
 27.500    3.76   10.76  0.3484   -3.37    4.92   10.86    7.08    1.40     412
 28.000    3.98   11.17  0.3391   -3.44    5.08   11.21    7.48    1.53     385
 28.500    4.20   11.76  0.3651   -3.59    5.42   11.86    7.79    1.41     356
 29.000    4.79   12.50  0.3886   -3.68    5.78   12.58    8.43    1.35     327
 29.500    5.27   12.89  0.3965   -3.81    5.98   13.05    8.77    1.32     306
 30.000    5.70   13.41  0.3832   -4.05    6.28   13.69    9.11    1.33     282
     T A B L E  I -  12.  W I N D  S T A T I S T I C A L  P A R A M E T E R S
                                  December
 STATION =   725720     DUGWAY PROVING GROUNDS
    Z    MEAN U   SD  U  R(U,V)  MEAN V   SD  V MEAN WS  SD  WS SKEW WS    NOBS
    KM     M/S     M/S             M/S     M/S     M/S     M/S                 
  0.000    0.00    0.00  0.0000    0.00    0.00    0.00    0.00    0.00     100
  1.289   -0.05    1.77 -0.5522    0.67    3.12    2.95    2.15    1.84    1039
  1.500    0.27    2.10 -0.4966    1.62    4.89    4.42    3.61    1.58    1050
  2.000    1.77    2.45 -0.1819    1.52    5.42    5.80    3.82    1.23    1050
  2.500    3.69    3.58  0.0604    0.41    5.47    7.19    3.70    0.87    1052
  3.000    5.68    5.09  0.1505   -0.79    6.13    9.08    4.18    0.58    1052
  3.500    7.23    6.09  0.1773   -1.73    6.95   11.15    4.75    0.37    1052
  4.000    8.68    7.06  0.1789   -2.59    7.93   13.11    5.53    0.33    1052
  4.500   10.04    8.10  0.1617   -3.38    9.10   15.04    6.48    0.34    1052
  5.000   11.39    9.26  0.1431   -3.99   10.40   16.94    7.60    0.37    1052
  5.500   12.68   10.41  0.1254   -4.62   11.75   18.80    8.79    0.44    1052
  6.000   13.83   11.44  0.1268   -5.09   12.92   20.60    9.67    0.45    1051
  6.500   14.79   12.55  0.1434   -5.48   14.13   22.28   10.64    0.48    1049
  7.000   15.65   13.69  0.1546   -5.92   15.49   23.93   11.68    0.51    1048
  7.500   16.47   14.61  0.1697   -6.36   16.60   25.48   12.44    0.51    1045
  8.000   17.20   15.38  0.1776   -6.94   17.68   26.99   13.04    0.51    1039
  8.500   17.97   16.23  0.1786   -7.59   18.60   28.44   13.67    0.50    1031
  9.000   18.70   17.06  0.1950   -8.07   19.53   29.78   14.26    0.47    1024
  9.500   19.44   17.56  0.2035   -8.35   19.75   30.66   14.48    0.43    1021
 10.000   20.23   17.82  0.2073   -8.63   19.67   31.28   14.66    0.40    1018
 10.500   20.96   17.73  0.2081   -8.72   19.40   31.54   14.73    0.37    1016
 11.000   21.32   16.95  0.2045   -8.49   18.16   30.92   14.09    0.36    1012
 11.500   21.49   16.06  0.2110   -8.03   16.88   30.02   13.40    0.39    1009
 12.000   21.41   15.08  0.2185   -7.57   15.59   28.95   12.61    0.37    1009
 12.500   21.13   13.81  0.2045   -6.84   14.18   27.67   11.59    0.35    1005
 13.000   20.80   12.48  0.1774   -6.08   12.99   26.34   10.78    0.33    1004
 13.500   20.11   11.41  0.1571   -5.47   11.95   24.85   10.17    0.29    1003
 14.000   19.38   10.61  0.1450   -5.18   11.12   23.64    9.67    0.36     999
 14.500   18.62    9.89  0.1253   -4.92   10.41   22.57    9.12    0.38     996
 15.000   17.72    9.14  0.1255   -4.60    9.68   21.30    8.61    0.34     991
 15.500   16.78    8.72  0.1087   -4.24    8.92   20.01    8.35    0.40     990
 16.000   15.73    8.42  0.0720   -4.01    8.27   18.64    8.22    0.46     988
 16.500   14.57    7.89  0.0683   -3.81    7.51   17.26    7.78    0.56     979
 17.000   13.26    7.47  0.0790   -3.60    6.81   15.84    7.35    0.72     976
 17.500   11.93    7.18  0.0772   -3.32    6.22   14.42    7.05    0.93     975
 18.000   10.68    7.01  0.0819   -3.03    5.80   13.09    6.87    1.12     974
 18.500    9.46    7.04  0.0684   -3.00    5.49   11.89    6.86    1.21     960
 19.000    8.35    6.93  0.0739   -3.03    5.01   11.02    6.58    1.46     957
 19.500    7.30    6.96  0.0682   -3.05    4.73   10.25    6.43    1.63     952
 20.000    6.26    7.08  0.0648   -3.10    4.60    9.54    6.37    1.76     949
 20.500    5.21    7.31  0.0659   -3.16    4.62    8.90    6.38    1.81     937
 21.000    4.55    7.57  0.0723   -3.26    4.45    8.87    6.29    1.87     922
 21.500    3.85    7.86  0.0844   -3.43    4.36    8.95    6.17    1.90     919
 22.000    3.23    8.27  0.0942   -3.58    4.38    9.15    6.15    1.89     913
 22.500    2.62    8.71  0.1016   -3.72    4.48    9.41    6.18    1.90     906
 23.000    2.08    9.20  0.1086   -3.88    4.65    9.74    6.25    1.91     904
 23.500    1.44    9.54  0.1237   -4.05    4.85    9.97    6.22    1.90     896
 24.000    1.17   10.25  0.1474   -4.20    5.08   10.59    6.49    1.82     850
 24.500    1.02   10.85  0.1682   -4.45    5.24   11.27    6.68    1.83     839
 25.000    0.77   11.51  0.1841   -4.74    5.49   11.96    6.95    1.78     828
 25.500    0.62   12.25  0.1982   -5.03    5.88   12.70    7.30    1.73     823
 26.000    0.16   12.44  0.1731   -5.35    6.32   13.12    7.30    1.63     808
 26.500   -1.94   13.00  0.2047   -5.57    6.31   13.89    7.22    1.55     497
 27.000   -0.44   13.41  0.1900   -5.47    6.32   13.91    7.72    1.64     427
 27.500   -0.47   13.81  0.1951   -5.66    6.57   14.38    7.95    1.37     408
 28.000   -0.56   14.32  0.1878   -6.06    6.87   14.91    8.44    1.36     379
 28.500   -0.38   15.08  0.1883   -6.23    7.17   15.59    8.89    1.33     357
 29.000    0.01   15.73  0.1881   -6.05    7.48   16.00    9.38    1.32     331
 29.500    0.16   16.19  0.1698   -6.07    7.86   16.42    9.73    1.19     303
 30.000    0.18   16.75  0.1932   -6.17    8.21   16.85   10.23    1.21     286
     T A B L E  I -  13.  W I N D  S T A T I S T I C A L  P A R A M E T E R S
                                    Annual
 STATION =   725720     DUGWAY PROVING GROUNDS
    Z    MEAN U   SD  U  R(U,V)  MEAN V   SD  V MEAN WS  SD  WS SKEW WS    NOBS
    KM     M/S     M/S             M/S     M/S     M/S     M/S                 
  0.000    0.00    0.00  0.0000    0.00    0.00    0.00    0.00    0.00     100
  1.289   -0.13    1.98 -0.5125    0.41    3.36    3.40    1.97    1.20   13407
  1.500    0.16    2.37 -0.5039    1.18    4.99    4.83    3.18    1.29   13496
  2.000    1.42    2.43 -0.2889    1.38    5.18    5.72    3.38    1.26   13501
  2.500    2.84    3.10 -0.0809    1.19    5.20    6.57    3.44    1.04   13504
  3.000    4.29    4.18 -0.0051    0.96    5.86    7.67    4.00    0.88   13503
  3.500    5.57    4.87  0.0267    0.78    6.51    9.13    4.45    0.70   13505
  4.000    6.75    5.61  0.0374    0.63    7.35   10.63    5.08    0.61   13500
  4.500    7.87    6.44  0.0445    0.51    8.32   12.09    5.88    0.59   13494
  5.000    8.95    7.34  0.0523    0.41    9.37   13.51    6.77    0.61   13494
  5.500   10.01    8.28  0.0555    0.29   10.44   14.89    7.72    0.64   13489
  6.000   10.98    9.09  0.0650    0.20   11.37   16.24    8.52    0.66   13484
  6.500   11.88    9.88  0.0775    0.10   12.29   17.54    9.31    0.71   13477
  7.000   12.76   10.75  0.0876   -0.01   13.32   18.85   10.18    0.75   13462
  7.500   13.61   11.49  0.0996   -0.11   14.24   20.11   10.88    0.74   13437
  8.000   14.40   12.10  0.1117   -0.17   15.13   21.38   11.41    0.75   13410
  8.500   15.21   12.80  0.1205   -0.24   16.04   22.65   12.02    0.76   13390
  9.000   16.02   13.50  0.1306   -0.29   16.97   23.87   12.66    0.76   13367
  9.500   16.82   13.93  0.1414   -0.29   17.48   24.84   12.97    0.73   13335
 10.000   17.70   14.16  0.1507   -0.24   17.81   25.75   13.11    0.70   13302
 10.500   18.53   14.28  0.1560   -0.18   17.95   26.46   13.18    0.64   13281
 11.000   19.17   13.84  0.1569   -0.02   17.39   26.57   12.70    0.55   13252
 11.500   19.62   13.27  0.1566    0.10   16.61   26.37   12.19    0.51   13235
 12.000   19.88   12.70  0.1551    0.20   15.80   25.98   11.71    0.47   13221
 12.500   19.75   11.83  0.1491    0.35   14.73   25.22   10.93    0.41   13204
 13.000   19.26   10.88  0.1326    0.46   13.52   24.06   10.13    0.39   13189
 13.500   18.59   10.05  0.1151    0.52   12.41   22.79    9.44    0.36   13176
 14.000   17.76    9.40  0.0967    0.49   11.47   21.53    8.87    0.36   13133
 14.500   16.79    8.76  0.0727    0.44   10.60   20.26    8.29    0.37   13113
 15.000   15.68    8.22  0.0430    0.37    9.78   18.89    7.82    0.40   13096
 15.500   14.47    7.83  0.0054    0.32    9.01   17.43    7.50    0.47   13071
 16.000   13.18    7.56 -0.0326    0.22    8.28   15.91    7.27    0.58   13054
 16.500   11.75    7.28 -0.0599    0.06    7.53   14.30    7.01    0.66   12981
 17.000   10.35    6.94 -0.0706   -0.06    6.80   12.87    6.60    0.77   12940
 17.500    8.97    6.63 -0.0800   -0.17    6.15   11.53    6.18    0.95   12902
 18.000    7.59    6.45 -0.0845   -0.31    5.63   10.24    5.86    1.15   12872
 18.500    6.27    6.44 -0.0846   -0.48    5.24    9.05    5.68    1.29   12803
 19.000    5.17    6.36 -0.0840   -0.68    4.79    8.25    5.37    1.42   12710
 19.500    4.19    6.25 -0.0845   -0.82    4.39    7.72    4.98    1.67   12647
 20.000    3.25    6.25 -0.0806   -0.96    4.14    7.25    4.73    1.90   12589
 20.500    2.34    6.38 -0.0779   -1.09    4.08    6.84    4.65    2.01   12504
 21.000    1.68    6.55 -0.0743   -1.19    3.94    6.76    4.57    1.98   12309
 21.500    1.20    6.59 -0.0666   -1.28    3.74    6.84    4.39    2.10   12243
 22.000    0.73    6.72 -0.0511   -1.37    3.62    6.95    4.30    2.15   12189
 22.500    0.28    6.93 -0.0336   -1.45    3.59    7.11    4.32    2.14   12132
 23.000   -0.14    7.20 -0.0136   -1.52    3.63    7.29    4.40    2.08   12085
 23.500   -0.56    7.50  0.0039   -1.59    3.77    7.47    4.55    1.93   12047
 24.000   -0.90    7.89  0.0200   -1.62    3.87    7.73    4.79    1.80   11718
 24.500   -0.95    8.30  0.0404   -1.68    3.86    8.12    4.97    1.80   11481
 25.000   -1.03    8.69  0.0576   -1.73    3.88    8.48    5.16    1.81   11407
 25.500   -1.11    9.11  0.0752   -1.77    4.02    8.84    5.41    1.76   11334
 26.000   -1.31    9.40  0.0799   -1.82    4.24    9.12    5.56    1.56   11208
 26.500   -2.93    9.19  0.0536   -1.57    3.88    9.10    5.39    1.33    8475
 27.000   -1.88   10.37  0.0366   -2.02    4.30   10.01    5.94    1.38    5065
 27.500   -0.68   10.75  0.1027   -2.17    4.47   10.16    6.34    1.47    4408
 28.000   -0.48   11.24  0.1181   -2.13    4.58   10.55    6.61    1.48    4193
 28.500   -0.31   11.79  0.1260   -2.10    4.74   11.00    6.93    1.48    3964
 29.000   -0.00   12.39  0.1417   -2.01    4.86   11.46    7.29    1.44    3702
 29.500    0.22   12.98  0.1515   -1.99    5.06   11.94    7.66    1.40    3447
 30.000    0.63   13.61  0.1690   -1.98    5.31   12.44    8.08    1.43    3177
