      91366       8.73N  167.75E
     T A B L E  I -   1.  W I N D  S T A T I S T I C A L  P A R A M E T E R S
                                   January
 STATION =   913660     KWAJLEIN MISSILE RANGE
    Z    MEAN U   SD  U  R(U,V)  MEAN V   SD  V MEAN WS  SD  WS SKEW WS    NOBS
    KM     M/S     M/S             M/S     M/S     M/S     M/S                 
  0.000    0.00    0.00  0.0000    0.00    0.00    0.00    0.00    0.00     100
  0.004   -7.17    2.29  0.1000   -3.61    2.29    8.36    2.23   -0.06    1030
  0.500   -8.72    2.59  0.1064   -3.42    2.52    9.78    2.54   -0.31    1030
  1.000   -9.44    3.06  0.1105   -2.62    2.73   10.27    2.98   -0.15    1030
  1.500   -9.39    3.71  0.0887   -1.55    3.07   10.05    3.60    0.11    1030
  2.000   -8.69    3.64  0.0661   -1.01    2.75    9.43    3.39    0.17    1030
  2.500   -8.09    3.84  0.0571   -0.59    2.69    8.93    3.38    0.24    1030
  3.000   -7.57    4.35  0.0534   -0.29    2.86    8.52    3.65    0.30    1030
  3.500   -7.54    4.52  0.0215   -0.17    2.84    8.61    3.69    0.25    1030
  4.000   -7.78    4.66 -0.0163   -0.13    2.80    8.99    3.72    0.29    1030
  4.500   -8.15    4.98 -0.0333   -0.09    3.01    9.45    3.98    0.41    1030
  5.000   -8.61    5.41 -0.0459   -0.04    3.24    9.96    4.37    0.54    1030
  5.500   -9.09    5.97 -0.0659   -0.05    3.55   10.52    4.84    0.57    1030
  6.000   -9.50    6.50 -0.0651   -0.15    3.91   10.98    5.33    0.50    1028
  6.500   -9.53    6.26 -0.0633   -0.35    3.78   11.08    5.08    0.44    1027
  7.000   -9.51    6.19 -0.0710   -0.56    3.92   11.11    5.08    0.41    1027
  7.500   -9.48    6.47 -0.0616   -0.75    4.46   11.11    5.46    0.40    1026
  8.000   -8.84    6.35 -0.0932   -0.75    4.30   10.78    5.09    0.42    1011
  8.500   -7.89    6.20 -0.1225   -0.68    4.04   10.17    4.63    0.41    1010
  9.000   -6.94    6.29 -0.1407   -0.56    4.03    9.53    4.48    0.44    1010
  9.500   -5.98    6.59 -0.1459   -0.38    4.29    8.95    4.51    0.57    1010
 10.000   -5.06    6.72 -0.1434    0.15    4.42    8.64    4.36    0.75    1000
 10.500   -4.51    6.78 -0.1520    0.86    4.61    8.62    4.32    0.80    1000
 11.000   -4.01    7.14 -0.1510    1.49    5.26    8.70    4.66    0.79     995
 11.500   -3.87    7.04 -0.1673    2.09    5.35    9.09    4.46    0.86     991
 12.000   -3.66    7.21 -0.1900    2.82    5.88    9.55    4.70    0.79     991
 12.500   -3.47    7.58 -0.1983    3.56    6.72   10.01    5.26    0.69     984
 13.000   -3.64    7.45 -0.2278    3.51    6.54   10.14    5.11    0.75     979
 13.500   -3.86    7.48 -0.2544    3.44    6.61   10.27    5.22    0.76     979
 14.000   -4.06    7.73 -0.2779    3.38    6.91   10.37    5.61    0.75     979
 14.500   -4.54    7.65 -0.2959    3.06    6.92   10.47    5.66    0.72     943
 15.000   -5.41    7.42 -0.3244    2.47    6.40   10.78    5.38    0.79     942
 15.500   -6.32    7.41 -0.3260    1.90    6.26   11.19    5.34    0.80     938
 16.000   -7.34    7.37 -0.3052    1.22    6.10   11.54    5.34    0.61     934
 16.500   -8.44    7.62 -0.2697    0.64    6.39   11.91    5.82    0.48     931
 17.000   -8.31    6.60 -0.2506    0.64    5.72   11.50    5.15    0.31     809
 17.500   -7.68    5.80 -0.1911    0.90    4.75   10.84    4.45    0.30     807
 18.000   -6.81    5.80 -0.1058    1.14    4.24    9.95    4.46    0.51     807
 18.500   -6.10    6.89 -0.0591    1.36    4.57    9.37    5.17    0.78     804
 19.000   -5.16    7.20 -0.0506    1.46    4.21    9.30    4.84    0.77     781
 19.500   -4.34    7.47 -0.0410    1.56    3.49    9.49    4.42    0.78     781
 20.000   -3.57    8.38 -0.0336    1.60    3.30    9.65    4.69    0.88     780
 20.500   -2.81    9.78 -0.0374    1.67    3.65    9.81    5.51    0.84     780
 21.000   -2.67   10.22 -0.0140    1.75    3.66   10.27    5.59    0.79     746
 21.500   -2.88    9.72 -0.0369    1.78    3.38   10.73    5.03    0.74     735
 22.000   -3.11    9.53 -0.0938    1.79    3.24   11.08    4.74    0.64     734
 22.500   -3.41    9.91 -0.1194    1.84    3.23   11.47    4.97    0.63     734
 23.000   -3.71   10.78 -0.1069    1.84    3.47   11.84    5.63    0.63     733
 23.500   -3.99   12.06 -0.0917    1.85    3.88   12.24    6.59    0.57     733
 24.000   -4.61   12.66 -0.1234    2.02    3.95   12.75    6.98    0.53     656
 24.500   -4.65   12.94 -0.1418    2.07    3.62   13.73    6.32    0.59     641
 25.000   -4.72   13.92 -0.1449    2.19    3.54   14.79    6.27    0.57     639
 25.500   -4.84   15.36 -0.1431    2.33    3.73   15.89    6.73    0.36     637
 26.000   -5.17   16.66 -0.1236    2.39    4.09   16.85    7.27    0.17     635
 26.500   -5.67   16.97 -0.1202    2.37    4.45   17.06    7.63   -0.01     402
 27.000   -4.64   15.78 -0.0712    1.99    4.37   16.21    7.13    0.21     260
 27.500   -4.48   14.99 -0.0490    1.80    4.18   16.06    6.40    0.28     251
 28.000   -4.33   14.60 -0.0639    1.85    4.18   16.10    5.96    0.37     249
 28.500   -4.31   14.35 -0.0863    2.04    4.16   16.27    5.50    0.41     237
 29.000   -4.24   14.37 -0.1143    2.20    4.25   16.43    5.17    0.57     225
 29.500   -4.03   14.56 -0.0890    2.26    4.48   16.46    5.14    0.60     220
 30.000   -4.02   14.99 -0.1023    2.30    4.91   16.58    5.49    0.62     211
     T A B L E  I -   2.  W I N D  S T A T I S T I C A L  P A R A M E T E R S
                                  February
 STATION =   913660     KWAJLEIN MISSILE RANGE
    Z    MEAN U   SD  U  R(U,V)  MEAN V   SD  V MEAN WS  SD  WS SKEW WS    NOBS
    KM     M/S     M/S             M/S     M/S     M/S     M/S                 
  0.000    0.00    0.00  0.0000    0.00    0.00    0.00    0.00    0.00     100
  0.004   -6.90    2.35  0.1536   -3.48    2.32    8.07    2.37    0.43     924
  0.500   -8.51    2.61  0.1984   -3.32    2.45    9.54    2.59    0.09     928
  1.000   -9.13    2.99  0.1339   -2.43    2.54    9.91    2.86   -0.07     928
  1.500   -8.91    3.51  0.0645   -1.35    2.77    9.52    3.28   -0.12     928
  2.000   -7.96    3.42  0.0228   -0.86    2.51    8.75    2.99    0.09     928
  2.500   -7.01    3.74  0.0011   -0.45    2.57    8.01    3.10    0.39     928
  3.000   -6.16    4.32  0.0308   -0.15    2.88    7.40    3.43    0.63     928
  3.500   -6.06    4.39  0.0096   -0.06    2.89    7.45    3.40    0.63     928
  4.000   -6.26    4.37  0.0021   -0.07    2.87    7.80    3.30    0.56     928
  4.500   -6.50    4.68 -0.0022   -0.06    3.08    8.20    3.46    0.46     928
  5.000   -6.80    5.10 -0.0076   -0.07    3.41    8.61    3.84    0.49     928
  5.500   -7.22    5.66 -0.0436   -0.06    3.89    9.15    4.37    0.52     928
  6.000   -7.61    6.21 -0.0722   -0.13    4.43    9.65    4.89    0.54     921
  6.500   -7.86    5.98 -0.1365   -0.49    4.33   10.01    4.54    0.52     919
  7.000   -8.06    6.05 -0.1543   -0.86    4.48   10.37    4.48    0.43     919
  7.500   -8.26    6.51 -0.1321   -1.21    4.99   10.69    4.91    0.37     919
  8.000   -7.91    6.29 -0.1654   -1.16    4.77   10.41    4.64    0.41     911
  8.500   -7.18    6.11 -0.1843   -1.00    4.37    9.86    4.23    0.44     911
  9.000   -6.41    6.14 -0.1815   -0.83    4.28    9.30    4.11    0.50     910
  9.500   -5.65    6.32 -0.1516   -0.63    4.46    8.76    4.23    0.56     910
 10.000   -4.75    6.36 -0.1643   -0.05    4.47    8.35    4.10    0.67     899
 10.500   -4.09    6.48 -0.1923    0.63    4.67    8.32    4.05    0.69     899
 11.000   -3.52    6.85 -0.1975    1.26    5.33    8.41    4.36    0.67     893
 11.500   -3.43    6.86 -0.2201    1.76    5.29    8.78    4.19    0.70     890
 12.000   -3.26    7.08 -0.2397    2.35    5.63    9.16    4.38    0.70     890
 12.500   -3.14    7.51 -0.2425    2.91    6.30    9.53    4.90    0.67     883
 13.000   -3.41    7.40 -0.2701    2.85    6.01    9.68    4.69    0.66     880
 13.500   -3.68    7.47 -0.2828    2.73    6.08    9.86    4.77    0.67     880
 14.000   -3.95    7.70 -0.2770    2.62    6.51   10.05    5.17    0.69     880
 14.500   -4.54    7.80 -0.2772    2.47    6.56   10.35    5.39    0.70     848
 15.000   -5.50    7.60 -0.2931    2.07    6.00   10.74    5.19    0.70     848
 15.500   -6.53    7.60 -0.2953    1.75    5.72   11.22    5.14    0.77     841
 16.000   -7.74    7.55 -0.2985    1.37    5.62   11.66    5.39    0.77     841
 16.500   -8.97    7.75 -0.2689    0.95    5.95   12.03    6.08    0.65     838
 17.000   -8.48    6.90 -0.2411    0.66    5.31   11.51    5.47    0.67     730
 17.500   -7.44    6.27 -0.2095    0.79    4.42   10.76    4.85    0.79     723
 18.000   -6.25    6.68 -0.1514    0.94    4.07    9.88    5.03    0.89     720
 18.500   -5.27    7.88 -0.1098    1.16    4.36    9.24    5.70    0.99     720
 19.000   -4.33    8.19 -0.1332    1.27    4.04    9.27    5.29    0.92     709
 19.500   -3.53    8.32 -0.1450    1.37    3.43    9.53    4.69    0.77     709
 20.000   -2.76    9.05 -0.1463    1.44    3.25    9.78    4.76    0.70     708
 20.500   -1.95   10.21 -0.1378    1.49    3.61    9.98    5.41    0.68     707
 21.000   -2.02   10.53 -0.1465    1.48    3.60   10.53    5.35    0.67     678
 21.500   -2.06    9.92 -0.1537    1.48    3.29   10.93    4.62    0.61     666
 22.000   -2.07    9.70 -0.1165    1.48    3.18   11.25    4.25    0.45     666
 22.500   -2.04   10.10 -0.0672    1.51    3.19   11.56    4.51    0.32     665
 23.000   -2.04   11.04 -0.0174    1.57    3.39   11.90    5.26    0.35     664
 23.500   -2.00   12.39  0.0146    1.64    3.76   12.23    6.33    0.38     663
 24.000   -1.81   13.09  0.0409    1.74    3.88   12.55    6.71    0.45     603
 24.500   -1.75   13.58  0.0328    1.80    3.47   13.68    6.24    0.49     594
 25.000   -1.72   14.57 -0.0071    1.91    3.34   14.79    6.16    0.41     590
 25.500   -1.86   15.87 -0.0207    2.03    3.51   15.85    6.46    0.19     585
 26.000   -2.02   17.14 -0.0510    2.14    3.87   16.76    6.91   -0.02     582
 26.500   -1.65   16.88  0.0182    2.37    4.41   16.34    7.04   -0.14     344
 27.000   -0.88   16.39 -0.0109    2.02    4.12   16.15    6.90   -0.10     242
 27.500   -0.42   15.78 -0.0442    1.98    3.98   16.14    6.28   -0.06     234
 28.000   -0.05   15.41 -0.0668    1.89    3.97   16.16    5.84   -0.03     230
 28.500   -0.37   15.20 -0.0749    1.99    3.90   16.21    5.59    0.01     222
 29.000   -1.06   15.26 -0.0516    2.30    3.87   16.36    5.68    0.11     209
 29.500   -1.30   15.60 -0.0603    2.38    4.07   16.59    5.85    0.13     204
 30.000   -1.70   15.75 -0.0583    2.52    4.30   16.49    6.14    0.15     195
     T A B L E  I -   3.  W I N D  S T A T I S T I C A L  P A R A M E T E R S
                                     March
 STATION =   913660     KWAJLEIN MISSILE RANGE
    Z    MEAN U   SD  U  R(U,V)  MEAN V   SD  V MEAN WS  SD  WS SKEW WS    NOBS
    KM     M/S     M/S             M/S     M/S     M/S     M/S                 
  0.000    0.00    0.00  0.0000    0.00    0.00    0.00    0.00    0.00     100
  0.004   -6.96    2.40  0.3136   -2.95    2.37    7.94    2.34    0.30    1056
  0.500   -8.55    2.78  0.3207   -2.70    2.72    9.48    2.69   -0.06    1058
  1.000   -8.99    3.29  0.2840   -1.87    2.86    9.80    3.03   -0.19    1059
  1.500   -8.59    3.92  0.1889   -0.80    3.10    9.36    3.45   -0.08    1059
  2.000   -7.35    3.77  0.1372   -0.32    2.75    8.39    3.12    0.05    1059
  2.500   -6.10    4.00  0.1111    0.04    2.69    7.49    3.04    0.25    1059
  3.000   -4.95    4.44  0.1078    0.34    2.96    6.70    3.21    0.50    1059
  3.500   -4.59    4.53  0.1022    0.38    2.88    6.57    3.15    0.60    1057
  4.000   -4.65    4.59  0.1038    0.27    2.79    6.81    3.12    0.69    1057
  4.500   -4.72    4.86  0.1152    0.12    2.93    7.05    3.32    0.64    1057
  5.000   -4.85    5.27  0.1147    0.06    3.13    7.30    3.65    0.69    1057
  5.500   -5.07    5.83  0.0759   -0.12    3.46    7.72    4.01    0.78    1057
  6.000   -5.24    6.51  0.0568   -0.37    3.89    8.15    4.46    0.74    1052
  6.500   -5.28    6.61  0.0430   -0.68    3.80    8.59    4.23    0.81    1051
  7.000   -5.21    7.04  0.0453   -1.01    4.09    9.00    4.41    0.72    1051
  7.500   -5.08    7.75  0.0545   -1.32    4.77    9.33    4.97    0.65    1051
  8.000   -4.68    7.61  0.0524   -1.26    4.61    9.26    4.64    0.64    1032
  8.500   -3.88    7.47  0.0384   -1.08    4.46    9.03    4.23    0.63    1032
  9.000   -3.09    7.51  0.0194   -0.87    4.61    8.75    4.22    0.66    1030
  9.500   -2.33    7.73  0.0033   -0.62    5.03    8.59    4.47    0.78    1030
 10.000   -1.76    7.81 -0.0207   -0.15    5.26    8.58    4.65    1.16    1011
 10.500   -1.26    7.86 -0.0303    0.54    5.52    8.75    4.72    1.27    1011
 11.000   -0.85    8.02 -0.0388    1.21    6.09    8.89    5.01    1.07    1005
 11.500   -0.63    8.04 -0.0831    1.71    6.08    9.29    4.84    1.12     998
 12.000   -0.44    8.26 -0.1372    2.26    6.42    9.73    5.03    1.07     997
 12.500   -0.29    8.57 -0.1786    2.85    7.09   10.13    5.49    0.88     990
 13.000   -0.55    8.43 -0.2403    2.65    6.97   10.35    5.18    0.85     984
 13.500   -0.84    8.44 -0.2879    2.38    7.19   10.52    5.20    0.83     984
 14.000   -1.12    8.68 -0.3143    2.07    7.72   10.68    5.59    0.81     982
 14.500   -1.58    8.64 -0.3300    1.58    7.74   10.71    5.64    0.73     939
 15.000   -2.40    8.24 -0.3599    0.81    6.93   10.65    5.11    0.65     939
 15.500   -3.24    7.98 -0.3792    0.08    6.38   10.56    4.88    0.71     938
 16.000   -4.28    7.72 -0.3347   -0.58    6.08   10.46    4.97    0.77     935
 16.500   -5.31    7.88 -0.2500   -1.17    6.16   10.28    5.55    0.85     927
 17.000   -5.14    6.97 -0.1963   -1.34    5.59    9.82    5.07    0.81     790
 17.500   -4.46    6.01 -0.1152   -0.91    4.53    9.13    4.21    0.69     783
 18.000   -3.75    5.85 -0.0413   -0.51    3.95    8.40    3.90    0.62     780
 18.500   -3.03    6.58  0.0052   -0.08    4.14    7.83    4.13    0.82     780
 19.000   -2.41    6.99 -0.0086    0.11    3.87    7.98    4.02    0.84     766
 19.500   -1.95    7.33 -0.0189    0.30    3.22    8.43    3.84    0.88     766
 20.000   -1.56    8.22 -0.0272    0.52    3.09    8.82    4.26    1.01     765
 20.500   -1.19    9.55 -0.0243    0.77    3.52    9.20    5.17    1.02     765
 21.000   -1.30    9.91 -0.0466    0.82    3.53    9.67    5.41    1.04     746
 21.500   -1.51    9.19 -0.0635    0.86    3.17   10.06    4.58    0.98     741
 22.000   -1.68    8.97 -0.0827    0.87    2.97   10.43    4.12    0.75     738
 22.500   -1.87    9.50 -0.0657    0.92    2.92   10.91    4.24    0.71     738
 23.000   -2.00   10.58 -0.0528    0.95    3.12   11.39    4.96    0.76     736
 23.500   -2.13   11.98 -0.0494    0.94    3.51   11.78    6.04    0.75     734
 24.000   -2.37   13.21 -0.0714    1.01    3.64   12.31    6.86    0.75     696
 24.500   -2.60   14.14 -0.1031    1.00    3.18   13.60    6.72    0.70     672
 25.000   -2.90   15.26 -0.1173    1.04    3.04   14.84    6.86    0.53     672
 25.500   -3.11   16.60 -0.1196    1.09    3.20   16.02    7.32    0.30     670
 26.000   -3.48   17.78 -0.1269    1.14    3.57   16.96    7.88    0.09     663
 26.500   -4.75   17.88 -0.0682    1.27    3.77   16.99    8.42    0.10     458
 27.000   -3.88   17.06 -0.0711    1.24    3.52   16.16    8.27    0.15     305
 27.500   -4.33   16.82 -0.0804    1.30    3.46   16.40    8.01    0.21     289
 28.000   -4.68   16.66 -0.1270    1.38    3.45   16.55    7.89    0.28     284
 28.500   -5.19   16.39 -0.1698    1.42    3.47   16.62    7.78    0.33     270
 29.000   -5.25   16.26 -0.2027    1.63    3.62   16.58    7.80    0.38     257
 29.500   -5.64   16.51 -0.2007    1.72    3.84   16.79    8.09    0.39     255
 30.000   -6.20   16.83 -0.2282    1.76    4.02   17.03    8.47    0.38     237
     T A B L E  I -   4.  W I N D  S T A T I S T I C A L  P A R A M E T E R S
                                     April
 STATION =   913660     KWAJLEIN MISSILE RANGE
    Z    MEAN U   SD  U  R(U,V)  MEAN V   SD  V MEAN WS  SD  WS SKEW WS    NOBS
    KM     M/S     M/S             M/S     M/S     M/S     M/S                 
  0.000    0.00    0.00  0.0000    0.00    0.00    0.00    0.00    0.00     100
  0.004   -6.87    2.22  0.2566   -2.58    2.22    7.66    2.24    0.14     978
  0.500   -8.51    2.59  0.3198   -2.32    2.31    9.20    2.53   -0.09     980
  1.000   -8.90    3.14  0.2616   -1.53    2.37    9.48    2.94   -0.09     982
  1.500   -8.50    3.65  0.1086   -0.56    2.53    9.01    3.35    0.03     982
  2.000   -7.20    3.59  0.0123   -0.14    2.36    8.04    3.03    0.16     982
  2.500   -5.82    3.88 -0.0688    0.14    2.45    7.09    2.97    0.39     982
  3.000   -4.51    4.33 -0.1146    0.35    2.74    6.25    3.09    0.63     982
  3.500   -3.85    4.22 -0.1193    0.37    2.71    5.86    2.92    0.66     980
  4.000   -3.56    3.99 -0.0915    0.29    2.59    5.74    2.75    0.62     980
  4.500   -3.34    4.01 -0.0634    0.25    2.61    5.68    2.78    0.64     980
  5.000   -3.21    4.26 -0.0211    0.19    2.72    5.72    2.92    0.81     980
  5.500   -3.01    4.73  0.0219    0.12    2.93    5.80    3.18    0.99     980
  6.000   -2.72    5.32  0.0665    0.04    3.27    5.91    3.54    1.02     975
  6.500   -2.22    5.44  0.1322   -0.03    3.28    6.29    3.19    0.99     975
  7.000   -1.64    5.85  0.1725   -0.09    3.57    6.66    3.21    0.87     975
  7.500   -1.06    6.53  0.1979   -0.15    4.22    7.02    3.72    0.80     974
  8.000   -0.24    6.68  0.2284   -0.03    4.25    7.40    3.63    0.74     959
  8.500    0.76    6.84  0.2287    0.22    4.27    7.81    3.64    0.89     959
  9.000    1.75    7.18  0.2048    0.48    4.62    8.21    4.07    1.02     958
  9.500    2.71    7.66  0.1877    0.74    5.22    8.68    4.68    1.04     958
 10.000    3.77    8.03  0.1637    1.30    5.44    9.41    5.02    1.02     938
 10.500    4.57    8.26  0.1193    1.94    5.60   10.10    5.22    0.93     938
 11.000    5.24    8.71  0.0720    2.59    6.15   10.75    5.72    0.79     924
 11.500    5.56    8.76  0.0372    2.88    6.06   11.23    5.62    0.83     914
 12.000    6.02    9.10 -0.0135    3.20    6.35   11.82    5.91    0.75     913
 12.500    6.44    9.55 -0.0567    3.49    6.95   12.37    6.40    0.63     904
 13.000    6.45    9.51 -0.0445    2.69    6.65   12.40    6.25    0.69     890
 13.500    6.55    9.68 -0.0478    1.82    6.61   12.43    6.34    0.70     890
 14.000    6.64   10.01 -0.0655    0.92    6.91   12.43    6.68    0.68     890
 14.500    6.17   10.04 -0.0878    0.09    6.85   12.22    6.67    0.69     854
 15.000    5.14    9.59 -0.1162   -0.68    5.94   11.71    6.10    0.80     854
 15.500    4.09    9.31 -0.1553   -1.27    5.37   11.22    5.68    1.01     853
 16.000    2.82    9.06 -0.1391   -1.68    5.03   10.58    5.23    1.03     849
 16.500    1.45    9.16 -0.0873   -2.05    5.35    9.92    5.26    0.99     844
 17.000    1.00    8.46 -0.0661   -2.14    4.81    9.49    4.76    1.12     711
 17.500    0.44    7.43 -0.1080   -1.79    3.84    8.90    4.00    1.23     707
 18.000    0.01    6.91 -0.1230   -1.45    3.40    8.20    3.72    1.25     706
 18.500   -0.31    7.15 -0.1317   -1.09    3.57    7.52    4.02    1.24     704
 19.000   -0.32    7.07 -0.1529   -0.76    3.45    7.53    3.82    1.15     688
 19.500   -0.38    7.06 -0.1880   -0.64    3.03    7.94    3.54    0.94     688
 20.000   -0.59    7.64 -0.1810   -0.53    3.06    8.32    3.82    0.80     684
 20.500   -0.81    8.73 -0.1332   -0.37    3.58    8.69    4.61    0.75     683
 21.000   -1.41    9.06 -0.1074   -0.42    3.62    9.10    4.71    0.80     658
 21.500   -2.12    8.86 -0.0792   -0.37    3.29    9.72    4.32    0.69     647
 22.000   -2.88    9.13 -0.0462   -0.31    3.11   10.41    4.46    0.69     645
 22.500   -3.63    9.83  0.0036   -0.35    3.04   11.08    5.02    0.73     645
 23.000   -4.39   10.87  0.0252   -0.33    3.22   11.74    5.90    0.73     641
 23.500   -5.17   12.18  0.0294   -0.31    3.56   12.35    7.01    0.66     641
 24.000   -5.82   13.15  0.0119   -0.28    3.64   12.78    7.76    0.59     595
 24.500   -6.09   13.14  0.0304   -0.13    3.13   13.18    7.55    0.57     576
 25.000   -6.69   13.42  0.0300    0.01    2.92   13.77    7.67    0.50     573
 25.500   -7.30   14.03  0.0258    0.17    3.05   14.37    8.19    0.45     572
 26.000   -7.93   14.61  0.0026    0.34    3.46   14.81    8.82    0.38     568
 26.500   -7.52   14.97 -0.0233    0.62    3.88   14.57    9.21    0.40     472
 27.000   -6.48   13.65 -0.0210    0.79    3.87   13.58    8.35    0.63     234
 27.500   -6.26   12.97 -0.0366    0.90    3.54   13.31    7.89    0.70     218
 28.000   -6.68   12.78 -0.0263    0.92    3.35   13.55    7.77    0.70     217
 28.500   -7.56   12.53 -0.0294    0.94    3.27   13.80    7.93    0.70     209
 29.000   -8.07   12.40  0.0062    1.02    3.30   13.96    8.06    0.70     200
 29.500   -8.41   12.76  0.0116    1.07    3.39   14.22    8.39    0.69     195
 30.000   -8.76   13.16 -0.0333    1.20    3.61   14.66    8.51    0.59     177
     T A B L E  I -   5.  W I N D  S T A T I S T I C A L  P A R A M E T E R S
                                       May
 STATION =   913660     KWAJLEIN MISSILE RANGE
    Z    MEAN U   SD  U  R(U,V)  MEAN V   SD  V MEAN WS  SD  WS SKEW WS    NOBS
    KM     M/S     M/S             M/S     M/S     M/S     M/S                 
  0.000    0.00    0.00  0.0000    0.00    0.00    0.00    0.00    0.00     100
  0.004   -6.32    2.29  0.3122   -1.95    2.22    7.02    2.16    0.18     991
  0.500   -7.63    2.78  0.3826   -1.56    2.37    8.32    2.42   -0.05     992
  1.000   -8.03    3.27  0.3370   -0.84    2.43    8.67    2.77    0.00     995
  1.500   -7.76    3.62  0.2207   -0.03    2.56    8.41    3.08    0.14     995
  2.000   -6.87    3.44  0.1727    0.34    2.32    7.71    2.78    0.36     995
  2.500   -5.94    3.56  0.1360    0.60    2.33    7.02    2.71    0.46     995
  3.000   -5.07    3.90  0.1183    0.81    2.56    6.42    2.85    0.56     995
  3.500   -4.40    3.83  0.1142    0.81    2.48    6.00    2.74    0.61     995
  4.000   -3.86    3.64  0.1076    0.73    2.31    5.74    2.51    0.72     995
  4.500   -3.34    3.67  0.1081    0.62    2.38    5.53    2.46    0.82     995
  5.000   -2.86    3.87  0.0763    0.53    2.52    5.35    2.55    0.89     995
  5.500   -2.32    4.17  0.0801    0.47    2.66    5.17    2.62    1.02     995
  6.000   -1.77    4.53  0.0773    0.42    2.89    5.02    2.82    1.04     989
  6.500   -1.32    4.39  0.0641    0.40    2.73    5.14    2.59    1.09     985
  7.000   -0.77    4.56  0.0598    0.40    2.92    5.30    2.64    1.08     985
  7.500   -0.22    5.03  0.0492    0.38    3.46    5.44    3.06    0.96     985
  8.000    0.41    5.10  0.0490    0.48    3.37    5.81    2.97    0.96     972
  8.500    1.16    5.26  0.0512    0.64    3.38    6.26    3.06    1.07     972
  9.000    1.92    5.67  0.0385    0.83    3.75    6.71    3.52    1.19     972
  9.500    2.67    6.26  0.0335    1.05    4.38    7.20    4.18    1.27     972
 10.000    3.54    6.64  0.0539    1.54    4.63    8.02    4.47    1.19     957
 10.500    4.32    6.99  0.0239    2.12    4.97    8.87    4.82    1.21     957
 11.000    5.03    7.63 -0.0235    2.75    5.77    9.73    5.49    1.16     947
 11.500    5.54    7.71 -0.0095    2.90    5.71   10.34    5.44    1.17     933
 12.000    6.34    8.18 -0.0143    3.08    6.03   11.19    5.78    1.10     933
 12.500    7.01    8.85 -0.0311    3.25    6.66   11.96    6.34    1.00     917
 13.000    7.58    8.97 -0.0203    2.66    6.35   12.37    6.40    1.04     909
 13.500    8.14    9.27 -0.0234    2.02    6.37   12.77    6.68    1.00     908
 14.000    8.69    9.73 -0.0362    1.38    6.72   13.12    7.14    0.90     908
 14.500    8.71    9.73 -0.0336    0.66    6.58   12.91    7.33    0.98     850
 15.000    8.31    9.23 -0.0300    0.03    5.61   12.32    7.01    1.19     850
 15.500    7.84    8.96 -0.0163   -0.48    4.89   11.73    6.80    1.39     845
 16.000    7.05    8.56  0.0241   -0.77    4.43   10.92    6.38    1.34     842
 16.500    6.23    8.63  0.0453   -1.00    4.74   10.11    6.36    1.16     840
 17.000    5.17    7.82  0.0313   -0.97    4.30    9.56    5.56    1.11     729
 17.500    3.53    6.62 -0.0014   -0.84    3.51    8.73    4.34    1.03     725
 18.000    1.88    5.99 -0.0570   -0.71    3.24    7.84    3.58    0.75     725
 18.500    0.26    6.17 -0.0962   -0.55    3.68    7.01    3.49    0.69     725
 19.000   -1.06    6.11 -0.1081   -0.47    3.54    7.00    3.29    0.74     705
 19.500   -2.08    6.16 -0.1374   -0.43    2.95    7.55    3.21    0.72     705
 20.000   -3.10    6.77 -0.1162   -0.36    2.92    8.12    3.75    0.77     703
 20.500   -4.12    7.89 -0.0784   -0.29    3.37    8.69    4.71    0.82     703
 21.000   -4.95    8.42 -0.0442   -0.21    3.37    9.26    5.11    0.89     664
 21.500   -5.73    8.50 -0.0342   -0.18    3.05   10.03    5.14    0.74     657
 22.000   -6.55    8.86 -0.0287   -0.12    2.79   10.78    5.48    0.62     657
 22.500   -7.31    9.52 -0.0246   -0.06    2.68   11.49    6.14    0.59     656
 23.000   -8.10   10.36 -0.0399   -0.04    2.82   12.14    6.99    0.55     656
 23.500   -8.93   11.38 -0.0531   -0.01    3.11   12.79    7.99    0.51     652
 24.000   -9.72   12.32 -0.0577    0.08    3.36   13.40    8.94    0.48     609
 24.500  -10.17   12.30 -0.0791    0.19    2.86   13.89    8.92    0.46     594
 25.000  -10.86   12.49 -0.1338    0.35    2.64   14.49    9.20    0.42     590
 25.500  -11.51   13.02 -0.1674    0.51    2.81   15.10    9.74    0.39     589
 26.000  -12.11   13.72 -0.1688    0.64    3.20   15.66   10.42    0.34     589
 26.500  -12.23   14.43 -0.1615    0.68    3.58   15.79   11.11    0.36     541
 27.000  -11.52   13.55 -0.1568    0.53    3.35   14.97   10.40    0.52     238
 27.500  -11.90   12.97 -0.1549    0.48    3.15   15.18    9.92    0.52     230
 28.000  -12.50   12.80 -0.1380    0.52    3.10   15.66    9.82    0.49     227
 28.500  -12.81   12.66 -0.1671    0.67    3.00   15.95    9.69    0.50     218
 29.000  -13.19   12.73 -0.1557    0.85    2.99   16.29    9.73    0.52     214
 29.500  -13.92   12.88 -0.1283    0.90    3.15   16.89    9.93    0.48     209
 30.000  -14.68   12.95 -0.1559    0.90    3.34   17.36   10.27    0.45     202
     T A B L E  I -   6.  W I N D  S T A T I S T I C A L  P A R A M E T E R S
                                      June
 STATION =   913660     KWAJLEIN MISSILE RANGE
    Z    MEAN U   SD  U  R(U,V)  MEAN V   SD  V MEAN WS  SD  WS SKEW WS    NOBS
    KM     M/S     M/S             M/S     M/S     M/S     M/S                 
  0.000    0.00    0.00  0.0000    0.00    0.00    0.00    0.00    0.00     100
  0.004   -5.67    2.20  0.2653   -1.57    2.24    6.35    2.04    0.17     964
  0.500   -7.18    2.70  0.2419   -1.24    2.28    7.79    2.45    0.05     967
  1.000   -7.89    3.08  0.1591   -0.57    2.29    8.40    2.78    0.13     968
  1.500   -7.98    3.32  0.0857    0.12    2.39    8.47    2.99    0.23     968
  2.000   -7.58    3.16  0.0296    0.32    2.18    8.12    2.81    0.26     968
  2.500   -7.18    3.17  0.0118    0.47    2.20    7.79    2.80    0.28     968
  3.000   -6.78    3.35 -0.0000    0.57    2.38    7.44    2.95    0.27     968
  3.500   -6.39    3.28 -0.0117    0.56    2.34    7.13    2.87    0.32     967
  4.000   -6.00    3.11 -0.0078    0.56    2.28    6.87    2.70    0.44     967
  4.500   -5.58    3.08 -0.0086    0.58    2.38    6.59    2.65    0.49     967
  5.000   -5.17    3.15 -0.0083    0.58    2.52    6.29    2.69    0.57     967
  5.500   -4.70    3.34  0.0130    0.54    2.76    5.98    2.79    0.63     967
  6.000   -4.19    3.65  0.0484    0.51    3.00    5.68    2.98    0.64     966
  6.500   -3.59    3.54  0.0401    0.56    2.85    5.58    2.62    0.72     966
  7.000   -2.94    3.70  0.0407    0.63    3.00    5.47    2.50    0.81     966
  7.500   -2.27    4.17  0.0388    0.69    3.47    5.34    2.80    0.79     965
  8.000   -1.61    4.32  0.0493    0.89    3.43    5.62    2.61    0.74     954
  8.500   -0.87    4.54  0.0528    1.17    3.43    5.96    2.51    0.64     954
  9.000   -0.14    4.93  0.0436    1.45    3.77    6.26    2.80    0.62     954
  9.500    0.58    5.47  0.0384    1.71    4.34    6.60    3.31    0.72     954
 10.000    1.47    5.85  0.0262    2.11    4.56    7.19    3.64    0.90     945
 10.500    2.15    6.15  0.0024    2.55    4.75    7.75    4.01    0.96     945
 11.000    2.78    6.78 -0.0390    2.96    5.32    8.30    4.71    0.91     939
 11.500    3.48    6.99 -0.0349    2.97    5.19    8.89    4.72    1.03     928
 12.000    4.37    7.52 -0.0727    2.91    5.51    9.62    5.15    1.07     928
 12.500    5.20    8.10 -0.1013    2.84    6.08   10.26    5.73    1.04     913
 13.000    5.91    8.01 -0.0846    2.40    5.83   10.66    5.65    1.17     906
 13.500    6.57    8.13 -0.0736    1.98    5.91   11.06    5.84    1.15     906
 14.000    7.22    8.44 -0.0743    1.60    6.31   11.46    6.24    1.01     906
 14.500    7.31    8.16 -0.0650    1.43    6.17   11.38    6.05    0.95     851
 15.000    7.00    7.55 -0.0561    1.33    5.41   10.90    5.60    1.08     851
 15.500    6.63    7.27 -0.0509    1.19    5.06   10.44    5.39    1.18     847
 16.000    5.88    6.91 -0.0433    0.98    4.66    9.74    4.96    1.01     842
 16.500    4.90    7.01 -0.0217    0.71    4.81    8.81    4.93    0.79     840
 17.000    3.01    6.38 -0.0384    0.47    4.25    8.45    4.17    0.79     755
 17.500    0.49    5.68 -0.0457    0.22    3.43    8.18    3.36    0.58     754
 18.000   -1.96    5.67 -0.0977    0.09    3.02    8.00    3.37    0.52     754
 18.500   -4.20    6.08 -0.1348   -0.04    3.36    7.89    4.03    0.81     753
 19.000   -5.76    6.07 -0.1260   -0.10    3.18    8.24    4.27    0.80     735
 19.500   -6.78    6.08 -0.1382    0.06    2.62    9.02    4.47    0.83     734
 20.000   -7.77    6.62 -0.1220    0.22    2.56    9.77    5.17    0.80     732
 20.500   -8.79    7.57 -0.0757    0.40    3.04   10.54    6.18    0.70     731
 21.000   -9.97    8.29 -0.0574    0.54    3.10   11.58    6.90    0.55     702
 21.500  -11.03    8.53 -0.0292    0.65    2.85   12.65    7.19    0.50     687
 22.000  -12.05    8.94 -0.0061    0.74    2.69   13.68    7.62    0.49     686
 22.500  -13.02    9.59  0.0292    0.79    2.71   14.65    8.24    0.44     686
 23.000  -13.94   10.41  0.0442    0.86    2.87   15.58    8.97    0.38     684
 23.500  -14.74   11.30  0.0306    0.96    3.25   16.39    9.74    0.28     681
 24.000  -15.22   12.12  0.0570    1.04    3.64   16.85   10.52    0.23     619
 24.500  -15.94   12.22  0.0425    1.05    3.07   17.54   10.67    0.22     587
 25.000  -16.52   12.35 -0.0127    1.16    2.71   18.07   10.86    0.19     582
 25.500  -17.26   12.73 -0.0533    1.23    2.73   18.74   11.28    0.14     581
 26.000  -17.82   13.18 -0.0730    1.29    3.09   19.25   11.74    0.09     572
 26.500  -18.08   13.57 -0.0780    1.42    3.52   19.47   12.16    0.08     537
 27.000  -20.49   13.07 -0.0168    1.27    3.54   21.55   12.00   -0.02     219
 27.500  -20.86   12.56 -0.0290    1.30    3.32   21.88   11.55   -0.01     210
 28.000  -21.09   11.91  0.0008    1.34    3.18   22.06   10.99   -0.03     207
 28.500  -21.34   11.39 -0.0077    1.42    3.07   22.26   10.57   -0.04     205
 29.000  -21.47   11.14 -0.0649    1.56    3.11   22.35   10.43    0.00     197
 29.500  -21.61   11.12 -0.0948    1.74    3.35   22.47   10.52    0.09     187
 30.000  -21.95   11.19 -0.1123    1.95    3.53   22.78   10.67    0.16     174
     T A B L E  I -   7.  W I N D  S T A T I S T I C A L  P A R A M E T E R S
                                      July
 STATION =   913660     KWAJLEIN MISSILE RANGE
    Z    MEAN U   SD  U  R(U,V)  MEAN V   SD  V MEAN WS  SD  WS SKEW WS    NOBS
    KM     M/S     M/S             M/S     M/S     M/S     M/S                 
  0.000    0.00    0.00  0.0000    0.00    0.00    0.00    0.00    0.00     100
  0.004   -4.33    2.89  0.1679   -0.69    2.25    5.33    2.08    0.40    1012
  0.500   -5.41    3.49  0.1748   -0.42    2.40    6.42    2.62    0.17    1018
  1.000   -6.07    3.89  0.1273   -0.04    2.47    7.05    3.00    0.19    1023
  1.500   -6.43    4.08  0.0718    0.29    2.55    7.34    3.29    0.45    1023
  2.000   -6.45    3.74  0.0551    0.40    2.30    7.32    3.00    0.30    1023
  2.500   -6.52    3.62  0.0604    0.51    2.30    7.36    2.94    0.29    1023
  3.000   -6.63    3.68  0.0701    0.61    2.48    7.43    3.07    0.28    1023
  3.500   -6.66    3.54  0.0817    0.64    2.45    7.46    2.97    0.25    1023
  4.000   -6.64    3.33  0.0790    0.65    2.38    7.48    2.80    0.19    1023
  4.500   -6.62    3.25  0.0639    0.65    2.43    7.48    2.75    0.16    1023
  5.000   -6.55    3.31  0.0589    0.67    2.58    7.46    2.81    0.18    1023
  5.500   -6.42    3.50  0.0388    0.69    2.84    7.41    2.98    0.22    1023
  6.000   -6.20    3.74  0.0237    0.73    3.10    7.28    3.19    0.26    1022
  6.500   -5.72    3.59  0.0167    0.77    2.96    7.01    2.94    0.37    1021
  7.000   -5.16    3.67  0.0175    0.78    3.03    6.69    2.88    0.49    1021
  7.500   -4.60    4.03  0.0164    0.81    3.35    6.36    3.11    0.52    1021
  8.000   -4.05    4.07  0.0362    0.86    3.28    6.29    2.85    0.56    1007
  8.500   -3.46    4.19  0.0470    0.94    3.28    6.26    2.64    0.52    1006
  9.000   -2.86    4.49  0.0506    1.00    3.48    6.20    2.74    0.48    1006
  9.500   -2.29    4.94  0.0399    1.07    3.85    6.18    3.03    0.48    1006
 10.000   -1.77    5.22  0.0315    1.38    4.00    6.43    3.06    0.60     994
 10.500   -1.28    5.51  0.0182    1.66    4.23    6.77    3.16    0.69     993
 11.000   -0.83    6.03 -0.0066    1.94    4.75    7.09    3.64    0.70     980
 11.500   -0.33    6.19  0.0265    1.94    4.82    7.46    3.68    0.88     976
 12.000    0.27    6.59  0.0274    1.96    5.20    7.85    4.08    0.93     976
 12.500    0.77    7.15  0.0232    1.96    5.79    8.23    4.69    0.88     957
 13.000    1.37    7.04  0.0782    1.76    5.61    8.53    4.44    0.92     952
 13.500    1.97    7.13  0.1165    1.54    5.71    8.81    4.45    0.87     952
 14.000    2.58    7.47  0.1258    1.33    6.13    9.10    4.80    0.76     952
 14.500    2.61    7.33  0.1447    1.20    5.98    9.13    4.66    0.68     894
 15.000    2.15    6.84  0.1676    1.22    5.27    8.92    4.18    0.71     891
 15.500    1.66    6.67  0.1971    1.20    4.94    8.69    3.99    0.83     889
 16.000    0.71    6.45  0.1876    1.05    4.48    8.14    3.67    0.85     888
 16.500   -0.44    6.55  0.1189    0.85    4.59    7.44    3.88    0.77     886
 17.000   -2.23    5.74  0.0831    0.93    3.97    7.84    3.52    0.74     779
 17.500   -4.38    4.76  0.1116    0.88    3.16    8.54    3.24    0.57     777
 18.000   -6.39    4.58  0.1070    0.85    2.81    9.25    3.67    0.45     777
 18.500   -8.42    5.21  0.0775    0.80    3.14   10.04    4.50    0.51     777
 19.000   -9.88    5.54  0.0576    0.83    3.06   10.86    4.91    0.46     753
 19.500  -10.82    5.61  0.0674    0.92    2.52   11.73    5.10    0.44     752
 20.000  -11.70    6.16  0.0699    1.00    2.41   12.52    5.71    0.46     752
 20.500  -12.55    7.02  0.0618    1.07    2.83   13.27    6.60    0.44     752
 21.000  -13.51    7.82  0.0436    1.08    3.03   14.20    7.38    0.42     708
 21.500  -14.40    7.94  0.0441    1.13    2.78   15.09    7.53    0.43     695
 22.000  -15.27    8.29  0.0336    1.22    2.57   15.94    7.90    0.44     694
 22.500  -16.11    8.85 -0.0011    1.33    2.52   16.78    8.48    0.42     693
 23.000  -16.90    9.64 -0.0329    1.47    2.63   17.56    9.25    0.37     690
 23.500  -17.69   10.55 -0.0529    1.60    2.93   18.35   10.13    0.30     688
 24.000  -18.05   11.43 -0.0547    1.69    3.32   18.72   10.98    0.29     643
 24.500  -18.58   11.42 -0.0823    1.77    2.97   19.30   10.95    0.29     607
 25.000  -19.15   11.48 -0.1228    1.86    2.86   19.91   11.01    0.24     605
 25.500  -19.76   11.71 -0.1370    1.96    3.00   20.55   11.19    0.17     604
 26.000  -20.34   12.00 -0.1113    2.04    3.37   21.13   11.49    0.09     599
 26.500  -20.86   12.50 -0.0850    2.07    3.84   21.67   11.92    0.01     585
 27.000  -21.49   12.56 -0.0762    2.22    3.56   22.28   11.99    0.04     287
 27.500  -21.37   11.73 -0.0919    2.20    3.54   22.18   11.24    0.10     271
 28.000  -21.30   10.85 -0.1218    2.28    3.49   22.11   10.44    0.12     266
 28.500  -21.32   10.06 -0.1110    2.33    3.48   22.11    9.75    0.14     258
 29.000  -21.39    9.63 -0.0827    2.39    3.65   22.19    9.39    0.15     248
 29.500  -21.83    9.51 -0.0609    2.50    3.86   22.64    9.30    0.19     241
 30.000  -22.09    9.67 -0.0368    2.77    4.07   22.93    9.49    0.29     220
     T A B L E  I -   8.  W I N D  S T A T I S T I C A L  P A R A M E T E R S
                                    August
 STATION =   913660     KWAJLEIN MISSILE RANGE
    Z    MEAN U   SD  U  R(U,V)  MEAN V   SD  V MEAN WS  SD  WS SKEW WS    NOBS
    KM     M/S     M/S             M/S     M/S     M/S     M/S                 
  0.000    0.00    0.00  0.0000    0.00    0.00    0.00    0.00    0.00     100
  0.004   -2.54    3.40  0.2360   -0.02    2.57    4.55    1.98    0.48    1009
  0.500   -3.09    4.06  0.2089    0.23    2.83    5.38    2.43    0.47    1024
  1.000   -3.64    4.55  0.1778    0.51    3.01    6.02    2.78    0.47    1025
  1.500   -4.12    4.81  0.1359    0.69    3.13    6.43    3.01    0.48    1025
  2.000   -4.55    4.51  0.1281    0.63    2.87    6.57    2.86    0.44    1027
  2.500   -5.00    4.38  0.1199    0.61    2.80    6.77    2.91    0.44    1027
  3.000   -5.45    4.41  0.1153    0.60    2.90    7.00    3.12    0.41    1027
  3.500   -5.78    4.27  0.1335    0.65    2.81    7.24    3.05    0.40    1027
  4.000   -6.09    4.07  0.1569    0.72    2.67    7.47    2.90    0.41    1027
  4.500   -6.42    3.98  0.1616    0.76    2.66    7.72    2.92    0.44    1027
  5.000   -6.68    3.92  0.1766    0.79    2.73    7.89    2.98    0.39    1027
  5.500   -6.90    3.99  0.1771    0.83    2.89    8.05    3.13    0.36    1026
  6.000   -6.96    4.11  0.1619    0.87    2.99    8.06    3.29    0.36    1023
  6.500   -6.72    3.93  0.1664    0.87    2.79    7.87    3.12    0.41    1023
  7.000   -6.46    3.94  0.1672    0.90    2.83    7.68    3.13    0.45    1023
  7.500   -6.18    4.17  0.1445    0.94    3.12    7.45    3.36    0.48    1021
  8.000   -5.93    4.15  0.1349    0.96    3.00    7.42    3.17    0.55    1005
  8.500   -5.65    4.22  0.1129    0.97    2.95    7.39    3.06    0.61    1005
  9.000   -5.33    4.46  0.0815    0.95    3.19    7.32    3.16    0.60    1005
  9.500   -5.07    4.84  0.0620    0.98    3.66    7.31    3.41    0.51    1005
 10.000   -4.83    5.09  0.0705    0.98    3.92    7.47    3.48    0.57     994
 10.500   -4.68    5.44  0.0718    0.96    4.27    7.78    3.64    0.63     994
 11.000   -4.51    6.02  0.0662    0.94    4.97    8.10    4.10    0.58     985
 11.500   -4.25    6.21  0.0847    0.59    5.28    8.50    4.07    0.73     983
 12.000   -3.96    6.70  0.0929    0.26    5.92    8.95    4.43    0.77     983
 12.500   -3.73    7.40  0.0890   -0.03    6.77    9.44    5.07    0.73     963
 13.000   -3.41    7.41  0.1312   -0.32    6.67    9.66    4.87    0.86     956
 13.500   -3.09    7.62  0.1601   -0.60    6.88    9.87    5.00    0.92     956
 14.000   -2.81    8.05  0.1666   -0.85    7.32   10.06    5.44    0.90     952
 14.500   -2.75    7.85  0.1784   -0.91    7.12    9.94    5.42    0.92     907
 15.000   -3.12    7.05  0.2054   -0.50    5.89    9.49    4.68    0.85     903
 15.500   -3.50    6.59  0.1900   -0.13    4.98    9.14    4.18    0.84     901
 16.000   -4.09    6.26  0.1596    0.28    4.24    8.81    3.96    0.92     898
 16.500   -4.74    6.46  0.1026    0.64    4.38    8.45    4.30    1.00     895
 17.000   -5.62    5.80  0.0834    0.85    3.90    8.82    3.94    0.90     764
 17.500   -6.80    4.88  0.0774    0.92    3.19    9.40    3.59    0.64     761
 18.000   -7.99    4.78  0.0942    1.04    3.02    9.98    3.96    0.46     760
 18.500   -9.24    5.42  0.1162    1.09    3.36   10.63    4.74    0.38     758
 19.000  -10.24    5.73  0.0927    1.21    3.32   11.33    5.11    0.43     731
 19.500  -11.10    5.93  0.0566    1.27    2.77   12.14    5.40    0.54     730
 20.000  -11.90    6.65  0.0134    1.33    2.60   12.87    6.14    0.52     729
 20.500  -12.66    7.78 -0.0257    1.43    3.00   13.58    7.21    0.44     729
 21.000  -13.70    8.75 -0.0320    1.46    3.29   14.59    8.15    0.40     689
 21.500  -14.71    9.08 -0.0593    1.60    3.06   15.62    8.48    0.38     678
 22.000  -15.53    9.45 -0.1006    1.72    2.85   16.44    8.86    0.35     674
 22.500  -16.42   10.05 -0.1312    1.80    2.86   17.33    9.46    0.31     672
 23.000  -17.27   10.80 -0.1377    1.88    3.06   18.19   10.18    0.26     671
 23.500  -18.09   11.63 -0.1503    2.00    3.38   19.02   10.97    0.19     668
 24.000  -18.84   12.53 -0.1519    2.08    3.79   19.79   11.82    0.14     638
 24.500  -19.22   12.20 -0.1655    2.23    3.42   20.23   11.47    0.09     601
 25.000  -19.40   11.96 -0.1587    2.43    3.25   20.49   11.16    0.06     598
 25.500  -19.55   12.07 -0.1223    2.59    3.33   20.73   11.17    0.08     597
 26.000  -19.58   12.46 -0.0855    2.71    3.69   20.86   11.42    0.10     593
 26.500  -19.60   13.11 -0.0474    2.83    4.11   21.00   11.90    0.10     568
 27.000  -18.43   13.16 -0.0202    2.05    4.05   19.94   11.84    0.31     264
 27.500  -18.60   12.58 -0.0395    1.97    3.90   20.07   11.39    0.33     257
 28.000  -18.93   12.19 -0.0275    1.99    4.04   20.40   11.10    0.31     256
 28.500  -19.43   11.95 -0.0391    1.95    4.10   20.86   10.94    0.28     248
 29.000  -20.00   11.84 -0.0688    2.17    4.04   21.35   10.98    0.26     234
 29.500  -20.70   11.98 -0.0746    2.26    4.27   21.97   11.28    0.23     231
 30.000  -21.64   12.27 -0.0976    2.43    4.54   22.89   11.58    0.17     217
     T A B L E  I -   9.  W I N D  S T A T I S T I C A L  P A R A M E T E R S
                                 September
 STATION =   913660     KWAJLEIN MISSILE RANGE
    Z    MEAN U   SD  U  R(U,V)  MEAN V   SD  V MEAN WS  SD  WS SKEW WS    NOBS
    KM     M/S     M/S             M/S     M/S     M/S     M/S                 
  0.000    0.00    0.00  0.0000    0.00    0.00    0.00    0.00    0.00     100
  0.004   -1.51    3.45  0.2460   -0.05    2.68    4.20    1.92    0.73     954
  0.500   -1.96    4.10  0.2301    0.18    3.02    4.97    2.44    0.97     970
  1.000   -2.36    4.57  0.1924    0.34    3.19    5.46    2.78    0.85     985
  1.500   -2.81    4.76  0.1551    0.40    3.33    5.76    2.94    0.66     985
  2.000   -3.17    4.49  0.1374    0.35    3.05    5.84    2.70    0.78     986
  2.500   -3.57    4.41  0.1221    0.34    2.96    5.97    2.72    0.86     986
  3.000   -3.98    4.46  0.0941    0.34    3.06    6.13    2.91    0.78     986
  3.500   -4.30    4.38  0.0928    0.38    3.04    6.32    2.92    0.71     986
  4.000   -4.59    4.29  0.1113    0.42    2.98    6.56    2.86    0.71     986
  4.500   -4.86    4.28  0.1259    0.44    3.05    6.78    2.90    0.66     986
  5.000   -5.11    4.32  0.1285    0.49    3.18    6.97    3.06    0.62     986
  5.500   -5.29    4.39  0.1413    0.59    3.37    7.10    3.24    0.57     986
  6.000   -5.37    4.53  0.1524    0.68    3.54    7.14    3.46    0.56     983
  6.500   -5.21    4.27  0.1737    0.71    3.38    7.06    3.18    0.58     981
  7.000   -5.05    4.19  0.1669    0.75    3.37    6.96    3.09    0.61     981
  7.500   -4.88    4.37  0.1412    0.79    3.67    6.85    3.30    0.68     981
  8.000   -4.66    4.31  0.1525    0.77    3.48    6.83    3.08    0.71     969
  8.500   -4.44    4.28  0.1567    0.75    3.41    6.81    2.96    0.67     969
  9.000   -4.24    4.49  0.1488    0.74    3.63    6.80    3.16    0.62     969
  9.500   -4.08    4.91  0.1235    0.73    4.06    6.85    3.52    0.58     969
 10.000   -3.90    5.31  0.1354    0.57    4.30    7.14    3.68    0.72     960
 10.500   -3.77    5.60  0.1445    0.36    4.58    7.41    3.85    0.82     960
 11.000   -3.71    6.14  0.1396    0.15    5.20    7.74    4.35    0.83     952
 11.500   -3.44    6.34  0.1588   -0.19    5.45    8.19    4.32    0.95     947
 12.000   -3.16    6.88  0.1574   -0.55    6.01    8.73    4.65    0.94     947
 12.500   -2.99    7.54  0.1485   -0.89    6.76    9.27    5.18    0.81     931
 13.000   -2.69    7.63  0.1950   -0.83    6.61    9.58    4.99    0.98     929
 13.500   -2.45    7.96  0.2191   -0.76    6.82    9.87    5.19    1.04     929
 14.000   -2.23    8.53  0.2180   -0.67    7.38   10.19    5.73    0.98     928
 14.500   -2.30    8.57  0.2296   -0.46    7.16   10.25    5.74    1.01     888
 15.000   -2.57    8.01  0.2277   -0.20    6.10    9.90    5.16    1.16     887
 15.500   -3.03    7.68  0.2006    0.07    5.35    9.57    4.81    1.16     882
 16.000   -3.73    6.83  0.1577    0.26    4.52    9.01    4.24    0.91     878
 16.500   -4.48    6.72  0.0976    0.48    4.48    8.44    4.47    0.87     874
 17.000   -4.89    5.89  0.0839    0.69    3.89    8.35    4.00    0.78     749
 17.500   -5.61    5.11  0.0488    0.78    3.16    8.56    3.67    0.64     747
 18.000   -6.29    5.09  0.0287    0.80    3.05    8.74    3.99    0.59     747
 18.500   -7.01    5.86  0.0345    0.77    3.47    8.99    4.74    0.67     747
 19.000   -7.88    6.26  0.0206    0.80    3.22    9.60    5.07    0.62     727
 19.500   -8.77    6.60  0.0030    0.98    2.63   10.48    5.44    0.62     727
 20.000   -9.67    7.54 -0.0072    1.13    2.58   11.35    6.34    0.63     724
 20.500  -10.55    8.77 -0.0113    1.29    3.08   12.17    7.49    0.59     722
 21.000  -11.64    9.71  0.0119    1.43    3.11   13.22    8.35    0.52     705
 21.500  -12.80    9.97 -0.0119    1.49    2.83   14.33    8.66    0.41     696
 22.000  -13.78   10.25 -0.0395    1.50    2.62   15.25    9.01    0.33     696
 22.500  -14.71   10.66 -0.0808    1.54    2.60   16.11    9.47    0.25     696
 23.000  -15.55   11.20 -0.1034    1.55    2.79   16.91   10.03    0.17     695
 23.500  -16.34   11.91 -0.1153    1.60    3.16   17.65   10.74    0.14     693
 24.000  -16.97   12.71 -0.1143    1.61    3.49   18.28   11.46    0.11     652
 24.500  -17.05   12.07 -0.1367    1.80    3.09   18.47   10.87    0.11     630
 25.000  -17.03   11.71 -0.1491    1.98    2.96   18.57   10.48    0.17     627
 25.500  -17.00   11.80 -0.1205    2.15    3.22   18.65   10.48    0.27     624
 26.000  -16.97   12.36 -0.0729    2.36    3.71   18.75   10.89    0.35     622
 26.500  -16.14   13.01 -0.0253    2.46    4.11   18.12   11.27    0.46     566
 27.000  -15.58   13.01 -0.0504    2.00    3.75   17.61   11.22    0.53     250
 27.500  -15.74   12.68 -0.0624    1.95    3.59   17.78   11.02    0.57     242
 28.000  -15.94   12.39 -0.0687    1.95    3.52   17.91   10.95    0.57     236
 28.500  -16.54   12.17 -0.0514    1.94    3.66   18.47   10.85    0.55     228
 29.000  -16.79   12.27 -0.0493    1.97    3.89   18.74   11.01    0.52     224
 29.500  -17.56   12.38 -0.0315    1.97    4.19   19.47   11.11    0.44     219
 30.000  -18.10   12.55 -0.0157    2.08    4.56   19.96   11.33    0.35     213
     T A B L E  I -  10.  W I N D  S T A T I S T I C A L  P A R A M E T E R S
                                   October
 STATION =   913660     KWAJLEIN MISSILE RANGE
    Z    MEAN U   SD  U  R(U,V)  MEAN V   SD  V MEAN WS  SD  WS SKEW WS    NOBS
    KM     M/S     M/S             M/S     M/S     M/S     M/S                 
  0.000    0.00    0.00  0.0000    0.00    0.00    0.00    0.00    0.00     100
  0.004   -2.50    3.48  0.2746   -0.21    2.88    4.70    2.13    0.65     985
  0.500   -2.95    4.05  0.2970    0.05    3.20    5.44    2.58    0.70     993
  1.000   -3.37    4.54  0.2882    0.33    3.39    5.97    2.96    0.80     998
  1.500   -3.66    4.85  0.2681    0.55    3.53    6.28    3.21    0.97     998
  2.000   -3.83    4.57  0.2601    0.59    3.33    6.29    3.00    0.94     999
  2.500   -4.01    4.46  0.2383    0.60    3.25    6.33    2.93    0.87     999
  3.000   -4.17    4.49  0.2125    0.59    3.38    6.40    3.03    0.75     999
  3.500   -4.25    4.34  0.2265    0.56    3.32    6.44    2.95    0.69     999
  4.000   -4.33    4.17  0.2397    0.56    3.27    6.53    2.86    0.71     999
  4.500   -4.39    4.13  0.2466    0.56    3.34    6.59    2.91    0.68     999
  5.000   -4.40    4.15  0.2398    0.59    3.50    6.61    3.03    0.69     999
  5.500   -4.37    4.27  0.2255    0.62    3.71    6.61    3.19    0.69     999
  6.000   -4.29    4.40  0.2108    0.65    3.91    6.56    3.35    0.65     993
  6.500   -4.06    4.25  0.1961    0.69    3.69    6.46    3.14    0.73     993
  7.000   -3.77    4.31  0.1735    0.73    3.69    6.35    3.12    0.76     993
  7.500   -3.48    4.60  0.1318    0.77    3.89    6.22    3.33    0.74     993
  8.000   -3.24    4.56  0.1126    0.77    3.76    6.30    3.11    0.84     975
  8.500   -2.94    4.57  0.0980    0.78    3.73    6.37    2.96    0.99     975
  9.000   -2.63    4.79  0.0796    0.77    3.91    6.39    3.08    1.04     975
  9.500   -2.32    5.20  0.0751    0.78    4.32    6.49    3.39    1.00     975
 10.000   -1.93    5.47  0.0770    0.75    4.49    6.73    3.43    1.01     961
 10.500   -1.58    5.88  0.0519    0.69    4.73    7.12    3.57    0.94     961
 11.000   -1.28    6.48  0.0233    0.62    5.32    7.52    4.00    0.83     955
 11.500   -0.80    6.69  0.0256    0.34    5.58    8.06    3.95    0.87     949
 12.000   -0.33    7.19  0.0225    0.09    6.15    8.67    4.30    0.82     949
 12.500    0.17    7.88  0.0177   -0.14    6.89    9.28    4.93    0.77     935
 13.000    0.41    7.99  0.0539   -0.28    6.75    9.71    4.80    0.87     934
 13.500    0.63    8.35  0.0852   -0.43    6.92   10.11    4.99    0.92     934
 14.000    0.85    8.94  0.1003   -0.52    7.29   10.43    5.48    0.93     933
 14.500    0.58    9.10  0.0882   -0.54    7.07   10.56    5.50    0.95     882
 15.000   -0.32    8.72  0.0682   -0.41    6.00   10.26    5.05    1.09     878
 15.500   -1.27    8.49  0.0472   -0.38    5.32    9.94    4.96    1.30     874
 16.000   -2.53    8.12  0.0629   -0.44    4.67    9.38    5.04    1.54     870
 16.500   -3.83    8.09  0.0506   -0.48    4.73    8.80    5.59    1.70     867
 17.000   -4.20    6.97  0.0503   -0.40    4.19    8.59    4.87    1.55     735
 17.500   -4.61    5.72  0.0471   -0.19    3.37    8.43    3.99    1.15     732
 18.000   -4.91    5.37  0.0551    0.10    3.00    8.19    3.78    0.70     730
 18.500   -5.25    6.11  0.0389    0.41    3.20    8.06    4.27    0.65     728
 19.000   -5.95    6.68  0.0386    0.62    3.07    8.55    4.75    0.73     708
 19.500   -6.91    7.15  0.0456    0.68    2.63    9.42    5.29    0.81     708
 20.000   -7.81    7.93  0.0464    0.75    2.63   10.23    6.08    0.72     707
 20.500   -8.69    8.98  0.0602    0.86    3.15   11.00    7.06    0.59     707
 21.000   -9.65    9.72  0.0678    0.98    3.22   11.99    7.71    0.54     674
 21.500  -10.55    9.85  0.0151    1.10    2.93   12.90    7.84    0.50     667
 22.000  -11.29   10.06 -0.0360    1.11    2.78   13.64    8.05    0.46     666
 22.500  -11.99   10.47 -0.0593    1.11    2.82   14.35    8.38    0.39     664
 23.000  -12.60   11.08 -0.0886    1.14    2.94   14.97    8.90    0.37     662
 23.500  -13.24   11.95 -0.1149    1.20    3.23   15.61    9.62    0.34     659
 24.000  -13.65   12.69 -0.1357    1.28    3.50   16.12   10.19    0.31     617
 24.500  -13.57   12.16 -0.1549    1.41    3.14   16.18    9.66    0.35     604
 25.000  -13.49   12.06 -0.1568    1.54    3.10   16.32    9.42    0.44     602
 25.500  -13.40   12.34 -0.1467    1.61    3.35   16.40    9.59    0.56     600
 26.000  -13.30   13.11 -0.1242    1.71    3.79   16.45   10.25    0.64     599
 26.500  -11.86   13.80 -0.1357    1.75    4.39   15.62   10.59    0.76     500
 27.000  -10.50   13.75 -0.1439    1.27    4.37   14.97   10.11    0.78     242
 27.500  -10.15   13.78 -0.0719    1.51    3.94   15.16    9.67    0.79     224
 28.000  -10.37   13.86 -0.0845    1.58    3.66   15.51    9.55    0.72     219
 28.500  -10.93   14.05 -0.0690    1.73    3.61   16.16    9.50    0.64     208
 29.000  -11.43   14.21 -0.0821    1.86    3.70   16.65    9.54    0.60     201
 29.500  -11.45   14.31 -0.1146    1.89    4.03   16.81    9.49    0.57     196
 30.000  -12.38   14.10 -0.1191    2.05    4.37   17.21    9.69    0.50     179
     T A B L E  I -  11.  W I N D  S T A T I S T I C A L  P A R A M E T E R S
                                  November
 STATION =   913660     KWAJLEIN MISSILE RANGE
    Z    MEAN U   SD  U  R(U,V)  MEAN V   SD  V MEAN WS  SD  WS SKEW WS    NOBS
    KM     M/S     M/S             M/S     M/S     M/S     M/S                 
  0.000    0.00    0.00  0.0000    0.00    0.00    0.00    0.00    0.00     100
  0.004   -4.68    3.32  0.2826   -1.20    2.99    6.01    2.68    0.25     905
  0.500   -5.57    3.98  0.2554   -0.85    3.30    7.04    3.14    0.26     909
  1.000   -6.04    4.50  0.2075   -0.42    3.39    7.56    3.49    0.32     912
  1.500   -6.11    4.94  0.1524   -0.03    3.45    7.72    3.76    0.43     912
  2.000   -5.92    4.75  0.1333    0.08    3.18    7.55    3.53    0.50     912
  2.500   -5.71    4.72  0.1306    0.20    3.14    7.39    3.48    0.60     912
  3.000   -5.51    4.83  0.1107    0.27    3.30    7.24    3.60    0.66     912
  3.500   -5.45    4.80  0.1178    0.26    3.30    7.27    3.56    0.67     912
  4.000   -5.48    4.83  0.1578    0.24    3.25    7.39    3.55    0.66     912
  4.500   -5.50    5.01  0.1930    0.25    3.33    7.52    3.70    0.68     912
  5.000   -5.61    5.27  0.2164    0.24    3.51    7.70    3.97    0.70     911
  5.500   -5.77    5.72  0.2278    0.15    3.81    7.99    4.35    0.73     911
  6.000   -5.82    6.19  0.2374    0.02    4.09    8.21    4.73    0.74     909
  6.500   -5.58    6.24  0.2558   -0.14    4.09    8.32    4.61    0.83     909
  7.000   -5.23    6.50  0.2616   -0.28    4.26    8.35    4.69    0.92     908
  7.500   -4.86    7.00  0.2613   -0.38    4.64    8.34    5.09    0.95     908
  8.000   -4.12    6.80  0.2493   -0.24    4.56    8.24    4.62    0.91     894
  8.500   -3.20    6.59  0.2438   -0.03    4.52    8.08    4.14    0.89     894
  9.000   -2.27    6.67  0.2230    0.18    4.69    7.90    4.05    0.87     894
  9.500   -1.36    6.97  0.1950    0.42    5.03    7.82    4.22    0.83     894
 10.000   -0.41    7.15  0.1808    0.79    5.23    8.07    4.24    0.91     883
 10.500    0.30    7.40  0.1489    1.01    5.43    8.44    4.40    0.95     883
 11.000    0.96    8.00  0.1082    1.23    6.01    8.88    4.92    0.88     878
 11.500    1.37    8.04  0.0746    1.36    5.96    9.28    4.71    0.90     875
 12.000    1.86    8.48  0.0273    1.44    6.32    9.86    4.93    0.79     875
 12.500    2.29    9.05 -0.0203    1.46    6.85   10.38    5.41    0.65     862
 13.000    2.49    8.99  0.0066    1.03    6.42   10.52    5.10    0.69     857
 13.500    2.62    9.13  0.0225    0.62    6.31   10.64    5.09    0.68     857
 14.000    2.74    9.48  0.0436    0.23    6.47   10.72    5.39    0.62     856
 14.500    2.33    9.51  0.0471   -0.14    6.24   10.73    5.30    0.58     825
 15.000    0.93    9.14  0.0622   -0.43    5.54   10.53    4.85    0.66     825
 15.500   -0.46    9.05  0.0814   -0.72    5.14   10.40    4.80    1.00     819
 16.000   -2.12    8.74  0.1026   -1.08    4.75   10.03    4.95    1.40     814
 16.500   -3.81    8.66  0.0962   -1.32    5.04    9.60    5.57    1.38     813
 17.000   -3.99    7.57  0.0781   -1.15    4.55    9.11    4.87    1.27     698
 17.500   -4.44    6.75  0.0126   -0.95    3.76    9.03    4.18    1.00     693
 18.000   -4.79    6.54 -0.0800   -0.69    3.49    8.87    4.05    0.73     692
 18.500   -5.21    7.02 -0.1119   -0.50    3.83    8.86    4.40    0.63     692
 19.000   -5.73    7.35 -0.1132   -0.21    3.53    9.35    4.43    0.51     677
 19.500   -6.24    7.89 -0.1325    0.15    3.08   10.06    4.69    0.52     677
 20.000   -6.74    8.81 -0.1349    0.49    3.13   10.75    5.41    0.58     675
 20.500   -7.17    9.98 -0.0985    0.81    3.61   11.30    6.41    0.56     674
 21.000   -7.84   10.60 -0.1018    0.95    3.49   11.95    7.04    0.58     653
 21.500   -8.51   10.28 -0.1235    0.92    3.23   12.51    6.82    0.54     645
 22.000   -9.10   10.26 -0.1285    0.86    3.11   13.00    6.88    0.51     644
 22.500   -9.70   10.60 -0.1454    0.82    3.16   13.55    7.24    0.47     644
 23.000  -10.24   11.21 -0.1616    0.84    3.30   14.05    7.79    0.44     643
 23.500  -10.79   12.12 -0.1525    0.88    3.64   14.57    8.58    0.41     642
 24.000  -10.60   12.57 -0.1313    0.92    3.85   14.69    8.76    0.41     588
 24.500   -9.96   12.04 -0.1103    1.08    3.37   14.68    7.95    0.53     575
 25.000   -9.35   12.11 -0.0840    1.25    3.19   14.66    7.69    0.75     571
 25.500   -8.69   12.91 -0.0523    1.44    3.29   14.74    7.93    0.88     570
 26.000   -8.08   14.02 -0.0305    1.63    3.66   14.82    8.50    0.87     567
 26.500   -5.55   15.02 -0.0100    1.82    4.01   14.20    8.86    0.93     440
 27.000   -5.39   14.52 -0.0401    1.75    3.90   14.27    8.40    0.74     224
 27.500   -4.60   14.40 -0.0319    1.72    3.67   14.61    7.70    0.71     211
 28.000   -4.66   14.34 -0.0695    1.51    3.69   15.08    7.22    0.53     202
 28.500   -4.86   14.13 -0.1053    1.59    3.70   15.28    6.94    0.43     192
 29.000   -5.84   13.87 -0.0534    1.86    3.80   15.55    7.03    0.42     172
 29.500   -6.16   13.81 -0.0288    1.93    4.04   15.58    7.06    0.41     166
 30.000   -6.33   13.28  0.0105    1.96    4.42   15.11    7.05    0.56     151
     T A B L E  I -  12.  W I N D  S T A T I S T I C A L  P A R A M E T E R S
                                  December
 STATION =   913660     KWAJLEIN MISSILE RANGE
    Z    MEAN U   SD  U  R(U,V)  MEAN V   SD  V MEAN WS  SD  WS SKEW WS    NOBS
    KM     M/S     M/S             M/S     M/S     M/S     M/S                 
  0.000    0.00    0.00  0.0000    0.00    0.00    0.00    0.00    0.00     100
  0.004   -7.18    2.80  0.2498   -3.04    2.59    8.29    2.57    0.21     936
  0.500   -8.90    3.34  0.1866   -2.83    2.98    9.95    3.06    0.47     936
  1.000   -9.69    3.85  0.1630   -2.08    3.19   10.61    3.45    0.59     937
  1.500   -9.69    4.33  0.1237   -1.15    3.37   10.52    3.85    0.65     937
  2.000   -9.01    4.14  0.0713   -0.69    3.10    9.88    3.61    0.79     938
  2.500   -8.31    4.23  0.0222   -0.32    3.11    9.24    3.69    0.74     938
  3.000   -7.72    4.60  0.0392   -0.02    3.30    8.72    4.06    0.65     938
  3.500   -7.71    4.73  0.0441    0.00    3.36    8.81    4.18    0.72     938
  4.000   -8.00    4.82  0.0537   -0.01    3.38    9.19    4.22    0.64     938
  4.500   -8.41    5.06  0.0698    0.01    3.57    9.69    4.36    0.48     938
  5.000   -8.98    5.49  0.0846   -0.08    3.83   10.34    4.69    0.39     938
  5.500   -9.54    6.10  0.1048   -0.26    4.18   11.02    5.20    0.34     938
  6.000   -9.94    6.71  0.1166   -0.42    4.54   11.52    5.72    0.29     935
  6.500   -9.84    6.67  0.0844   -0.51    4.37   11.59    5.49    0.32     934
  7.000   -9.62    6.83  0.0635   -0.61    4.38   11.55    5.47    0.39     934
  7.500   -9.34    7.30  0.0758   -0.76    4.77   11.46    5.80    0.43     934
  8.000   -8.54    7.16  0.0720   -0.63    4.66   11.04    5.40    0.50     921
  8.500   -7.51    6.97  0.0628   -0.41    4.47   10.42    4.94    0.63     921
  9.000   -6.45    7.03  0.0513   -0.18    4.53    9.75    4.84    0.74     921
  9.500   -5.42    7.25  0.0468    0.07    4.80    9.14    4.91    0.73     921
 10.000   -4.22    7.24  0.0202    0.52    4.76    8.66    4.66    0.82     911
 10.500   -3.40    7.27  0.0259    1.07    4.79    8.54    4.51    0.81     910
 11.000   -2.70    7.58  0.0352    1.57    5.31    8.49    4.88    0.78     907
 11.500   -2.40    7.57 -0.0064    1.89    5.18    8.72    4.64    0.84     903
 12.000   -1.96    7.88 -0.0373    2.25    5.41    9.04    4.81    0.83     903
 12.500   -1.54    8.37 -0.0681    2.59    5.94    9.33    5.28    0.81     894
 13.000   -1.69    8.07 -0.0968    2.28    5.71    9.40    4.91    0.87     886
 13.500   -1.88    7.93 -0.1231    1.96    5.78    9.41    4.84    0.93     886
 14.000   -2.08    8.07 -0.1454    1.63    6.20    9.43    5.13    0.97     886
 14.500   -2.52    7.96 -0.1553    1.14    6.31    9.48    5.20    0.99     850
 15.000   -3.61    7.53 -0.1369    0.74    5.70    9.65    4.99    1.03     848
 15.500   -4.75    7.27 -0.0851    0.37    5.42    9.87    4.97    0.89     843
 16.000   -6.11    7.16 -0.0661    0.03    5.12   10.31    5.06    0.94     836
 16.500   -7.53    7.42 -0.0423   -0.32    5.48   10.76    5.67    1.00     831
 17.000   -8.04    6.64 -0.0589   -0.11    4.86   10.85    5.05    0.93     740
 17.500   -8.36    6.17 -0.0724    0.20    4.23   11.05    4.69    1.10     736
 18.000   -8.44    6.49 -0.0742    0.65    3.94   11.02    4.91    0.72     734
 18.500   -8.44    7.48 -0.0980    1.09    4.29   10.99    5.65    0.53     730
 19.000   -7.80    7.82 -0.1117    1.30    4.07   10.99    5.50    0.42     705
 19.500   -6.95    8.11 -0.1232    1.49    3.57   11.04    5.12    0.38     705
 20.000   -6.15    9.01 -0.1302    1.76    3.56   11.12    5.37    0.43     700
 20.500   -5.26   10.31 -0.0997    1.94    4.05   11.11    6.10    0.46     697
 21.000   -5.44   11.07 -0.0971    2.08    3.92   11.63    6.67    0.57     662
 21.500   -5.76   10.81 -0.1415    2.09    3.59   12.08    6.47    0.75     657
 22.000   -6.02   10.71 -0.1797    2.09    3.39   12.39    6.40    0.83     657
 22.500   -6.23   10.88 -0.1882    2.11    3.37   12.65    6.45    0.80     657
 23.000   -6.35   11.45 -0.1990    2.15    3.56   12.84    6.82    0.79     656
 23.500   -6.39   12.46 -0.1893    2.14    3.93   13.02    7.63    0.81     656
 24.000   -6.20   12.91 -0.1867    2.21    4.01   13.14    7.85    0.69     600
 24.500   -5.47   12.95 -0.2021    2.27    3.67   13.90    6.86    0.49     584
 25.000   -4.89   13.66 -0.1950    2.41    3.69   14.74    6.44    0.35     580
 25.500   -4.35   14.92 -0.1758    2.49    4.03   15.54    6.64    0.25     579
 26.000   -4.08   16.26 -0.1718    2.54    4.43   16.32    7.16    0.15     574
 26.500   -2.53   17.29 -0.1663    2.75    4.86   16.95    7.36    0.07     357
 27.000   -0.05   17.35 -0.1003    2.25    4.54   17.70    6.35   -0.09     200
 27.500    1.00   17.50 -0.0920    2.27    4.41   18.35    6.37    0.17     193
 28.000    1.90   17.41 -0.0432    2.24    4.51   18.70    6.42    0.32     187
 28.500    3.03   17.20 -0.0413    2.26    4.67   18.88    6.67    0.49     174
 29.000    2.78   16.70 -0.0235    2.29    4.93   18.68    6.43    0.45     159
 29.500    3.74   16.63 -0.0642    2.37    5.40   18.90    6.16    0.32     149
 30.000    3.15   16.28 -0.0242    2.72    5.51   18.47    5.86    0.09     129
     T A B L E  I -  13.  W I N D  S T A T I S T I C A L  P A R A M E T E R S
                                    Annual
 STATION =   913660     KWAJLEIN MISSILE RANGE
    Z    MEAN U   SD  U  R(U,V)  MEAN V   SD  V MEAN WS  SD  WS SKEW WS    NOBS
    KM     M/S     M/S             M/S     M/S     M/S     M/S                 
  0.000    0.00    0.00  0.0000    0.00    0.00    0.00    0.00    0.00     100
  0.004   -5.22    3.43  0.4275   -1.78    2.79    6.54    2.69    0.26   11744
  0.500   -6.41    4.12  0.4171   -1.51    3.02    7.77    3.18    0.13   11805
  1.000   -6.95    4.53  0.3397   -0.93    3.04    8.26    3.46    0.18   11842
  1.500   -6.98    4.73  0.2222   -0.28    3.09    8.23    3.64    0.35   11842
  2.000   -6.54    4.34  0.1649   -0.02    2.80    7.81    3.29    0.45   11847
  2.500   -6.09    4.25  0.1155    0.18    2.75    7.44    3.20    0.56   11847
  3.000   -5.70    4.45  0.0879    0.34    2.93    7.13    3.36    0.63   11847
  3.500   -5.57    4.44  0.0851    0.37    2.90    7.09    3.34    0.68   11842
  4.000   -5.59    4.41  0.0920    0.36    2.83    7.20    3.30    0.74   11842
  4.500   -5.64    4.57  0.0947    0.34    2.93    7.35    3.45    0.77   11842
  5.000   -5.73    4.87  0.0950    0.33    3.11    7.51    3.73    0.85   11841
  5.500   -5.80    5.32  0.0901    0.30    3.38    7.70    4.11    0.93   11840
  6.000   -5.79    5.80  0.0888    0.24    3.69    7.84    4.52    0.95   11796
  6.500   -5.57    5.79  0.0928    0.16    3.58    7.90    4.32    1.02   11784
  7.000   -5.28    6.00  0.0993    0.07    3.72    7.94    4.34    1.04   11783
  7.500   -4.97    6.47  0.1055   -0.01    4.18    7.95    4.68    1.01   11778
  8.000   -4.45    6.43  0.1044    0.06    4.07    7.93    4.35    1.01   11610
  8.500   -3.75    6.40  0.0997    0.19    3.96    7.86    3.98    0.98   11608
  9.000   -3.06    6.57  0.0875    0.33    4.13    7.75    3.95    0.94   11604
  9.500   -2.38    6.91  0.0768    0.49    4.52    7.70    4.15    0.92   11604
 10.000   -1.67    7.14  0.0739    0.82    4.68    7.88    4.19    1.03   11453
 10.500   -1.13    7.39  0.0644    1.20    4.90    8.20    4.31    1.06   11451
 11.000   -0.65    7.87  0.0485    1.55    5.53    8.54    4.77    0.98   11360
 11.500   -0.31    7.98  0.0414    1.68    5.59    8.97    4.68    1.04   11287
 12.000    0.13    8.40  0.0174    1.83    6.03    9.50    4.98    0.99   11285
 12.500    0.51    8.95 -0.0083    1.99    6.74   10.00    5.52    0.88   11133
 13.000    0.67    8.97 -0.0146    1.70    6.51   10.24    5.34    0.98   11062
 13.500    0.83    9.19 -0.0278    1.39    6.59   10.46    5.44    1.00   11061
 14.000    0.98    9.61 -0.0454    1.10    6.97   10.66    5.84    0.94   11052
 14.500    0.70    9.62 -0.0621    0.81    6.86   10.66    5.83    0.94   10531
 15.000   -0.04    9.27 -0.0808    0.55    6.01   10.48    5.38    1.04   10516
 15.500   -0.82    9.13 -0.0933    0.31    5.52   10.32    5.19    1.14   10470
 16.000   -1.86    8.91 -0.0917    0.07    5.11   10.04    5.08    1.12   10427
 16.500   -2.98    9.02 -0.0762   -0.16    5.31    9.71    5.50    1.06   10386
 17.000   -3.53    8.05 -0.0878   -0.14    4.76    9.50    4.88    1.00    8989
 17.500   -4.16    6.93 -0.1176    0.02    3.92    9.30    4.18    0.91    8945
 18.000   -4.69    6.57 -0.1306    0.21    3.56    9.04    4.17    0.79    8932
 18.500   -5.23    7.13 -0.1095    0.39    3.86    8.88    4.77    0.82    8918
 19.000   -5.57    7.43 -0.1055    0.52    3.64    9.18    4.83    0.77    8685
 19.500   -5.84    7.76 -0.1133    0.65    3.10    9.74    4.85    0.78    8682
 20.000   -6.13    8.60 -0.1005    0.79    3.02   10.28    5.39    0.81    8659
 20.500   -6.39    9.84 -0.0695    0.93    3.45   10.79    6.30    0.76    8650
 21.000   -7.00   10.56 -0.0601    1.00    3.49   11.50    6.86    0.78    8285
 21.500   -7.65   10.56 -0.0742    1.06    3.20   12.22    6.84    0.83    8171
 22.000   -8.25   10.78 -0.0866    1.09    3.03   12.86    7.02    0.85    8157
 22.500   -8.84   11.32 -0.0870    1.12    3.02   13.49    7.45    0.81    8150
 23.000   -9.39   12.13 -0.0856    1.17    3.19   14.09    8.11    0.73    8131
 23.500   -9.91   13.18 -0.0852    1.22    3.53   14.66    8.97    0.63    8110
 24.000  -10.33   13.95 -0.0838    1.29    3.75   15.13    9.61    0.59    7516
 24.500  -10.37   14.02 -0.0975    1.39    3.34   15.70    9.20    0.60    7265
 25.000  -10.51   14.39 -0.1097    1.52    3.20   16.29    9.07    0.56    7229
 25.500  -10.68   15.12 -0.1052    1.64    3.37   16.90    9.30    0.50    7208
 26.000  -10.87   15.93 -0.0975    1.75    3.75   17.40    9.76    0.41    7163
 26.500  -11.55   16.15 -0.0782    1.84    4.11   17.52   10.50    0.40    5770
 27.000  -10.13   16.25 -0.0617    1.62    3.94   17.18   10.03    0.52    2965
 27.500  -10.03   15.99 -0.0586    1.62    3.76   17.32    9.60    0.56    2830
 28.000  -10.14   15.81 -0.0655    1.63    3.72   17.54    9.30    0.55    2780
 28.500  -10.50   15.65 -0.0698    1.70    3.71   17.81    9.11    0.55    2669
 29.000  -10.94   15.50 -0.0675    1.85    3.80   18.01    9.11    0.55    2540
 29.500  -11.24   15.73 -0.0685    1.92    4.04   18.32    9.24    0.55    2472
 30.000  -11.78   15.83 -0.0732    2.05    4.30   18.58    9.50    0.56    2305
