      72391      34.12N  119.12W
     T A B L E  I -   1.  W I N D  S T A T I S T I C A L  P A R A M E T E R S
                                   January
 STATION =   723910     Pt. Mugu Naval Air Station, CA
    Z    MEAN U   SD  U  R(U,V)  MEAN V   SD  V MEAN WS  SD  WS SKEW WS    NOBS
    KM     M/S     M/S             M/S     M/S     M/S     M/S                 
  0.000    0.00    0.00  0.0000    0.00    0.00    0.00    0.00    0.00     100
  0.004   -0.44    4.58  0.2712   -0.98    2.97    3.96    3.91    1.32     823
  0.500   -1.29    6.36  0.4321   -1.59    3.84    6.04    5.11    1.32     827
  1.000   -0.71    7.01  0.3027   -1.47    3.91    6.52    5.27    1.22     828
  1.500    0.70    7.47  0.1288   -1.37    4.22    6.94    5.38    1.05     835
  2.000    2.38    7.84  0.0762   -1.58    4.62    8.02    5.53    0.93     845
  2.500    4.16    8.69  0.0648   -1.90    5.30    9.27    6.53    0.96     845
  3.000    5.84    9.69  0.0558   -2.07    6.16   10.48    7.89    0.98     846
  3.500    7.20   10.55  0.0508   -2.23    6.75   11.81    8.81    0.96     846
  4.000    8.43   11.52  0.0672   -2.38    7.41   13.21    9.76    0.85     846
  4.500    9.52   12.54  0.0834   -2.55    8.13   14.57   10.67    0.79     846
  5.000   10.65   13.85  0.0914   -2.71    8.97   16.01   11.90    0.79     845
  5.500   11.82   15.13  0.0993   -2.82    9.77   17.42   13.10    0.83     845
  6.000   12.93   16.25  0.1111   -2.92   10.29   18.77   14.06    0.85     844
  6.500   14.05   17.40  0.1277   -2.88   10.81   20.16   14.97    0.84     843
  7.000   15.16   18.64  0.1308   -2.96   11.54   21.58   16.02    0.84     842
  7.500   16.25   19.90  0.1307   -3.09   12.25   22.97   17.18    0.87     840
  8.000   17.52   21.18  0.1277   -3.22   12.86   24.55   18.32    0.97     839
  8.500   18.82   22.61  0.1159   -3.31   13.53   26.14   19.58    1.10     837
  9.000   20.07   23.82  0.1169   -3.51   14.27   27.58   20.73    1.10     834
  9.500   21.20   24.50  0.1215   -3.72   14.82   28.87   21.29    1.04     831
 10.000   22.69   25.02  0.1245   -3.95   15.18   30.34   21.73    1.01     830
 10.500   24.03   25.49  0.1405   -4.16   15.59   31.54   22.26    0.94     827
 11.000   25.43   24.85  0.1204   -4.50   15.14   32.44   21.64    0.79     822
 11.500   26.77   24.10  0.1009   -4.66   14.76   32.99   21.36    0.66     816
 12.000   27.77   23.46  0.0798   -4.72   14.39   33.28   21.11    0.61     812
 12.500   28.06   21.84  0.0938   -4.55   13.38   32.85   19.79    0.60     798
 13.000   27.99   20.50  0.1142   -4.37   12.64   32.28   18.66    0.59     796
 13.500   27.58   19.35  0.1225   -4.19   11.98   31.51   17.58    0.59     789
 14.000   26.41   17.82  0.1182   -4.09   11.38   30.00   16.26    0.44     760
 14.500   24.88   16.34  0.1190   -3.78   10.59   28.16   15.03    0.44     753
 15.000   23.41   15.06  0.1248   -3.25    9.79   26.34   13.92    0.42     738
 15.500   21.80   13.98  0.1366   -2.95    8.94   24.47   12.94    0.47     733
 16.000   20.01   12.96  0.1443   -2.73    8.22   22.41   12.06    0.47     719
 16.500   18.30   12.91  0.0052   -3.73    7.87   20.91   11.91    0.53     235
 17.000   17.63   11.21 -0.0753   -3.58    6.89   19.80   10.46    0.59     167
 17.500   15.54   10.50 -0.1317   -4.04    6.31   17.78    9.86    0.61     162
 18.000   12.48    9.05 -0.1252   -3.48    5.32   14.54    8.49    0.66     148
 18.500    9.77    8.17 -0.1114   -3.05    5.12   11.79    7.73    0.90     131
 19.000    8.36    7.10 -0.0386   -2.75    4.51   10.57    6.42    0.89     106
 19.500    6.64    6.59  0.0528   -2.57    3.99    9.20    5.63    0.82     101
 20.000    4.96    6.04 -0.0034   -2.20    3.26    7.63    4.94    1.00      95
 20.500    3.04    5.73  0.0741   -2.02    3.26    6.22    4.44    1.00      92
 21.000    2.00    5.99  0.1362   -2.04    3.14    6.26    4.29    1.10      79
 21.500    1.60    6.44  0.0524   -1.94    2.70    6.57    4.29    1.09      76
 22.000    1.02    6.87  0.0396   -1.83    2.46    6.70    4.58    1.11      73
 22.500    0.32    7.51  0.1121   -1.84    2.40    7.01    4.95    1.16      73
 23.000   -0.39    8.36  0.1393   -1.87    2.40    7.41    5.51    1.18      71
 23.500   -0.99    9.17  0.1686   -1.88    2.62    7.77    6.11    1.24      70
 24.000   -1.05    9.64  0.2429   -1.82    2.58    7.91    6.57    1.17      62
 24.500   -0.97    9.89  0.2846   -1.65    2.53    8.26    6.62    1.20      62
 25.000   -0.93   10.36  0.2973   -1.52    2.76    8.75    6.81    1.16      62
 25.500   -0.83   10.93  0.2828   -1.35    3.11    9.28    6.99    1.20      61
 26.000   -0.60   11.46  0.2449   -1.03    3.57    9.52    7.44    1.19      61
 26.500   -0.91   12.45  0.0175   -0.89    3.10   10.21    7.83    0.88      34
 27.000    1.06   12.74  0.2029   -1.42    3.03   10.65    7.92    1.05      32
 27.500    2.10   13.87  0.2142   -1.48    3.45   11.92    8.46    0.98      31
 28.000    2.87   15.14  0.2288   -1.52    3.69   13.11    9.19    0.98      31
 28.500    3.89   16.52  0.1968   -1.34    3.77   14.11   10.36    0.98      31
 29.000    4.83   17.98  0.1292   -1.01    3.94   15.22   11.52    1.03      31
 29.500    4.13   17.48 -0.1021   -0.95    3.51   14.79   10.83    0.88      30
 30.000    4.89   18.42 -0.0167   -1.00    3.60   15.61   11.45    0.85      30
     T A B L E  I -   2.  W I N D  S T A T I S T I C A L  P A R A M E T E R S
                                  February
 STATION =   723910     Pt. Mugu Naval Air Station, CA
    Z    MEAN U   SD  U  R(U,V)  MEAN V   SD  V MEAN WS  SD  WS SKEW WS    NOBS
    KM     M/S     M/S             M/S     M/S     M/S     M/S                 
  0.000    0.00    0.00  0.0000    0.00    0.00    0.00    0.00    0.00     100
  0.004    0.54    4.56  0.1328   -0.40    2.53    3.70    3.73    1.59     933
  0.500   -0.23    5.39  0.1681   -0.81    3.04    5.25    4.01    1.23     940
  1.000   -0.21    6.22  0.0751   -0.83    3.57    6.09    4.38    1.15     940
  1.500    0.62    7.05  0.0264   -1.00    4.30    6.74    5.01    1.10     947
  2.000    2.36    7.53  0.0338   -1.23    4.72    7.82    5.40    1.04     959
  2.500    4.28    8.28  0.0124   -1.45    5.38    9.14    6.24    0.86     959
  3.000    6.20    9.27  0.0254   -1.59    6.15   10.46    7.54    0.82     959
  3.500    7.85    9.94  0.0446   -1.56    6.78   11.99    8.30    0.76     959
  4.000    9.31   10.65  0.0870   -1.48    7.51   13.51    9.05    0.71     959
  4.500   10.76   11.47  0.1175   -1.47    8.28   15.03    9.90    0.69     959
  5.000   12.10   12.35  0.1353   -1.53    9.05   16.44   10.83    0.67     959
  5.500   13.55   13.29  0.1522   -1.61    9.88   17.92   11.88    0.65     959
  6.000   14.96   14.02  0.1777   -1.64   10.60   19.44   12.67    0.60     959
  6.500   16.33   14.96  0.1870   -1.63   11.27   21.00   13.54    0.61     958
  7.000   17.74   15.99  0.1976   -1.63   12.10   22.55   14.61    0.61     958
  7.500   19.16   16.94  0.2223   -1.58   12.95   24.12   15.64    0.59     957
  8.000   20.73   17.78  0.2355   -1.59   13.76   25.94   16.44    0.59     956
  8.500   22.33   18.92  0.2414   -1.58   14.71   27.82   17.52    0.57     954
  9.000   24.00   20.28  0.2380   -1.64   15.70   29.75   18.85    0.56     950
  9.500   25.82   21.48  0.2339   -1.76   16.41   31.65   20.05    0.53     944
 10.000   27.90   22.39  0.2348   -1.88   16.97   33.67   21.05    0.55     943
 10.500   29.93   23.16  0.2213   -1.92   17.55   35.54   21.98    0.58     938
 11.000   31.78   22.85  0.2020   -1.64   17.39   36.93   21.93    0.60     924
 11.500   33.12   22.30  0.1953   -1.71   17.15   37.92   21.49    0.60     923
 12.000   33.98   21.42  0.1824   -1.56   16.66   38.36   20.63    0.60     910
 12.500   33.85   19.83  0.1951   -1.43   15.53   37.88   18.89    0.61     900
 13.000   33.39   18.11  0.2022   -1.40   14.65   37.11   17.13    0.50     899
 13.500   32.48   16.39  0.2036   -1.22   13.98   35.89   15.49    0.34     893
 14.000   31.16   15.13  0.2060   -1.03   13.46   34.32   14.42    0.29     858
 14.500   29.36   14.11  0.2065   -0.69   12.32   32.26   13.41    0.33     847
 15.000   27.61   13.23  0.2006   -0.43   11.25   30.22   12.60    0.37     831
 15.500   25.69   12.12  0.1978   -0.31   10.26   28.04   11.57    0.35     819
 16.000   23.64   11.36  0.1846   -0.24    9.33   25.71   10.89    0.35     798
 16.500   21.05   11.19  0.2456   -0.65    9.01   23.17   10.78   -0.02     237
 17.000   19.62    9.82  0.3824   -0.33    7.88   21.54    9.28    0.12     190
 17.500   17.26    8.98  0.3950   -0.54    6.72   18.94    8.52    0.23     178
 18.000   15.04    9.04  0.4342   -0.76    5.96   16.71    8.41    0.33     169
 18.500   12.31    9.06  0.3267   -1.25    5.50   13.96    8.46    0.54     147
 19.000   11.82    8.52  0.3668   -1.25    5.01   13.61    7.66    0.24     111
 19.500   10.25    8.19  0.2840   -1.30    4.51   12.19    7.12    0.22     104
 20.000    8.33    8.48  0.2271   -1.22    3.93   10.78    6.89    0.44     101
 20.500    6.89    8.94  0.0467   -1.16    4.11    9.95    6.90    0.61      90
 21.000    5.98    9.16  0.0552   -1.12    3.88    9.94    6.32    0.30      76
 21.500    5.48    9.41  0.0874   -1.09    3.58   10.05    6.03    0.26      74
 22.000    4.82    9.61  0.1204   -1.09    3.40   10.02    5.77    0.32      73
 22.500    3.89   10.02  0.2287   -1.17    3.35   10.07    5.65    0.53      73
 23.000    3.27   10.43  0.2787   -1.25    3.36    9.93    6.12    0.61      72
 23.500    2.38   11.12  0.2876   -1.27    3.57    9.97    6.71    0.62      71
 24.000    1.47   11.50  0.3542   -1.11    3.87   10.14    6.95    0.65      65
 24.500    1.84   12.15  0.4388   -1.03    3.77   10.77    7.25    0.79      65
 25.000    2.09   12.99  0.5122   -0.95    3.85   11.34    7.95    0.89      64
 25.500    2.41   13.59  0.4525   -0.72    4.07   11.87    8.35    1.00      64
 26.000    2.76   14.28  0.4152   -0.68    4.48   12.41    8.87    1.04      63
 26.500    1.55   15.80  0.4413    0.06    4.06   12.99    9.82    1.05      35
 27.000    2.45   16.52  0.5173    0.28    4.02   14.09    9.90    1.01      34
 27.500    3.20   16.73  0.5263    0.33    4.44   14.60   10.08    1.00      34
 28.000    3.84   17.47  0.5622    0.29    4.79   15.48   10.46    0.98      33
 28.500    4.50   18.08  0.6136    0.04    5.34   16.24   10.92    0.91      33
 29.000    3.75   19.39  0.6750    0.61    5.70   17.13   11.69    0.86      31
 29.500    4.41   20.12  0.6408    0.76    6.20   17.99   11.99    0.83      31
 30.000    5.83   21.30  0.6105    1.03    6.95   19.61   12.32    0.75      29
     T A B L E  I -   3.  W I N D  S T A T I S T I C A L  P A R A M E T E R S
                                     March
 STATION =   723910     Pt. Mugu Naval Air Station, CA
    Z    MEAN U   SD  U  R(U,V)  MEAN V   SD  V MEAN WS  SD  WS SKEW WS    NOBS
    KM     M/S     M/S             M/S     M/S     M/S     M/S                 
  0.000    0.00    0.00  0.0000    0.00    0.00    0.00    0.00    0.00     100
  0.004    1.73    4.67 -0.0183    0.01    2.04    3.88    3.73    1.61    1068
  0.500    1.11    5.30  0.0265   -0.55    2.62    4.99    3.95    1.41    1075
  1.000    1.06    5.77 -0.0102   -0.92    3.10    5.63    4.12    1.26    1075
  1.500    1.53    6.59  0.0068   -1.26    3.73    6.34    4.68    1.16    1089
  2.000    3.07    6.80 -0.0226   -1.43    4.27    7.43    4.93    0.93    1106
  2.500    4.89    7.66 -0.0126   -1.57    5.14    8.95    5.93    0.87    1106
  3.000    6.69    8.60  0.0070   -1.67    6.13   10.38    7.29    0.82    1106
  3.500    8.37    9.40  0.0389   -1.71    6.73   11.97    8.21    0.87    1105
  4.000    9.99   10.35  0.0495   -1.66    7.35   13.57    9.20    0.90    1105
  4.500   11.50   11.42  0.0538   -1.63    8.09   15.16   10.30    0.93    1105
  5.000   13.06   12.61  0.0485   -1.62    8.87   16.77   11.56    0.94    1104
  5.500   14.66   13.90  0.0648   -1.59    9.63   18.42   12.86    0.95    1104
  6.000   16.18   14.96  0.1037   -1.42   10.33   20.12   13.86    0.94    1104
  6.500   17.69   16.05  0.1373   -1.20   11.09   21.84   14.89    0.96    1103
  7.000   19.15   17.19  0.1604   -0.97   11.96   23.51   16.00    0.97    1103
  7.500   20.56   17.97  0.1778   -0.82   12.70   25.06   16.80    0.91    1101
  8.000   22.10   18.70  0.1902   -0.80   13.34   26.77   17.49    0.83    1101
  8.500   23.63   19.56  0.2024   -0.76   14.06   28.44   18.34    0.75    1100
  9.000   25.31   20.44  0.2118   -0.68   14.91   30.20   19.29    0.68    1098
  9.500   26.93   21.11  0.2147   -0.72   15.49   31.84   20.01    0.63    1095
 10.000   28.67   21.58  0.2128   -0.73   15.84   33.50   20.54    0.59    1092
 10.500   30.22   22.20  0.2037   -0.79   16.27   35.00   21.20    0.62    1085
 11.000   31.78   22.04  0.1989   -0.62   16.11   36.33   21.06    0.60    1079
 11.500   33.18   21.64  0.2031   -0.50   16.00   37.49   20.69    0.61    1077
 12.000   34.34   21.13  0.1890   -0.40   15.75   38.34   20.17    0.60    1065
 12.500   34.49   19.50  0.1821   -0.05   14.73   37.98   18.75    0.56    1051
 13.000   34.09   17.96  0.1860    0.26   13.68   37.16   17.34    0.50    1048
 13.500   33.42   16.77  0.1847    0.60   12.78   36.14   16.17    0.50    1043
 14.000   32.21   15.84  0.1737    0.73   12.06   34.68   15.30    0.53    1021
 14.500   30.40   14.73  0.1748    0.84   11.24   32.74   14.23    0.55    1014
 15.000   28.47   13.76  0.1769    0.89   10.34   30.60   13.31    0.60    1004
 15.500   26.28   12.52  0.1690    0.84    9.53   28.26   12.12    0.62     994
 16.000   24.11   11.52  0.1649    0.93    8.72   25.92   11.11    0.58     981
 16.500   19.16   10.76  0.1803    0.31    7.44   20.99   10.01    0.52     281
 17.000   17.16    9.36  0.1271   -0.02    6.56   18.81    8.74    0.41     249
 17.500   14.63    8.48  0.1357    0.08    5.84   16.16    8.02    0.59     244
 18.000   12.32    7.74  0.1683    0.11    5.27   13.71    7.48    0.73     236
 18.500    9.67    7.37  0.1811    0.03    4.95   11.08    7.13    0.90     212
 19.000    7.69    6.61  0.2548    0.11    4.45    9.47    6.16    1.09     182
 19.500    5.69    6.20  0.2762   -0.05    3.91    8.00    5.34    1.32     174
 20.000    3.83    5.91  0.2599   -0.26    3.33    6.79    4.60    1.41     168
 20.500    2.00    5.72  0.1070   -0.75    2.70    5.44    4.19    1.13     161
 21.000    0.54    5.46  0.1720   -0.86    2.64    5.20    3.73    1.24     139
 21.500   -0.64    5.22  0.2187   -1.02    2.37    5.37    3.27    1.14     134
 22.000   -1.77    5.59  0.2954   -0.92    2.47    5.85    3.61    0.88     124
 22.500   -2.66    6.17  0.3384   -1.01    2.52    6.49    4.05    0.77     121
 23.000   -3.58    6.73  0.3546   -1.19    2.81    7.12    4.63    0.77     117
 23.500   -4.63    7.27  0.3286   -1.19    2.72    7.52    5.37    0.71     116
 24.000   -5.16    7.54  0.2589   -1.19    2.74    7.74    5.86    0.66     103
 24.500   -5.27    7.22  0.1892   -1.14    2.51    7.83    5.57    0.61     102
 25.000   -5.28    7.47  0.1534   -1.06    2.36    8.06    5.57    0.56     102
 25.500   -5.20    7.92  0.1986   -1.02    2.54    8.33    5.78    0.49     102
 26.000   -5.28    8.40  0.1602   -0.85    2.46    8.42    6.12    0.46     100
 26.500   -4.84    8.63 -0.0422   -0.51    2.53    7.98    6.38    0.56      52
 27.000   -3.79    9.27  0.0748   -0.43    2.51    8.36    6.26    0.71      47
 27.500   -3.06   10.25  0.0627   -0.47    2.65    9.19    6.43    0.81      47
 28.000   -2.35   11.34  0.0834   -0.57    3.03   10.12    6.74    0.86      47
 28.500   -1.10   12.52  0.0634   -0.62    3.54   11.16    7.09    0.91      45
 29.000   -0.17   13.34  0.1076   -0.57    3.65   11.88    7.37    0.92      45
 29.500    0.63   14.25  0.1331   -0.45    3.67   12.56    7.93    0.96      45
 30.000    1.71   15.48  0.1955   -0.35    3.75   13.57    8.68    0.90      43
     T A B L E  I -   4.  W I N D  S T A T I S T I C A L  P A R A M E T E R S
                                     April
 STATION =   723910     Pt. Mugu Naval Air Station, CA
    Z    MEAN U   SD  U  R(U,V)  MEAN V   SD  V MEAN WS  SD  WS SKEW WS    NOBS
    KM     M/S     M/S             M/S     M/S     M/S     M/S                 
  0.000    0.00    0.00  0.0000    0.00    0.00    0.00    0.00    0.00     100
  0.004    2.37    4.25  0.0435    0.09    1.82    3.73    3.62    1.59    1013
  0.500    1.58    4.36  0.0605   -0.39    2.10    4.31    3.30    1.70    1018
  1.000    1.25    4.68  0.0486   -0.86    2.45    4.68    3.42    1.45    1019
  1.500    1.47    5.58 -0.1114   -1.31    3.09    5.42    3.97    1.15    1043
  2.000    2.70    6.03 -0.1515   -1.41    3.68    6.60    4.35    1.05    1056
  2.500    4.04    6.95 -0.1238   -1.52    4.57    7.87    5.44    1.03    1056
  3.000    5.44    8.03 -0.0881   -1.63    5.58    9.11    6.84    1.00    1056
  3.500    6.83    8.71 -0.0393   -1.64    6.14   10.45    7.57    1.02    1059
  4.000    8.29    9.55 -0.0016   -1.60    6.77   11.92    8.46    1.03    1059
  4.500    9.65   10.53  0.0435   -1.51    7.47   13.37    9.43    1.09    1059
  5.000   10.96   11.49  0.0694   -1.46    8.22   14.78   10.38    1.08    1058
  5.500   12.32   12.56  0.0809   -1.44    9.01   16.26   11.41    1.06    1057
  6.000   13.65   13.30  0.1013   -1.46    9.59   17.68   12.12    1.00    1057
  6.500   14.87   14.03  0.1208   -1.49   10.19   19.04   12.84    0.96    1057
  7.000   16.05   14.92  0.1297   -1.49   10.90   20.36   13.76    0.95    1057
  7.500   17.32   15.73  0.1399   -1.53   11.54   21.72   14.58    0.91    1055
  8.000   18.50   16.46  0.1562   -1.56   12.09   23.11   15.23    0.94    1053
  8.500   19.74   17.27  0.1756   -1.54   12.69   24.51   15.97    0.94    1052
  9.000   21.03   18.19  0.1950   -1.57   13.31   25.92   16.84    0.92    1051
  9.500   22.19   18.87  0.2079   -1.56   13.82   27.18   17.46    0.86    1044
 10.000   23.51   19.27  0.2162   -1.45   14.13   28.48   17.84    0.81    1044
 10.500   24.89   19.93  0.2217   -1.33   14.54   29.81   18.51    0.79    1041
 11.000   26.21   19.86  0.2181   -1.19   14.50   30.90   18.51    0.75    1036
 11.500   27.27   19.58  0.2049   -0.97   14.31   31.58   18.44    0.74    1034
 12.000   28.10   19.11  0.1906   -0.73   14.08   32.00   18.22    0.68    1023
 12.500   28.50   17.70  0.1855   -0.42   13.41   32.02   16.96    0.59    1010
 13.000   28.53   16.45  0.1864    0.08   12.60   31.68   15.78    0.54    1007
 13.500   28.36   15.25  0.1754    0.63   11.81   31.12   14.66    0.45    1006
 14.000   27.59   14.28  0.1691    0.87   11.08   30.02   13.76    0.38     964
 14.500   26.16   13.15  0.1684    1.02   10.27   28.43   12.69    0.31     960
 15.000   24.50   12.08  0.1739    1.11    9.52   26.61   11.65    0.22     957
 15.500   22.80   10.99  0.1747    1.27    8.73   24.72   10.65    0.12     954
 16.000   21.07   10.26  0.1694    1.43    8.12   22.82    9.99    0.12     938
 16.500   18.39    9.03  0.1129   -0.52    7.03   19.87    8.74   -0.02     278
 17.000   18.26    6.95  0.1188   -0.30    6.48   19.57    6.83    0.05     216
 17.500   16.08    6.31  0.1761   -0.18    5.68   17.29    6.22    0.13     209
 18.000   13.87    5.84  0.1566   -0.12    5.16   15.00    5.78   -0.06     203
 18.500   11.30    5.69  0.1547    0.16    4.92   12.44    5.54   -0.02     188
 19.000    9.67    4.84  0.2516   -0.04    4.22   10.81    4.59    0.18     159
 19.500    7.89    4.64  0.2484   -0.28    3.59    9.16    4.11    0.20     155
 20.000    6.29    4.59  0.2409   -0.22    3.26    7.71    3.98    0.29     150
 20.500    4.81    4.67  0.1138   -0.26    2.96    6.30    3.99    0.59     144
 21.000    4.01    4.66  0.1333   -0.59    2.61    5.88    3.63    0.57     127
 21.500    3.58    4.58  0.1294   -0.50    2.26    5.70    3.38    0.85     121
 22.000    3.30    4.56  0.2080   -0.29    2.42    5.61    3.42    1.52     118
 22.500    2.91    4.94  0.2669   -0.13    2.64    5.72    3.61    1.74     114
 23.000    2.51    5.04  0.3943   -0.17    2.76    5.49    3.75    1.55     113
 23.500    1.92    5.51  0.2783   -0.05    2.95    5.35    4.02    1.25     113
 24.000    1.95    5.89  0.1499    0.23    3.15    5.55    4.33    1.21     107
 24.500    2.63    5.87  0.1137    0.30    2.86    6.15    3.97    1.13     107
 25.000    3.19    6.51  0.1693    0.40    3.03    7.05    4.19    1.06     106
 25.500    3.93    7.25  0.1428    0.54    2.95    7.79    4.66    0.91     106
 26.000    4.72    8.17  0.1282    0.60    3.11    8.63    5.28    0.76     106
 26.500    4.86    9.50  0.2016    0.91    3.91    9.83    5.74    0.20      65
 27.000    6.05   10.27  0.3538    0.79    3.98   11.25    5.70    0.04      42
 27.500    7.16   10.59  0.3813    0.50    3.65   12.13    5.67    0.15      42
 28.000    7.97   11.23  0.3652    0.50    4.09   13.02    6.28    0.06      41
 28.500    8.93   11.88  0.3787    0.46    4.12   13.99    6.68    0.17      41
 29.000    9.81   12.28  0.3936    0.41    3.73   14.62    7.16    0.27      41
 29.500   10.73   13.05  0.3769    0.39    3.76   15.51    7.91    0.19      41
 30.000   12.48   14.19  0.3504    0.63    4.15   17.53    8.26    0.12      37
     T A B L E  I -   5.  W I N D  S T A T I S T I C A L  P A R A M E T E R S
                                       May
 STATION =   723910     Pt. Mugu Naval Air Station, CA
    Z    MEAN U   SD  U  R(U,V)  MEAN V   SD  V MEAN WS  SD  WS SKEW WS    NOBS
    KM     M/S     M/S             M/S     M/S     M/S     M/S                 
  0.000    0.00    0.00  0.0000    0.00    0.00    0.00    0.00    0.00     100
  0.004    2.61    3.95 -0.0091    0.44    1.56    3.69    3.38    1.42     928
  0.500    1.92    3.63 -0.1956    0.05    1.57    3.86    2.80    1.44     934
  1.000    1.79    3.91 -0.1193   -0.60    1.92    4.20    2.93    1.26     934
  1.500    2.10    4.92 -0.1602   -1.31    2.60    4.97    3.63    1.19     960
  2.000    2.87    5.47 -0.1842   -1.49    3.00    6.04    3.98    1.28     966
  2.500    3.88    6.56 -0.1766   -1.58    3.70    7.20    5.05    1.24     966
  3.000    4.88    7.94 -0.1710   -1.61    4.54    8.42    6.36    1.20     967
  3.500    6.00    8.68 -0.1070   -1.57    4.95    9.59    7.06    1.25     967
  4.000    7.14    9.33 -0.0518   -1.50    5.45   10.71    7.78    1.25     967
  4.500    8.26   10.08 -0.0195   -1.44    6.11   11.84    8.64    1.26     967
  5.000    9.33   10.95 -0.0116   -1.44    6.89   13.00    9.60    1.28     966
  5.500   10.39   11.86 -0.0001   -1.46    7.72   14.17   10.58    1.26     966
  6.000   11.49   12.72  0.0092   -1.44    8.34   15.38   11.45    1.23     966
  6.500   12.60   13.62  0.0187   -1.40    8.83   16.65   12.25    1.21     966
  7.000   13.72   14.62  0.0372   -1.35    9.47   17.95   13.18    1.16     965
  7.500   14.84   15.56  0.0520   -1.37   10.21   19.29   14.04    1.07     965
  8.000   15.81   16.21  0.0825   -1.33   10.81   20.59   14.55    0.98     965
  8.500   16.80   16.95  0.1217   -1.28   11.53   21.88   15.16    0.90     965
  9.000   17.77   17.76  0.1503   -1.24   12.28   23.09   15.93    0.81     965
  9.500   18.73   18.53  0.1763   -1.24   12.94   24.27   16.58    0.74     964
 10.000   19.62   19.06  0.1971   -1.18   13.37   25.41   16.91    0.70     960
 10.500   20.46   19.63  0.2098   -1.14   13.85   26.44   17.30    0.66     957
 11.000   21.38   19.77  0.2305   -0.91   13.92   27.23   17.44    0.64     948
 11.500   22.26   19.72  0.2378   -0.72   13.75   27.79   17.48    0.66     948
 12.000   23.05   19.69  0.2400   -0.57   13.56   28.22   17.57    0.70     947
 12.500   23.40   18.70  0.2702   -0.26   13.07   28.22   16.60    0.60     934
 13.000   23.21   17.30  0.2903    0.16   12.35   27.54   15.41    0.55     934
 13.500   22.75   15.83  0.2826    0.55   11.42   26.47   14.25    0.51     933
 14.000   22.14   14.64  0.2592    0.85   10.60   25.30   13.37    0.48     917
 14.500   20.52   13.12  0.2547    1.14    9.57   23.32   12.13    0.46     901
 15.000   18.91   11.83  0.2578    1.31    8.55   21.38   10.97    0.46     891
 15.500   17.16   10.58  0.2492    1.41    7.65   19.36    9.84    0.47     882
 16.000   15.32    9.49  0.2366    1.47    6.87   17.30    8.85    0.54     874
 16.500   12.58    8.63  0.2530    1.64    6.53   14.59    8.13    0.67     464
 17.000   11.24    7.60  0.0310    2.05    6.06   13.36    7.11    0.46     215
 17.500    9.39    6.81  0.0104    1.69    5.02   11.36    6.24    0.64     211
 18.000    7.38    6.21 -0.0079    1.23    4.22    9.21    5.65    0.96     209
 18.500    5.41    5.62 -0.0941    0.92    3.76    7.23    5.12    1.16     209
 19.000    3.71    4.75 -0.0744    0.89    3.17    5.92    4.01    1.11     182
 19.500    2.23    4.40 -0.1682    0.63    2.51    5.27    2.95    0.71     178
 20.000    0.95    4.15 -0.1992    0.45    2.17    4.65    2.62    1.02     173
 20.500    0.19    4.22 -0.1392    0.26    2.07    4.30    2.66    1.06     171
 21.000   -0.18    4.24 -0.0818    0.06    1.97    4.11    2.76    1.26     141
 21.500   -0.49    4.06 -0.0298    0.04    1.78    4.22    2.48    1.15     134
 22.000   -0.95    4.19  0.0887   -0.18    1.82    4.45    2.50    1.04     132
 22.500   -1.12    4.30  0.1219   -0.13    1.90    4.53    2.64    1.10     126
 23.000   -1.01    4.32  0.0721   -0.08    1.83    4.44    2.66    1.08     122
 23.500   -1.19    4.70  0.0693   -0.20    2.07    4.60    2.99    1.08     122
 24.000   -1.48    5.46  0.1117   -0.18    2.35    4.95    3.65    1.07     116
 24.500   -0.39    5.21 -0.0461    0.01    2.05    5.16    3.09    0.92     107
 25.000    0.27    5.57 -0.0845   -0.07    2.10    5.64    3.20    0.92     107
 25.500    0.81    6.28 -0.0190   -0.17    2.21    6.32    3.49    0.97     107
 26.000    1.39    7.14 -0.0175   -0.17    2.53    6.95    4.04    0.75     107
 26.500    1.93    7.69  0.0844    0.08    2.96    7.28    4.47    0.38     101
 27.000    1.83    8.02  0.1931    0.20    3.08    7.78    4.25    0.52      43
 27.500    2.06    8.44  0.3026   -0.01    2.86    8.30    4.19    0.25      43
 28.000    2.46    8.95  0.2731   -0.02    2.62    8.85    4.30    0.25      43
 28.500    2.43    9.48  0.1526    0.15    2.73    9.28    4.51    0.39      43
 29.000    2.60    9.61  0.2224    0.01    3.10    9.63    4.47    0.16      43
 29.500    2.93    9.61  0.1511   -0.11    3.25    9.77    4.47    0.23      42
 30.000    2.64   10.05  0.0909    0.26    3.22    9.84    5.00    0.12      42
     T A B L E  I -   6.  W I N D  S T A T I S T I C A L  P A R A M E T E R S
                                      June
 STATION =   723910     Pt. Mugu Naval Air Station, CA
    Z    MEAN U   SD  U  R(U,V)  MEAN V   SD  V MEAN WS  SD  WS SKEW WS    NOBS
    KM     M/S     M/S             M/S     M/S     M/S     M/S                 
  0.000    0.00    0.00  0.0000    0.00    0.00    0.00    0.00    0.00     100
  0.004    2.44    3.38 -0.0060    0.44    1.54    3.36    2.94    0.84     992
  0.500    1.54    3.13 -0.1846    0.15    1.43    3.38    2.40    1.19     996
  1.000    1.68    3.76 -0.2180   -0.43    1.85    3.95    2.84    1.33     996
  1.500    2.17    4.70 -0.2479   -0.93    2.59    4.75    3.49    1.01    1019
  2.000    2.79    4.98 -0.2179   -0.66    2.92    5.59    3.64    0.79    1028
  2.500    3.60    5.80 -0.1436   -0.28    3.48    6.59    4.33    0.79    1028
  3.000    4.41    6.86 -0.0636    0.17    4.09    7.52    5.32    0.88    1028
  3.500    5.26    7.39  0.0212    0.56    4.41    8.37    5.89    0.92    1027
  4.000    6.16    7.84  0.0807    0.90    4.77    9.19    6.57    0.98    1027
  4.500    6.97    8.44  0.1086    1.21    5.24   10.04    7.30    1.04    1027
  5.000    7.80    9.16  0.1194    1.49    5.83   10.95    8.10    1.08    1027
  5.500    8.63    9.99  0.1236    1.74    6.51   11.91    8.97    1.15    1027
  6.000    9.46   10.70  0.1291    2.03    7.08   12.85    9.72    1.15    1027
  6.500   10.39   11.28  0.1379    2.31    7.46   13.84   10.34    1.16    1026
  7.000   11.35   11.97  0.1369    2.59    8.00   14.90   11.09    1.16    1026
  7.500   12.28   12.80  0.1431    2.85    8.64   15.96   11.98    1.17    1026
  8.000   13.17   13.27  0.1735    3.09    9.06   17.03   12.42    1.06    1025
  8.500   14.12   13.80  0.2005    3.36    9.59   18.16   12.93    1.01    1025
  9.000   15.11   14.42  0.2283    3.62   10.20   19.25   13.64    0.97    1025
  9.500   16.08   15.14  0.2524    3.86   10.87   20.32   14.44    0.95    1023
 10.000   17.09   15.65  0.2707    4.15   11.27   21.44   14.99    0.92    1023
 10.500   18.12   16.19  0.2884    4.47   11.82   22.59   15.57    0.85    1023
 11.000   19.31   16.67  0.3006    4.89   12.23   23.82   16.08    0.76    1020
 11.500   20.58   16.77  0.3165    5.35   12.31   24.97   16.29    0.68    1018
 12.000   21.73   16.78  0.3250    5.76   12.48   26.00   16.42    0.58    1016
 12.500   22.31   16.39  0.3177    6.05   12.29   26.45   16.02    0.51     996
 13.000   22.29   15.47  0.3037    6.25   11.65   26.21   15.14    0.49     994
 13.500   21.90   14.39  0.2890    6.32   10.98   25.55   14.13    0.43     992
 14.000   21.26   13.30  0.2734    6.32   10.31   24.61   13.09    0.33     991
 14.500   19.47   11.94  0.2722    5.89    9.23   22.53   11.72    0.30     954
 15.000   17.13   10.53  0.2689    5.36    8.03   19.94   10.26    0.34     948
 15.500   14.71    9.28  0.2406    4.66    6.91   17.23    8.97    0.39     946
 16.000   12.10    8.24  0.2180    3.92    5.86   14.40    7.84    0.53     932
 16.500    9.29    7.58  0.1989    3.12    5.03   11.44    7.07    0.74     883
 17.000    6.99    6.67  0.1710    1.99    4.27    9.53    5.99    0.80     231
 17.500    4.66    5.76  0.1238    1.80    3.50    8.12    4.65    0.86     222
 18.000    2.45    5.11  0.0147    1.59    2.89    6.84    3.63    0.86     219
 18.500   -0.19    4.69 -0.0640    1.34    2.84    5.71    3.23    1.11     217
 19.000   -2.47    4.26 -0.0622    1.30    2.65    5.39    3.28    1.06     194
 19.500   -3.67    3.90 -0.0745    1.02    2.39    5.98    3.10    0.82     193
 20.000   -5.16    3.68 -0.0694    0.51    2.41    6.81    3.10    0.54     191
 20.500   -6.64    4.01 -0.0347    0.39    2.52    7.77    3.53    0.30     187
 21.000   -7.85    4.27 -0.1025    0.50    2.78    8.53    4.03    0.38     164
 21.500   -8.79    3.90 -0.1375    0.49    2.66    9.44    3.69    0.41     156
 22.000   -9.63    3.91 -0.0459    0.26    2.59   10.26    3.70    0.24     153
 22.500  -10.59    4.19 -0.0666    0.19    2.52   11.16    4.02    0.29     147
 23.000  -11.48    4.11 -0.1130    0.17    2.56   12.00    3.98    0.07     142
 23.500  -12.20    4.21 -0.0512    0.05    2.90   12.72    4.07   -0.01     140
 24.000  -12.90    4.58 -0.0364    0.14    3.17   13.40    4.39   -0.05     138
 24.500  -13.12    4.36 -0.0253    0.04    2.79   13.58    4.16   -0.08     133
 25.000  -13.06    4.21 -0.0175    0.17    2.50   13.51    4.01    0.10     133
 25.500  -13.01    4.35  0.0355    0.25    2.40   13.46    4.13    0.13     133
 26.000  -13.11    4.50  0.0307    0.35    2.28   13.53    4.29    0.12     132
 26.500  -13.14    5.03  0.1110    0.39    2.62   13.56    4.80    0.13     132
 27.000  -13.86    4.92  0.2945    0.60    3.00   14.37    4.60    0.13      30
 27.500  -14.53    4.30  0.1330    0.62    2.83   14.99    4.15    0.58      30
 28.000  -15.02    4.78  0.4623    0.21    2.61   15.42    4.66    0.20      30
 28.500  -14.97    5.18  0.4919    0.05    2.81   15.40    5.05    0.56      29
 29.000  -15.10    6.14  0.2289    0.00    3.44   15.70    5.96    0.73      29
 29.500  -15.23    5.54  0.1295    0.04    4.02   15.94    5.45    0.65      28
 30.000  -15.55    5.15  0.0728    0.38    3.25   16.09    5.06    0.79      27
     T A B L E  I -   7.  W I N D  S T A T I S T I C A L  P A R A M E T E R S
                                      July
 STATION =   723910     Pt. Mugu Naval Air Station, CA
    Z    MEAN U   SD  U  R(U,V)  MEAN V   SD  V MEAN WS  SD  WS SKEW WS    NOBS
    KM     M/S     M/S             M/S     M/S     M/S     M/S                 
  0.000    0.00    0.00  0.0000    0.00    0.00    0.00    0.00    0.00     100
  0.004    2.38    3.24 -0.0591    0.32    1.45    3.34    2.68    0.68     954
  0.500    1.26    2.97 -0.3605    0.30    1.33    3.20    2.15    0.79     955
  1.000    1.34    3.26 -0.5598    0.12    1.58    3.39    2.43    1.11     955
  1.500    1.73    3.88 -0.5264   -0.09    2.22    3.85    2.94    1.03     960
  2.000    1.86    3.83 -0.3863    0.24    2.26    4.19    2.80    0.89     976
  2.500    2.01    4.18 -0.1784    0.68    2.57    4.62    3.09    1.00     975
  3.000    2.17    4.81 -0.0167    1.11    2.96    5.04    3.68    1.16     975
  3.500    2.32    5.16  0.0322    1.45    3.11    5.45    3.97    1.21     976
  4.000    2.48    5.39  0.0469    1.65    3.19    5.80    4.13    1.25     976
  4.500    2.59    5.74  0.0644    1.81    3.38    6.18    4.37    1.35     976
  5.000    2.75    6.21  0.0740    1.95    3.66    6.59    4.76    1.43     976
  5.500    2.95    6.75  0.0977    2.07    3.96    6.93    5.28    1.49     976
  6.000    3.24    7.24  0.1202    2.18    4.30    7.31    5.79    1.44     976
  6.500    3.81    7.53  0.1562    2.36    4.55    7.98    5.99    1.36     974
  7.000    4.40    8.01  0.1943    2.58    4.95    8.71    6.40    1.24     974
  7.500    5.02    8.64  0.2103    2.86    5.43    9.44    7.02    1.09     974
  8.000    5.84    9.08  0.2344    3.20    5.72   10.26    7.50    1.10     974
  8.500    6.70    9.45  0.2513    3.55    6.04   11.04    8.02    1.13     974
  9.000    7.55    9.81  0.2500    3.96    6.36   11.76    8.59    1.13     974
  9.500    8.38   10.34  0.2439    4.33    6.76   12.49    9.31    1.10     974
 10.000    9.11   10.76  0.2536    4.89    7.02   13.27    9.88    1.05     969
 10.500    9.82   11.24  0.2511    5.47    7.25   14.09   10.41    1.00     968
 11.000   10.52   11.82  0.2585    6.05    7.55   14.96   10.98    0.91     963
 11.500   10.91   11.94  0.2746    6.46    7.55   15.42   11.20    0.95     961
 12.000   11.24   12.15  0.2867    6.84    7.70   15.78   11.55    0.99     960
 12.500   11.44   12.35  0.2975    7.06    7.85   16.00   11.82    1.01     943
 13.000   10.98   11.80  0.3111    6.85    7.52   15.46   11.27    1.04     942
 13.500   10.51   11.23  0.3237    6.64    7.23   14.89   10.71    1.02     940
 14.000    9.90   10.73  0.3428    6.33    6.97   14.14   10.18    0.98     939
 14.500    9.06   10.01  0.3582    5.75    6.48   13.17    9.28    0.89     888
 15.000    7.49    9.01  0.3319    4.84    5.55   11.53    7.88    0.93     879
 15.500    5.42    7.99  0.2766    3.81    4.71    9.54    6.55    1.00     874
 16.000    3.13    6.78  0.2219    2.90    3.77    7.64    5.09    1.21     860
 16.500    0.81    5.69  0.1163    2.05    3.19    5.86    4.07    1.26     843
 17.000   -1.27    5.16 -0.1126    1.56    3.10    5.73    3.53    0.92     209
 17.500   -2.78    4.94 -0.0937    1.27    2.89    6.28    3.42    0.60     198
 18.000   -4.40    4.90 -0.0409    0.99    2.89    6.94    3.65    0.54     196
 18.500   -6.14    5.16 -0.0260    1.12    3.34    8.01    4.32    0.45     196
 19.000   -7.60    5.24  0.0448    1.05    3.38    8.89    4.64    0.33     180
 19.500   -8.94    4.48  0.0526    0.97    2.88    9.98    3.93    0.24     180
 20.000  -10.34    4.00  0.1022    0.92    2.64   11.20    3.50    0.09     178
 20.500  -11.77    3.90  0.0234    0.86    2.58   12.35    3.63   -0.05     174
 21.000  -12.97    3.81  0.0481    1.17    3.05   13.44    3.64   -0.21     151
 21.500  -13.69    3.71 -0.0630    0.94    2.42   14.05    3.62   -0.17     135
 22.000  -14.82    3.38 -0.1635    0.65    2.49   15.18    3.28   -0.13     129
 22.500  -15.77    3.31 -0.0026    0.53    2.48   16.11    3.27   -0.07     124
 23.000  -16.74    3.62  0.0395    0.44    2.41   17.08    3.53   -0.19     119
 23.500  -17.83    4.07  0.0703    0.33    2.76   18.20    3.89   -0.37     114
 24.000  -18.65    4.69  0.0869    0.14    3.27   19.06    4.38   -0.47     112
 24.500  -19.88    4.35  0.1643    0.20    3.17   20.25    4.11   -0.30      98
 25.000  -20.66    3.92  0.2023    0.38    2.83   20.99    3.91   -0.16      98
 25.500  -21.32    4.14  0.2069    0.49    2.69   21.61    4.08   -0.05      98
 26.000  -21.70    4.35  0.2600    0.44    2.97   22.03    4.24   -0.19      98
 26.500  -22.48    4.65  0.2722    0.72    2.94   22.78    4.52   -0.06      97
 27.000  -23.13    5.43 -0.1861    1.27    3.35   23.41    5.39   -0.40      30
 27.500  -23.93    5.50 -0.2579    0.44    2.60   24.14    5.40   -0.44      23
 28.000  -24.15    4.78 -0.1376    0.41    2.38   24.42    4.64   -0.58      23
 28.500  -24.03    5.31 -0.2124    0.08    2.75   24.31    5.17   -0.50      23
 29.000  -24.49    5.74 -0.0692   -0.17    2.70   24.76    5.64   -0.47      23
 29.500  -25.14    6.08 -0.0530   -0.41    2.70   25.42    5.97   -0.70      23
 30.000  -25.78    6.47 -0.1838   -0.31    2.88   26.10    6.29   -1.08      23
     T A B L E  I -   8.  W I N D  S T A T I S T I C A L  P A R A M E T E R S
                                    August
 STATION =   723910     Pt. Mugu Naval Air Station, CA
    Z    MEAN U   SD  U  R(U,V)  MEAN V   SD  V MEAN WS  SD  WS SKEW WS    NOBS
    KM     M/S     M/S             M/S     M/S     M/S     M/S                 
  0.000    0.00    0.00  0.0000    0.00    0.00    0.00    0.00    0.00     100
  0.004    2.33    3.31 -0.0416    0.28    1.41    3.32    2.72    0.57     987
  0.500    1.13    2.95 -0.2665    0.36    1.22    3.17    2.07    0.77     987
  1.000    0.94    3.27 -0.4318    0.33    1.44    3.37    2.27    0.97     987
  1.500    1.37    3.93 -0.4180    0.27    1.99    3.70    2.84    1.08     993
  2.000    1.75    4.06 -0.2701    0.72    2.07    4.29    2.87    1.08    1013
  2.500    2.03    4.50 -0.0843    1.18    2.34    4.85    3.22    1.20    1013
  3.000    2.27    5.10  0.0338    1.60    2.71    5.32    3.77    1.17    1013
  3.500    2.40    5.30  0.1045    1.94    2.84    5.63    3.95    1.25    1013
  4.000    2.54    5.44  0.1663    2.09    2.90    5.88    4.12    1.30    1013
  4.500    2.71    5.75  0.2258    2.25    3.09    6.23    4.39    1.31    1012
  5.000    2.98    6.18  0.2490    2.38    3.35    6.60    4.82    1.33    1012
  5.500    3.26    6.63  0.2758    2.48    3.69    6.92    5.32    1.31    1012
  6.000    3.62    7.09  0.2963    2.61    4.01    7.32    5.79    1.27    1011
  6.500    4.34    7.38  0.3031    2.79    4.22    8.06    5.99    1.27    1011
  7.000    5.11    7.85  0.3025    3.04    4.55    8.80    6.48    1.23    1011
  7.500    5.98    8.43  0.3031    3.36    4.95    9.60    7.15    1.15    1011
  8.000    6.95    8.84  0.3068    3.74    5.26   10.58    7.62    1.08    1010
  8.500    7.97    9.30  0.3083    4.15    5.69   11.62    8.19    1.02    1009
  9.000    8.93    9.78  0.3044    4.61    6.14   12.61    8.82    0.95    1008
  9.500    9.88   10.36  0.2907    5.05    6.73   13.63    9.54    0.87    1008
 10.000   10.83   10.93  0.2667    5.51    7.22   14.77   10.16    0.85     998
 10.500   11.83   11.55  0.2498    6.05    7.68   15.96   10.79    0.84     998
 11.000   12.81   12.22  0.2365    6.61    8.14   17.07   11.51    0.79     995
 11.500   13.47   12.46  0.2127    7.07    8.19   17.85   11.73    0.79     992
 12.000   13.99   12.70  0.1999    7.46    8.37   18.47   12.00    0.75     991
 12.500   14.31   12.86  0.1890    7.70    8.40   18.76   12.20    0.73     975
 13.000   13.94   12.19  0.2121    7.61    7.90   18.19   11.64    0.73     973
 13.500   13.52   11.57  0.2208    7.47    7.43   17.57   11.06    0.67     969
 14.000   12.95   11.01  0.2199    7.22    6.94   16.78   10.48    0.60     965
 14.500   11.86    9.98  0.2219    6.49    6.25   15.37    9.38    0.50     906
 15.000   10.02    8.74  0.2568    5.56    5.26   13.25    8.00    0.52     897
 15.500    7.95    7.76  0.2651    4.45    4.44   10.99    6.82    0.60     889
 16.000    5.28    6.43  0.2070    3.30    3.45    8.43    5.21    0.70     872
 16.500    2.73    5.33  0.1062    2.36    2.99    6.12    4.05    0.92     862
 17.000    0.79    4.81  0.0922    2.28    2.99    5.67    3.48    0.87     230
 17.500   -0.93    4.47  0.0588    1.99    2.40    5.81    2.78    0.70     220
 18.000   -2.57    4.30  0.0796    1.66    2.35    6.00    2.89    0.81     213
 18.500   -4.23    4.67 -0.0068    1.51    2.45    6.45    3.69    1.01     213
 19.000   -5.95    4.43 -0.0737    1.53    2.68    7.14    4.02    0.84     189
 19.500   -7.24    3.67 -0.0495    1.40    2.34    8.23    3.35    0.69     189
 20.000   -8.77    3.53  0.0032    1.26    2.35    9.60    3.28    0.31     189
 20.500  -10.33    3.61  0.0009    1.35    2.56   10.97    3.48   -0.20     188
 21.000  -11.78    3.75 -0.0362    1.20    2.93   12.24    3.67   -0.09     161
 21.500  -12.71    3.54  0.0144    0.96    2.68   13.16    3.45    0.01     145
 22.000  -13.85    3.34  0.0233    0.71    2.56   14.27    3.28   -0.04     144
 22.500  -14.73    3.41  0.1243    0.60    2.48   15.15    3.35    0.05     141
 23.000  -15.80    3.69  0.0560    0.48    2.67   16.20    3.64    0.19     132
 23.500  -16.66    3.80  0.0461    0.47    2.86   17.03    3.76    0.22     128
 24.000  -17.61    4.18  0.0189    0.22    3.16   17.97    4.11    0.41     125
 24.500  -18.57    4.25 -0.0246    0.10    3.20   18.91    4.16    0.43     114
 25.000  -19.31    4.03  0.0080    0.22    2.70   19.65    3.92    0.17     114
 25.500  -20.01    3.95  0.0002    0.18    2.54   20.35    3.83    0.10     114
 26.000  -20.65    4.26 -0.0034    0.03    2.73   20.99    4.16   -0.15     114
 26.500  -21.51    4.60  0.0173    0.00    3.08   21.83    4.51    0.06     114
 27.000  -22.20    4.96 -0.1316   -0.20    4.19   22.66    4.76   -0.43      39
 27.500  -23.12    5.02 -0.1313   -0.24    3.57   23.55    4.71   -0.29      28
 28.000  -23.68    5.10 -0.0057    0.25    2.75   24.03    4.96   -0.05      28
 28.500  -24.80    4.86  0.1425    0.49    2.80   25.11    4.80    0.33      28
 29.000  -25.25    5.18  0.2169    1.07    3.12   25.57    5.14    0.45      28
 29.500  -25.20    5.44  0.1281    1.00    2.97   25.50    5.39    0.37      27
 30.000  -25.12    5.87 -0.1239    0.82    3.03   25.38    5.91    0.25      25
     T A B L E  I -   9.  W I N D  S T A T I S T I C A L  P A R A M E T E R S
                                 September
 STATION =   723910     Pt. Mugu Naval Air Station, CA
    Z    MEAN U   SD  U  R(U,V)  MEAN V   SD  V MEAN WS  SD  WS SKEW WS    NOBS
    KM     M/S     M/S             M/S     M/S     M/S     M/S                 
  0.000    0.00    0.00  0.0000    0.00    0.00    0.00    0.00    0.00     100
  0.004    2.31    3.14 -0.0983   -0.18    1.48    3.25    2.61    0.63     282
  0.500    1.04    2.86 -0.1786    0.02    1.38    3.39    2.14    0.58     285
  1.000   -0.01    3.51 -0.0793    0.15    1.95    3.88    2.48    0.95     285
  1.500   -0.44    4.66 -0.0438    0.34    2.57    4.36    3.17    0.99     291
  2.000    0.12    4.87 -0.0346    0.72    2.88    4.95    3.15    0.96     298
  2.500    0.62    5.65 -0.0084    1.05    3.53    5.77    3.81    1.18     298
  3.000    1.31    6.54  0.0677    1.32    4.11    6.30    4.91    1.28     298
  3.500    2.08    7.01  0.0769    1.51    4.47    6.98    5.40    1.40     298
  4.000    2.85    7.46  0.1099    1.60    4.77    7.72    5.78    1.51     298
  4.500    3.56    8.09  0.1233    1.60    5.23    8.49    6.35    1.52     298
  5.000    4.38    8.81  0.1645    1.68    5.73    9.30    7.05    1.46     298
  5.500    5.24    9.56  0.1859    1.67    6.30   10.14    7.78    1.34     298
  6.000    5.97   10.19  0.2075    1.74    6.74   10.82    8.47    1.23     298
  6.500    6.89   10.72  0.2423    1.87    7.22   11.82    8.97    1.13     298
  7.000    7.85   11.43  0.2659    2.09    7.73   12.89    9.59    1.05     298
  7.500    8.82   12.31  0.2942    2.31    8.28   13.95   10.44    0.99     298
  8.000    9.89   12.70  0.3282    2.53    8.77   15.11   10.77    0.87     298
  8.500   11.02   13.34  0.3530    2.84    9.29   16.33   11.39    0.77     298
  9.000   12.35   14.08  0.3746    3.09    9.77   17.71   12.01    0.71     298
  9.500   13.71   14.99  0.3973    3.39   10.45   19.22   12.82    0.66     297
 10.000   15.09   15.53  0.4054    3.64   10.97   20.60   13.42    0.63     297
 10.500   16.51   16.15  0.4069    3.86   11.35   22.02   13.93    0.63     297
 11.000   17.77   16.57  0.3999    4.04   11.77   23.23   14.36    0.61     294
 11.500   18.94   16.52  0.3984    4.42   11.87   23.98   14.82    0.67     294
 12.000   20.15   16.67  0.3921    4.72   11.82   24.64   15.50    0.73     294
 12.500   20.62   16.42  0.3904    4.94   11.60   24.68   15.67    0.71     292
 13.000   20.42   15.60  0.4004    4.94   10.77   24.04   15.02    0.67     292
 13.500   19.70   14.90  0.4138    4.84   10.06   23.07   14.33    0.68     292
 14.000   18.83   14.07  0.3922    4.90    9.30   21.88   13.60    0.68     292
 14.500   17.26   12.72  0.3894    4.67    8.53   20.05   12.40    0.56     280
 15.000   15.06   11.28  0.3764    4.02    7.52   17.51   11.09    0.56     270
 15.500   12.76    9.99  0.3605    3.49    6.63   14.98    9.84    0.64     263
 16.000   10.52    8.62  0.3319    2.77    5.62   12.44    8.52    0.70     251
 16.500    7.86    7.24  0.2718    1.76    4.70    9.51    7.08    0.87     232
 17.000    4.74    4.42  0.1793    1.71    4.96    7.34    4.14    0.14      31
 17.500    2.96    4.18  0.0250    4.72    4.04    7.31    3.67    0.25      21
 18.000    3.33    4.57  0.3019    2.97    4.44    6.91    3.49    0.63      18
 18.500    0.56    4.20  0.0466    2.27    4.16    5.66    3.29    0.55      18
 19.000   -1.07    3.43  0.2234    2.71    3.58    5.47    2.36    0.59      17
 19.500    0.00    4.97  0.5701    2.40    2.98    5.51    2.82    1.12      17
 20.000   -1.47    3.71  0.1278    0.46    3.37    5.19    1.64   -0.13      17
 20.500   -3.41    3.64  0.2282    1.67    2.34    5.48    2.28    0.08      16
 21.000   -3.06    2.83 -0.4573    1.66    3.47    5.04    2.61    0.91      15
 21.500   -3.61    2.99  0.4356    0.55    2.74    5.30    1.73    1.01      13
 22.000 -999.99  -99.99 -9.9900 -999.99  -99.99 -999.99  -99.99 -999.99       0
 22.500 -999.99  -99.99 -9.9900 -999.99  -99.99 -999.99  -99.99 -999.99       0
 23.000 -999.99  -99.99 -9.9900 -999.99  -99.99 -999.99  -99.99 -999.99       0
 23.500 -999.99  -99.99 -9.9900 -999.99  -99.99 -999.99  -99.99 -999.99       0
 24.000 -999.99  -99.99 -9.9900 -999.99  -99.99 -999.99  -99.99 -999.99       0
 24.500 -999.99  -99.99 -9.9900 -999.99  -99.99 -999.99  -99.99 -999.99       0
 25.000 -999.99  -99.99 -9.9900 -999.99  -99.99 -999.99  -99.99 -999.99       0
 25.500 -999.99  -99.99 -9.9900 -999.99  -99.99 -999.99  -99.99 -999.99       0
 26.000 -999.99  -99.99 -9.9900 -999.99  -99.99 -999.99  -99.99 -999.99       0
 26.500 -999.99  -99.99 -9.9900 -999.99  -99.99 -999.99  -99.99 -999.99       0
 27.000 -999.99  -99.99 -9.9900 -999.99  -99.99 -999.99  -99.99 -999.99       0
 27.500 -999.99  -99.99 -9.9900 -999.99  -99.99 -999.99  -99.99 -999.99       0
 28.000 -999.99  -99.99 -9.9900 -999.99  -99.99 -999.99  -99.99 -999.99       0
 28.500 -999.99  -99.99 -9.9900 -999.99  -99.99 -999.99  -99.99 -999.99       0
 29.000 -999.99  -99.99 -9.9900 -999.99  -99.99 -999.99  -99.99 -999.99       0
 29.500 -999.99  -99.99 -9.9900 -999.99  -99.99 -999.99  -99.99 -999.99       0
 30.000 -999.99  -99.99 -9.9900 -999.99  -99.99 -999.99  -99.99 -999.99       0
     T A B L E  I -  10.  W I N D  S T A T I S T I C A L  P A R A M E T E R S
                                   October
 STATION =   723910     Pt. Mugu Naval Air Station, CA
    Z    MEAN U   SD  U  R(U,V)  MEAN V   SD  V MEAN WS  SD  WS SKEW WS    NOBS
    KM     M/S     M/S             M/S     M/S     M/S     M/S                 
  0.000    0.00    0.00  0.0000    0.00    0.00    0.00    0.00    0.00     100
  0.004    1.55    3.29  0.1470   -0.33    1.91    3.07    2.74    1.68     296
  0.500    0.37    3.89  0.1532   -0.56    2.26    3.95    3.07    2.08     297
  1.000   -0.55    4.28  0.0464   -0.68    2.59    4.42    3.23    1.55     297
  1.500   -0.75    5.02 -0.1756   -0.51    3.09    4.73    3.71    1.61     301
  2.000   -0.11    4.90 -0.1834   -0.61    3.43    5.20    3.46    1.43     308
  2.500    0.54    5.47 -0.1831   -0.66    4.12    5.86    4.03    1.31     308
  3.000    1.16    6.47 -0.1774   -0.60    4.94    6.63    5.01    1.43     308
  3.500    1.92    7.07 -0.1224   -0.44    5.24    7.24    5.56    1.64     308
  4.000    2.55    7.56 -0.0514   -0.37    5.51    7.86    5.97    1.76     308
  4.500    3.28    8.23  0.0073   -0.33    5.97    8.58    6.66    1.77     308
  5.000    4.11    8.97  0.0552   -0.41    6.43    9.23    7.54    1.72     307
  5.500    4.98    9.77  0.1017   -0.32    7.05    9.99    8.46    1.69     307
  6.000    5.67   10.63  0.1193   -0.17    7.56   10.88    9.23    1.69     306
  6.500    6.52   11.37  0.0953   -0.17    8.05   11.85    9.92    1.75     306
  7.000    7.43   12.32  0.0694   -0.18    8.68   12.85   10.91    1.78     306
  7.500    8.27   13.14  0.0576   -0.15    9.41   13.75   11.88    1.69     306
  8.000    9.23   13.52  0.0806    0.04   10.04   14.78   12.36    1.64     306
  8.500   10.21   14.05  0.0988    0.27   10.58   15.91   12.79    1.50     305
  9.000   11.21   14.70  0.1165    0.43   11.15   17.04   13.34    1.33     305
  9.500   12.25   15.50  0.1420    0.64   11.86   18.23   14.12    1.21     305
 10.000   13.48   16.13  0.1736    0.99   12.25   19.47   14.69    1.20     305
 10.500   14.81   16.75  0.2020    1.36   12.57   20.64   15.33    1.12     304
 11.000   15.99   16.74  0.2377    1.66   12.80   21.58   15.45    1.01     303
 11.500   17.24   16.79  0.2522    1.62   12.97   22.62   15.53    0.93     303
 12.000   18.39   16.94  0.2613    1.45   13.11   23.49   15.78    0.87     302
 12.500   19.12   16.53  0.2613    1.40   12.87   23.83   15.51    0.79     299
 13.000   19.16   15.55  0.2873    1.49   12.35   23.55   14.60    0.70     299
 13.500   18.99   14.57  0.3025    1.67   11.77   22.84   14.00    0.71     293
 14.000   18.47   13.92  0.3189    1.78   11.28   21.88   13.66    0.73     287
 14.500   17.52   13.24  0.3095    1.59   10.16   20.71   12.73    0.74     283
 15.000   16.06   12.41  0.2659    0.90    9.04   19.04   11.64    0.77     276
 15.500   14.51   11.63  0.2476    0.52    8.11   17.32   10.74    0.73     273
 16.000   12.73   11.07  0.2280   -0.15    7.14   15.52    9.90    0.81     254
 16.500    8.27   10.15  0.3363   -0.00    6.42   11.74    8.68    1.11     158
 17.000    8.26    7.24  0.5438   -1.03    7.34   11.16    7.09    0.35      23
 17.500    5.06    4.90  0.4017   -1.93    6.00    8.02    4.83    0.13      13
 18.000 -999.99  -99.99 -9.9900 -999.99  -99.99 -999.99  -99.99 -999.99       0
 18.500 -999.99  -99.99 -9.9900 -999.99  -99.99 -999.99  -99.99 -999.99       0
 19.000 -999.99  -99.99 -9.9900 -999.99  -99.99 -999.99  -99.99 -999.99       0
 19.500 -999.99  -99.99 -9.9900 -999.99  -99.99 -999.99  -99.99 -999.99       0
 20.000 -999.99  -99.99 -9.9900 -999.99  -99.99 -999.99  -99.99 -999.99       0
 20.500 -999.99  -99.99 -9.9900 -999.99  -99.99 -999.99  -99.99 -999.99       0
 21.000 -999.99  -99.99 -9.9900 -999.99  -99.99 -999.99  -99.99 -999.99       0
 21.500 -999.99  -99.99 -9.9900 -999.99  -99.99 -999.99  -99.99 -999.99       0
 22.000 -999.99  -99.99 -9.9900 -999.99  -99.99 -999.99  -99.99 -999.99       0
 22.500 -999.99  -99.99 -9.9900 -999.99  -99.99 -999.99  -99.99 -999.99       0
 23.000 -999.99  -99.99 -9.9900 -999.99  -99.99 -999.99  -99.99 -999.99       0
 23.500 -999.99  -99.99 -9.9900 -999.99  -99.99 -999.99  -99.99 -999.99       0
 24.000 -999.99  -99.99 -9.9900 -999.99  -99.99 -999.99  -99.99 -999.99       0
 24.500 -999.99  -99.99 -9.9900 -999.99  -99.99 -999.99  -99.99 -999.99       0
 25.000 -999.99  -99.99 -9.9900 -999.99  -99.99 -999.99  -99.99 -999.99       0
 25.500 -999.99  -99.99 -9.9900 -999.99  -99.99 -999.99  -99.99 -999.99       0
 26.000 -999.99  -99.99 -9.9900 -999.99  -99.99 -999.99  -99.99 -999.99       0
 26.500 -999.99  -99.99 -9.9900 -999.99  -99.99 -999.99  -99.99 -999.99       0
 27.000 -999.99  -99.99 -9.9900 -999.99  -99.99 -999.99  -99.99 -999.99       0
 27.500 -999.99  -99.99 -9.9900 -999.99  -99.99 -999.99  -99.99 -999.99       0
 28.000 -999.99  -99.99 -9.9900 -999.99  -99.99 -999.99  -99.99 -999.99       0
 28.500 -999.99  -99.99 -9.9900 -999.99  -99.99 -999.99  -99.99 -999.99       0
 29.000 -999.99  -99.99 -9.9900 -999.99  -99.99 -999.99  -99.99 -999.99       0
 29.500 -999.99  -99.99 -9.9900 -999.99  -99.99 -999.99  -99.99 -999.99       0
 30.000 -999.99  -99.99 -9.9900 -999.99  -99.99 -999.99  -99.99 -999.99       0
     T A B L E  I -  11.  W I N D  S T A T I S T I C A L  P A R A M E T E R S
                                  November
 STATION =   723910     Pt. Mugu Naval Air Station, CA
    Z    MEAN U   SD  U  R(U,V)  MEAN V   SD  V MEAN WS  SD  WS SKEW WS    NOBS
    KM     M/S     M/S             M/S     M/S     M/S     M/S                 
  0.000    0.00    0.00  0.0000    0.00    0.00    0.00    0.00    0.00     100
  0.004    0.24    3.73  0.4586   -1.44    2.24    3.28    3.20    1.36     246
  0.500   -1.61    4.86  0.6678   -2.34    2.85    5.13    4.18    1.35     248
  1.000   -1.87    5.16  0.5163   -2.32    2.88    5.44    4.26    1.26     248
  1.500   -1.33    5.95  0.2466   -2.20    3.18    5.74    4.42    1.11     251
  2.000    0.13    6.05  0.0992   -2.21    3.42    6.34    4.09    1.06     256
  2.500    1.61    6.54  0.0291   -2.35    4.23    7.07    4.77    1.21     256
  3.000    3.09    7.36 -0.0135   -2.60    5.04    7.82    6.02    1.41     256
  3.500    4.18    7.97  0.0448   -2.85    5.73    8.90    6.74    1.31     257
  4.000    5.14    8.66  0.0718   -3.03    6.25    9.96    7.37    1.23     257
  4.500    6.19    9.26  0.0818   -3.25    6.82   10.99    8.02    1.15     257
  5.000    7.16   10.00  0.1265   -3.39    7.55   12.06    8.80    1.10     257
  5.500    8.12   10.76  0.1491   -3.42    8.31   13.07    9.65    1.06     257
  6.000    9.07   11.52  0.1581   -3.40    8.81   14.15   10.24    1.05     257
  6.500    9.74   12.31  0.1723   -3.44    9.23   15.18   10.74    1.13     255
  7.000   10.63   13.30  0.1756   -3.55    9.80   16.34   11.53    1.22     255
  7.500   11.48   14.21  0.1816   -3.57   10.53   17.48   12.35    1.21     253
  8.000   12.47   14.84  0.1976   -3.64   11.31   18.70   13.07    1.12     253
  8.500   13.39   15.68  0.1987   -3.81   12.15   19.94   13.90    1.05     253
  9.000   14.63   16.51  0.1951   -3.83   12.98   21.31   14.77    0.98     249
  9.500   15.83   17.50  0.1921   -3.94   13.79   22.72   15.72    0.89     247
 10.000   17.28   18.34  0.2052   -4.03   14.16   24.23   16.37    0.85     245
 10.500   18.66   19.30  0.2248   -4.07   14.63   25.61   17.22    0.82     243
 11.000   19.65   19.53  0.2432   -4.07   14.55   26.58   17.08    0.72     241
 11.500   20.73   19.38  0.2570   -4.01   14.11   27.25   16.81    0.66     241
 12.000   21.70   19.37  0.2522   -3.95   14.18   27.88   16.92    0.58     239
 12.500   22.10   18.66  0.2393   -4.04   13.69   27.88   16.35    0.47     236
 13.000   22.28   17.67  0.2108   -3.81   13.00   27.42   15.70    0.38     233
 13.500   22.67   16.82  0.1860   -3.56   12.38   27.21   15.05    0.31     230
 14.000   22.38   16.03  0.1551   -3.34   11.84   26.44   14.52    0.28     223
 14.500   21.25   14.89  0.1832   -2.72   10.80   24.82   13.57    0.29     214
 15.000   20.31   13.75  0.1866   -2.28   10.11   23.48   12.69    0.30     207
 15.500   19.06   12.74  0.1651   -2.21    9.38   21.93   11.89    0.29     203
 16.000   17.89   11.64  0.1393   -2.09    8.55   20.35   11.00    0.31     200
 16.500   13.09   10.17  0.2603   -1.20    7.04   15.13    9.85    0.57      62
 17.000   15.56   10.38  0.3866    0.86    7.86   17.89    9.54    0.31      20
 17.500   14.75    9.07  0.5167   -0.86    8.92   17.48    8.36   -0.26      11
 18.000 -999.99  -99.99 -9.9900 -999.99  -99.99 -999.99  -99.99 -999.99       0
 18.500 -999.99  -99.99 -9.9900 -999.99  -99.99 -999.99  -99.99 -999.99       0
 19.000 -999.99  -99.99 -9.9900 -999.99  -99.99 -999.99  -99.99 -999.99       0
 19.500 -999.99  -99.99 -9.9900 -999.99  -99.99 -999.99  -99.99 -999.99       0
 20.000 -999.99  -99.99 -9.9900 -999.99  -99.99 -999.99  -99.99 -999.99       0
 20.500 -999.99  -99.99 -9.9900 -999.99  -99.99 -999.99  -99.99 -999.99       0
 21.000 -999.99  -99.99 -9.9900 -999.99  -99.99 -999.99  -99.99 -999.99       0
 21.500 -999.99  -99.99 -9.9900 -999.99  -99.99 -999.99  -99.99 -999.99       0
 22.000 -999.99  -99.99 -9.9900 -999.99  -99.99 -999.99  -99.99 -999.99       0
 22.500 -999.99  -99.99 -9.9900 -999.99  -99.99 -999.99  -99.99 -999.99       0
 23.000 -999.99  -99.99 -9.9900 -999.99  -99.99 -999.99  -99.99 -999.99       0
 23.500 -999.99  -99.99 -9.9900 -999.99  -99.99 -999.99  -99.99 -999.99       0
 24.000 -999.99  -99.99 -9.9900 -999.99  -99.99 -999.99  -99.99 -999.99       0
 24.500 -999.99  -99.99 -9.9900 -999.99  -99.99 -999.99  -99.99 -999.99       0
 25.000 -999.99  -99.99 -9.9900 -999.99  -99.99 -999.99  -99.99 -999.99       0
 25.500 -999.99  -99.99 -9.9900 -999.99  -99.99 -999.99  -99.99 -999.99       0
 26.000 -999.99  -99.99 -9.9900 -999.99  -99.99 -999.99  -99.99 -999.99       0
 26.500 -999.99  -99.99 -9.9900 -999.99  -99.99 -999.99  -99.99 -999.99       0
 27.000 -999.99  -99.99 -9.9900 -999.99  -99.99 -999.99  -99.99 -999.99       0
 27.500 -999.99  -99.99 -9.9900 -999.99  -99.99 -999.99  -99.99 -999.99       0
 28.000 -999.99  -99.99 -9.9900 -999.99  -99.99 -999.99  -99.99 -999.99       0
 28.500 -999.99  -99.99 -9.9900 -999.99  -99.99 -999.99  -99.99 -999.99       0
 29.000 -999.99  -99.99 -9.9900 -999.99  -99.99 -999.99  -99.99 -999.99       0
 29.500 -999.99  -99.99 -9.9900 -999.99  -99.99 -999.99  -99.99 -999.99       0
 30.000 -999.99  -99.99 -9.9900 -999.99  -99.99 -999.99  -99.99 -999.99       0
     T A B L E  I -  12.  W I N D  S T A T I S T I C A L  P A R A M E T E R S
                                  December
 STATION =   723910     Pt. Mugu Naval Air Station, CA
    Z    MEAN U   SD  U  R(U,V)  MEAN V   SD  V MEAN WS  SD  WS SKEW WS    NOBS
    KM     M/S     M/S             M/S     M/S     M/S     M/S                 
  0.000    0.00    0.00  0.0000    0.00    0.00    0.00    0.00    0.00     100
  0.004   -0.38    3.76  0.3325   -1.24    2.45    3.31    3.29    1.75     219
  0.500   -1.63    5.36  0.5466   -1.99    2.96    5.27    4.56    1.65     227
  1.000   -1.37    5.86  0.1973   -1.66    2.96    5.71    4.47    1.46     227
  1.500   -0.62    6.73 -0.0444   -1.39    3.71    6.28    4.76    1.23     235
  2.000    0.82    7.36 -0.1102   -1.37    4.19    7.40    4.78    0.84     243
  2.500    2.24    8.40 -0.1204   -1.43    4.88    8.57    5.63    0.96     243
  3.000    3.54    9.68 -0.1423   -1.41    5.81    9.78    6.87    1.20     243
  3.500    4.56   10.45 -0.1226   -1.43    6.38   10.96    7.47    1.16     243
  4.000    5.36   11.21 -0.0904   -1.46    6.79   12.00    7.97    1.15     243
  4.500    6.28   11.97 -0.0451   -1.56    7.48   13.09    8.68    1.13     243
  5.000    7.07   12.99 -0.0314   -1.66    8.35   14.31    9.53    1.09     243
  5.500    8.00   14.11 -0.0118   -1.80    9.01   15.44   10.54    1.04     242
  6.000    9.11   15.11  0.0457   -1.68    9.74   16.76   11.45    1.01     241
  6.500   10.30   16.06  0.1089   -1.48   10.39   18.07   12.33    1.07     241
  7.000   11.52   17.06  0.1495   -1.24   11.26   19.29   13.50    1.15     241
  7.500   12.63   17.87  0.1788   -0.97   11.89   20.37   14.40    1.09     241
  8.000   13.72   18.49  0.2093   -0.94   12.49   21.58   15.02    1.10     241
  8.500   14.97   19.29  0.2319   -0.90   13.11   22.75   15.99    1.14     240
  9.000   16.03   20.32  0.2599   -0.97   13.96   24.00   17.08    1.21     240
  9.500   17.11   21.14  0.2686   -0.97   14.53   25.14   17.90    1.25     240
 10.000   18.27   21.69  0.2849   -0.96   14.98   26.37   18.35    1.28     240
 10.500   19.66   22.49  0.3025   -0.80   15.33   27.60   19.17    1.28     240
 11.000   20.78   22.41  0.3210   -0.76   15.28   28.30   19.26    1.16     237
 11.500   22.23   22.00  0.3095   -0.67   15.14   28.79   19.57    1.05     236
 12.000   22.88   21.06  0.2794   -0.86   15.03   28.84   19.04    0.70     232
 12.500   23.45   20.10  0.2642   -0.92   13.99   28.64   18.32    0.62     226
 13.000   23.38   18.99  0.2924   -0.96   13.06   27.93   17.49    0.58     225
 13.500   23.23   18.16  0.3072   -0.82   12.15   27.16   16.86    0.59     224
 14.000   22.53   16.79  0.2724   -0.97   11.61   25.97   15.88    0.46     214
 14.500   21.48   15.45  0.2629   -1.30   10.60   24.53   14.73    0.47     212
 15.000   20.41   14.17  0.2347   -1.27    9.83   23.18   13.55    0.50     210
 15.500   19.45   13.19  0.2177   -1.40    9.11   22.00   12.61    0.54     208
 16.000   18.54   12.32  0.1900   -1.54    8.49   20.80   11.86    0.57     205
 16.500   13.64   11.51 -0.3913   -5.71    8.11   16.39   12.16    0.72      40
 17.000   14.22    8.98  0.0450   -6.23    7.80   17.67    8.27   -0.05      14
 17.500   12.74    9.11 -0.0659   -7.18    6.21   16.08    8.66   -0.24      11
 18.000 -999.99  -99.99 -9.9900 -999.99  -99.99 -999.99  -99.99 -999.99       0
 18.500 -999.99  -99.99 -9.9900 -999.99  -99.99 -999.99  -99.99 -999.99       0
 19.000 -999.99  -99.99 -9.9900 -999.99  -99.99 -999.99  -99.99 -999.99       0
 19.500 -999.99  -99.99 -9.9900 -999.99  -99.99 -999.99  -99.99 -999.99       0
 20.000 -999.99  -99.99 -9.9900 -999.99  -99.99 -999.99  -99.99 -999.99       0
 20.500 -999.99  -99.99 -9.9900 -999.99  -99.99 -999.99  -99.99 -999.99       0
 21.000 -999.99  -99.99 -9.9900 -999.99  -99.99 -999.99  -99.99 -999.99       0
 21.500 -999.99  -99.99 -9.9900 -999.99  -99.99 -999.99  -99.99 -999.99       0
 22.000 -999.99  -99.99 -9.9900 -999.99  -99.99 -999.99  -99.99 -999.99       0
 22.500 -999.99  -99.99 -9.9900 -999.99  -99.99 -999.99  -99.99 -999.99       0
 23.000 -999.99  -99.99 -9.9900 -999.99  -99.99 -999.99  -99.99 -999.99       0
 23.500 -999.99  -99.99 -9.9900 -999.99  -99.99 -999.99  -99.99 -999.99       0
 24.000 -999.99  -99.99 -9.9900 -999.99  -99.99 -999.99  -99.99 -999.99       0
 24.500 -999.99  -99.99 -9.9900 -999.99  -99.99 -999.99  -99.99 -999.99       0
 25.000 -999.99  -99.99 -9.9900 -999.99  -99.99 -999.99  -99.99 -999.99       0
 25.500 -999.99  -99.99 -9.9900 -999.99  -99.99 -999.99  -99.99 -999.99       0
 26.000 -999.99  -99.99 -9.9900 -999.99  -99.99 -999.99  -99.99 -999.99       0
 26.500 -999.99  -99.99 -9.9900 -999.99  -99.99 -999.99  -99.99 -999.99       0
 27.000 -999.99  -99.99 -9.9900 -999.99  -99.99 -999.99  -99.99 -999.99       0
 27.500 -999.99  -99.99 -9.9900 -999.99  -99.99 -999.99  -99.99 -999.99       0
 28.000 -999.99  -99.99 -9.9900 -999.99  -99.99 -999.99  -99.99 -999.99       0
 28.500 -999.99  -99.99 -9.9900 -999.99  -99.99 -999.99  -99.99 -999.99       0
 29.000 -999.99  -99.99 -9.9900 -999.99  -99.99 -999.99  -99.99 -999.99       0
 29.500 -999.99  -99.99 -9.9900 -999.99  -99.99 -999.99  -99.99 -999.99       0
 30.000 -999.99  -99.99 -9.9900 -999.99  -99.99 -999.99  -99.99 -999.99       0
     T A B L E  I -  13.  W I N D  S T A T I S T I C A L  P A R A M E T E R S
                                    Annual
 STATION =   723910     Pt. Mugu Naval Air Station, CA
    Z    MEAN U   SD  U  R(U,V)  MEAN V   SD  V MEAN WS  SD  WS SKEW WS    NOBS
    KM     M/S     M/S             M/S     M/S     M/S     M/S                 
  0.000    0.00    0.00  0.0000    0.00    0.00    0.00    0.00    0.00     100
  0.004    1.70    4.09  0.1399   -0.05    2.04    3.57    3.32    1.43    8741
  0.500    0.77    4.51  0.1942   -0.39    2.40    4.26    3.49    1.83    8789
  1.000    0.71    4.96  0.0654   -0.63    2.67    4.71    3.72    1.64    8791
  1.500    1.21    5.69 -0.0603   -0.87    3.24    5.30    4.20    1.37    8924
  2.000    2.21    5.99 -0.0836   -0.84    3.65    6.18    4.44    1.28    9054
  2.500    3.32    6.81 -0.0845   -0.79    4.34    7.22    5.31    1.26    9053
  3.000    4.43    7.86 -0.0752   -0.70    5.14    8.23    6.50    1.26    9055
  3.500    5.45    8.59 -0.0530   -0.59    5.64    9.27    7.27    1.28    9058
  4.000    6.44    9.36 -0.0271   -0.50    6.13   10.31    8.08    1.28    9058
  4.500    7.39   10.23 -0.0051   -0.43    6.72   11.36    8.97    1.29    9057
  5.000    8.34   11.21  0.0075   -0.39    7.39   12.43    9.97    1.30    9052
  5.500    9.32   12.24  0.0220   -0.36    8.07   13.51   11.03    1.29    9050
  6.000   10.31   13.13  0.0425   -0.28    8.63   14.61   11.91    1.26    9046
  6.500   11.36   13.97  0.0624   -0.16    9.15   15.81   12.70    1.27    9038
  7.000   12.43   14.90  0.0769   -0.04    9.81   17.02   13.62    1.27    9036
  7.500   13.50   15.78  0.0902    0.08   10.48   18.22   14.52    1.23    9027
  8.000   14.64   16.50  0.1037    0.19   11.06   19.53   15.22    1.21    9021
  8.500   15.81   17.34  0.1160    0.32   11.72   20.85   16.05    1.20    9012
  9.000   17.01   18.23  0.1260    0.44   12.43   22.16   16.98    1.17    8997
  9.500   18.18   19.00  0.1323    0.54   13.04   23.42   17.76    1.11    8972
 10.000   19.47   19.64  0.1337    0.69   13.48   24.76   18.37    1.07    8946
 10.500   20.71   20.30  0.1327    0.86   13.95   26.01   19.02    1.05    8921
 11.000   21.92   20.40  0.1251    1.12   14.02   27.08   19.11    0.97    8862
 11.500   22.99   20.28  0.1144    1.33   13.94   27.88   19.08    0.92    8843
 12.000   23.81   20.06  0.1001    1.54   13.84   28.41   18.93    0.85    8791
 12.500   24.13   19.14  0.0971    1.76   13.28   28.41   18.04    0.75    8660
 13.000   23.91   18.06  0.0940    1.92   12.54   27.85   17.03    0.68    8642
 13.500   23.45   17.02  0.0845    2.09   11.83   27.05   16.06    0.62    8604
 14.000   22.54   16.01  0.0724    2.20   11.19   25.83   15.15    0.57    8431
 14.500   21.22   14.86  0.0712    2.06   10.26   24.25   14.06    0.57    8212
 15.000   19.47   13.88  0.0631    1.89    9.23   22.25   13.07    0.62    8108
 15.500   17.54   12.97  0.0524    1.60    8.28   20.12   12.15    0.65    8038
 16.000   15.46   12.29  0.0428    1.31    7.39   17.92   11.39    0.71    7884
 16.500    9.04   10.53 -0.0077    1.38    5.79   11.93    9.39    1.18    4575
 17.000   10.97   10.89 -0.0516    0.55    6.03   13.91    9.38    0.75    1795
 17.500    8.95   10.25 -0.0879    0.39    5.33   12.45    8.20    0.93    1700
 18.000    6.75    9.65 -0.0672    0.29    4.66   10.84    7.13    1.07    1634
 18.500    4.13    9.20 -0.0974    0.31    4.35    9.22    6.34    1.20    1548
 19.000    2.19    8.90 -0.1048    0.36    3.93    8.53    5.57    1.08    1336
 19.500    0.58    8.45 -0.1293    0.23    3.43    8.18    4.79    1.03    1307
 20.000   -1.07    8.24 -0.1435    0.11    3.05    8.02    4.54    0.82    1277
 20.500   -2.64    8.24 -0.1970    0.06    2.94    7.97    4.86    0.56    1236
 21.000   -3.73    8.41 -0.2186    0.02    3.02    8.32    5.14    0.45    1064
 21.500   -4.29    8.44 -0.2145   -0.08    2.67    8.64    5.12    0.45     996
 22.000   -5.12    8.71 -0.1547   -0.18    2.63    9.22    5.39    0.35     961
 22.500   -5.85    9.05 -0.0917   -0.23    2.65    9.79    5.72    0.31     928
 23.000   -6.45    9.46 -0.0544   -0.28    2.70   10.23    6.21    0.30     893
 23.500   -7.09    9.84 -0.0303   -0.33    2.88   10.64    6.72    0.26     878
 24.000   -7.83   10.29  0.0145   -0.28    3.11   11.27    7.19    0.23     832
 24.500   -7.60   10.84  0.0317   -0.27    2.93   11.62    7.25    0.32     792
 25.000   -7.64   11.35  0.0364   -0.18    2.80   12.11    7.33    0.33     790
 25.500   -7.61   11.97  0.0506   -0.12    2.83   12.60    7.47    0.34     789
 26.000   -7.56   12.63  0.0703   -0.06    3.00   13.05    7.73    0.31     785
 26.500   -9.56   13.01  0.0678    0.21    3.09   14.38    8.09    0.15     634
 27.000   -5.61   14.37  0.1164    0.10    3.50   13.54    8.34    0.50     301
 27.500   -4.22   14.92  0.1689   -0.06    3.35   13.74    8.23    0.61     282
 28.000   -3.97   15.71  0.1889   -0.08    3.40   14.49    8.39    0.58     280
 28.500   -3.52   16.58  0.1848   -0.10    3.62   15.18    8.72    0.62     277
 29.000   -3.33   17.33  0.1929    0.03    3.82   15.78    9.13    0.69     275
 29.500   -2.96   17.81  0.1772    0.04    3.98   16.18    9.27    0.61     271
 30.000   -2.58   18.74  0.1909    0.15    4.03   16.92    9.63    0.57     259
