       72402     37.85N  75.48W
     T A B L E  I -   1.  W I N D  S T A T I S T I C A L  P A R A M E T E R S
                                   January
 STATION =   724020     WALLOP ISLAND, VA
    Z    MEAN U   SD  U  R(U,V)  MEAN V   SD  V MEAN WS  SD  WS SKEW WS    NOBS
    KM     M/S     M/S             M/S     M/S     M/S     M/S                 
  0.000    0.00    0.00  0.0000    0.00    0.00    0.00    0.00    0.00     100
  0.004    0.90    2.82  0.1425   -0.61    3.28    3.62    2.61    1.53    1564
  0.500    5.21    7.57  0.0767   -1.34    9.10   11.68    5.83    0.69    1567
  1.000    7.71    7.31  0.1004   -0.61    9.16   12.66    6.20    0.84    1569
  1.500    9.98    6.63  0.1001   -0.17    8.92   13.72    5.95    0.65    1569
  2.000   12.32    6.51  0.0689    0.23    9.01   15.51    5.99    0.49    1569
  2.500   14.73    6.86  0.0770    0.69    9.46   17.67    6.54    0.42    1569
  3.000   17.16    7.59  0.0897    1.08   10.08   20.05    7.31    0.37    1569
  3.500   19.30    8.33  0.1054    1.48   10.83   22.27    8.11    0.32    1569
  4.000   21.36    9.18  0.1037    1.81   11.64   24.48    8.99    0.36    1570
  4.500   23.34    9.98  0.1054    2.15   12.43   26.59    9.89    0.39    1570
  5.000   25.23   10.86  0.1095    2.43   13.35   28.68   10.78    0.41    1569
  5.500   27.23   11.78  0.1324    2.76   14.24   30.87   11.75    0.40    1569
  6.000   29.06   12.80  0.1367    3.11   15.17   32.95   12.75    0.38    1568
  6.500   30.91   13.63  0.1432    3.43   16.13   35.06   13.61    0.36    1564
  7.000   32.83   14.41  0.1482    3.77   17.03   37.19   14.41    0.31    1563
  7.500   34.77   15.15  0.1545    4.23   17.82   39.34   15.08    0.26    1562
  8.000   36.67   15.80  0.1501    4.57   18.55   41.42   15.66    0.23    1560
  8.500   38.55   16.33  0.1428    4.62   19.18   43.41   16.11    0.18    1556
  9.000   40.23   16.77  0.1367    4.68   19.85   45.19   16.56    0.13    1552
  9.500   41.78   16.90  0.1337    4.90   20.11   46.72   16.66    0.13    1550
 10.000   43.21   16.97  0.1256    4.82   20.07   48.01   16.67    0.09    1549
 10.500   44.35   16.92  0.1274    4.74   19.83   48.89   16.70    0.11    1546
 11.000   45.15   16.54  0.1259    4.38   19.06   49.26   16.42    0.13    1542
 11.500   45.52   15.85  0.1223    3.93   17.81   49.09   15.74    0.11    1535
 12.000   45.26   15.00  0.1253    3.63   16.65   48.41   14.92    0.08    1527
 12.500   44.17   14.03  0.1401    3.45   15.18   46.85   14.05    0.07    1525
 13.000   42.69   13.19  0.1809    3.24   13.98   45.06   13.20    0.09    1521
 13.500   41.09   12.57  0.1697    3.08   12.86   43.20   12.53    0.08    1517
 14.000   39.38   11.99  0.1769    3.07   11.99   41.31   11.95    0.10    1512
 14.500   37.74   11.43  0.1888    3.05   11.09   39.47   11.45    0.12    1507
 15.000   35.97   10.94  0.1994    2.80   10.49   37.59   10.97    0.12    1499
 15.500   33.75   10.62  0.2071    2.47   10.18   35.34   10.68    0.12    1495
 16.000   31.66   10.25  0.2193    2.10    9.49   33.10   10.37    0.17    1485
 16.500   29.36    9.65  0.2158    2.00    8.68   30.67    9.75    0.23    1454
 17.000   27.11    9.17  0.2271    2.04    8.06   28.37    9.23    0.28    1449
 17.500   25.10    8.99  0.2350    1.64    7.53   26.29    9.01    0.31    1431
 18.000   22.76    8.83  0.2315    1.18    7.04   23.89    8.81    0.40    1422
 18.500   20.59    8.72  0.2417    1.11    6.82   21.74    8.70    0.52    1407
 19.000   18.69    8.73  0.2952    0.95    6.46   19.85    8.69    0.71    1392
 19.500   17.06    8.78  0.3074    1.00    6.21   18.24    8.73    0.79    1385
 20.000   15.71    8.99  0.3447    0.86    6.09   16.93    8.95    0.93    1369
 20.500   14.64    9.10  0.3744    0.87    5.98   15.90    9.01    0.91    1357
 21.000   13.65    9.34  0.3829    0.65    5.91   15.09    9.06    1.02    1343
 21.500   12.79    9.68  0.4116    0.63    6.01   14.47    9.23    1.09    1334
 22.000   12.10   10.06  0.4476    0.56    6.28   14.13    9.44    1.17    1317
 22.500   11.64   10.38  0.4957    0.63    6.50   14.02    9.53    1.24    1307
 23.000   11.26   10.90  0.5092    0.58    6.74   14.08    9.71    1.25    1302
 23.500   11.11   11.49  0.5189    0.71    7.02   14.32   10.04    1.22    1298
 24.000   10.97   11.97  0.5424    0.84    7.28   14.60   10.24    1.24    1279
 24.500   10.99   12.57  0.5743    0.82    7.46   15.02   10.51    1.28    1260
 25.000   11.01   13.34  0.5633    0.81    7.87   15.63   10.89    1.25    1245
 25.500   11.16   13.91  0.5674    0.80    8.20   16.19   11.17    1.20    1233
 26.000   11.44   14.54  0.5705    0.85    8.60   16.84   11.57    1.17    1222
 26.500   11.75   15.37  0.5554    0.92    8.96   17.65   12.02    1.15    1183
 27.000   12.04   15.83  0.5497    1.08    9.33   18.26   12.28    1.13    1149
 27.500   12.50   16.38  0.5538    1.23    9.55   18.86   12.73    1.08    1127
 28.000   12.78   17.20  0.5350    1.41   10.24   19.85   13.15    1.11    1092
 28.500   13.15   17.82  0.5221    1.46   10.76   20.51   13.72    1.13    1034
 29.000   13.61   18.67  0.5276    1.32   10.96   21.42   14.08    1.06     962
 29.500   14.14   19.26  0.5187    1.17   11.46   22.18   14.57    1.08     903
 30.000   14.39   19.79  0.5024    1.03   11.96   22.82   14.93    1.05     822
     T A B L E  I -   2.  W I N D  S T A T I S T I C A L  P A R A M E T E R S
                                  February
 STATION =   724020     WALLOP ISLAND, VA
    Z    MEAN U   SD  U  R(U,V)  MEAN V   SD  V MEAN WS  SD  WS SKEW WS    NOBS
    KM     M/S     M/S             M/S     M/S     M/S     M/S                 
  0.000    0.00    0.00  0.0000    0.00    0.00    0.00    0.00    0.00     100
  0.004    0.80    3.03  0.2221   -0.52    3.52    3.80    2.82    1.67    1486
  0.500    4.99    7.95  0.1206   -1.37    8.82   11.52    6.01    0.69    1487
  1.000    7.62    7.78  0.0919   -1.27    8.73   12.53    6.37    0.75    1487
  1.500    9.91    7.13  0.0769   -1.02    8.76   13.71    6.27    0.65    1487
  2.000   12.31    7.04  0.0960   -0.63    8.91   15.52    6.38    0.41    1487
  2.500   14.72    7.40  0.1081   -0.28    9.18   17.60    6.83    0.24    1486
  3.000   16.91    7.99  0.1085   -0.00    9.66   19.70    7.44    0.19    1484
  3.500   19.18    8.75  0.0952    0.25   10.18   21.95    8.17    0.16    1481
  4.000   21.30    9.45  0.0764    0.29   10.74   24.06    8.94    0.21    1479
  4.500   23.37   10.38  0.0998    0.38   11.37   26.21    9.83    0.25    1479
  5.000   25.28   11.17  0.1171    0.49   12.18   28.25   10.70    0.29    1477
  5.500   27.08   12.01  0.1358    0.82   13.06   30.26   11.56    0.30    1474
  6.000   28.97   12.67  0.1416    0.99   13.84   32.29   12.24    0.28    1472
  6.500   30.81   13.57  0.1489    1.19   14.65   34.33   13.11    0.26    1472
  7.000   32.79   14.37  0.1451    1.53   15.55   36.49   13.96    0.25    1470
  7.500   34.75   15.17  0.1436    1.81   16.38   38.65   14.70    0.20    1468
  8.000   36.71   15.90  0.1361    2.04   17.12   40.77   15.37    0.17    1463
  8.500   38.64   16.58  0.1296    2.19   17.85   42.86   16.00    0.16    1459
  9.000   40.49   17.18  0.1277    2.23   18.31   44.75   16.51    0.14    1457
  9.500   42.40   17.58  0.1225    2.22   18.62   46.62   16.89    0.12    1456
 10.000   43.92   17.77  0.1207    1.92   18.65   48.01   17.11    0.10    1453
 10.500   45.15   17.67  0.1192    1.70   18.56   49.07   17.05    0.09    1446
 11.000   45.89   17.38  0.1115    1.36   17.94   49.47   16.90    0.07    1442
 11.500   45.93   16.47  0.1059    0.89   16.91   49.03   16.29    0.07    1440
 12.000   45.32   15.63  0.1240    0.80   15.92   48.06   15.59    0.17    1437
 12.500   44.22   14.70  0.1668    0.84   14.58   46.62   14.61    0.27    1430
 13.000   42.92   13.93  0.1879    0.62   13.39   45.00   13.85    0.27    1425
 13.500   41.25   13.15  0.1808    0.58   12.26   43.09   13.03    0.22    1422
 14.000   39.42   12.48  0.1754    0.59   11.42   41.10   12.35    0.20    1421
 14.500   37.68   12.07  0.1777    0.57   10.51   39.21   11.88    0.19    1415
 15.000   35.64   11.27  0.1573    0.39   10.02   37.08   11.11    0.19    1413
 15.500   33.45   10.66  0.1757    0.40    9.63   34.86   10.52    0.13    1411
 16.000   31.02   10.11  0.1930    0.38    8.96   32.35    9.96    0.20    1406
 16.500   28.73    9.74  0.2034    0.24    8.19   29.98    9.50    0.29    1389
 17.000   26.29    9.17  0.1998    0.25    7.43   27.44    8.90    0.35    1377
 17.500   23.98    8.82  0.1707    0.06    6.84   25.08    8.48    0.38    1376
 18.000   21.65    8.67  0.1618   -0.03    6.42   22.72    8.38    0.41    1370
 18.500   19.47    8.45  0.1619   -0.06    6.24   20.56    8.20    0.47    1355
 19.000   17.27    8.51  0.2212    0.03    5.76   18.41    8.15    0.66    1350
 19.500   15.54    8.35  0.2173   -0.17    5.61   16.75    7.99    0.74    1341
 20.000   13.89    8.46  0.2450   -0.24    5.28   15.19    7.95    0.90    1330
 20.500   12.58    8.58  0.2425   -0.12    5.24   14.04    7.91    1.00    1325
 21.000   11.44    8.69  0.2984   -0.16    5.09   13.05    7.94    1.09    1315
 21.500   10.31    8.93  0.2909   -0.31    4.93   12.16    7.95    1.27    1304
 22.000    9.67    9.31  0.3006   -0.37    4.91   11.85    8.06    1.42    1296
 22.500    9.08    9.57  0.3232   -0.37    5.00   11.62    8.08    1.49    1288
 23.000    8.61    9.95  0.3647   -0.25    5.22   11.58    8.20    1.61    1276
 23.500    8.19   10.36  0.4058   -0.37    5.32   11.54    8.38    1.64    1265
 24.000    7.88   10.81  0.4381   -0.41    5.39   11.69    8.48    1.67    1251
 24.500    7.90   11.29  0.4577   -0.28    5.64   12.03    8.82    1.67    1238
 25.000    7.91   11.88  0.4721   -0.32    5.76   12.44    9.11    1.71    1222
 25.500    7.89   12.41  0.4628   -0.38    5.84   12.79    9.38    1.64    1208
 26.000    7.99   13.04  0.4786   -0.38    6.07   13.25    9.79    1.58    1194
 26.500    8.26   13.52  0.4936   -0.58    6.36   13.69   10.24    1.57    1148
 27.000    8.46   13.98  0.5015   -0.56    6.59   14.22   10.44    1.56    1114
 27.500    8.78   14.58  0.5069   -0.60    6.85   14.78   10.89    1.52    1084
 28.000    9.32   15.06  0.5089   -0.50    7.17   15.58   11.11    1.50    1043
 28.500    9.88   15.52  0.5200   -0.52    7.45   16.26   11.43    1.43     991
 29.000   10.52   16.03  0.5248   -0.58    7.76   17.02   11.80    1.34     936
 29.500   11.01   16.48  0.5177   -0.44    8.10   17.73   12.02    1.21     840
 30.000   11.67   17.03  0.5073   -0.34    8.46   18.42   12.61    1.11     759
     T A B L E  I -   3.  W I N D  S T A T I S T I C A L  P A R A M E T E R S
                                     March
 STATION =   724020     WALLOP ISLAND, VA
    Z    MEAN U   SD  U  R(U,V)  MEAN V   SD  V MEAN WS  SD  WS SKEW WS    NOBS
    KM     M/S     M/S             M/S     M/S     M/S     M/S                 
  0.000    0.00    0.00  0.0000    0.00    0.00    0.00    0.00    0.00     100
  0.004    0.30    3.17  0.1770   -0.13    3.68    4.03    2.72    1.25    1649
  0.500    3.80    7.66  0.0833   -1.16    9.10   11.19    5.78    0.60    1649
  1.000    6.38    7.36  0.0805   -1.30    8.95   11.87    6.06    0.79    1649
  1.500    8.51    6.96  0.0830   -1.18    8.76   12.83    5.91    0.64    1648
  2.000   10.36    7.01  0.0783   -1.44    8.88   14.19    6.06    0.33    1647
  2.500   12.13    7.47  0.0587   -1.45    9.29   15.76    6.57    0.21    1647
  3.000   13.92    8.07  0.0562   -1.33    9.80   17.53    7.06    0.16    1646
  3.500   15.61    8.67  0.0401   -1.30   10.36   19.25    7.63    0.13    1645
  4.000   17.24    9.46  0.0211   -1.27   10.99   20.91    8.50    0.19    1643
  4.500   18.76   10.22  0.0127   -1.29   11.61   22.56    9.19    0.25    1643
  5.000   20.28   11.11  0.0083   -1.32   12.27   24.21   10.07    0.29    1641
  5.500   21.76   11.90  0.0177   -1.28   12.87   25.77   10.89    0.32    1641
  6.000   23.26   12.65  0.0406   -1.30   13.55   27.39   11.67    0.33    1640
  6.500   24.74   13.53  0.0443   -1.21   14.41   29.13   12.51    0.36    1640
  7.000   26.32   14.38  0.0549   -1.11   15.25   30.95   13.26    0.41    1640
  7.500   27.90   15.15  0.0702   -0.96   16.16   32.79   13.98    0.39    1638
  8.000   29.50   15.91  0.0877   -0.80   17.00   34.64   14.62    0.36    1632
  8.500   31.01   16.53  0.0919   -0.69   17.76   36.37   15.15    0.33    1632
  9.000   32.65   16.93  0.0997   -0.64   18.43   38.05   15.67    0.29    1627
  9.500   34.10   17.49  0.1045   -0.74   18.94   39.58   16.20    0.25    1625
 10.000   35.36   17.56  0.1054   -0.75   19.23   40.78   16.35    0.21    1623
 10.500   36.44   17.56  0.1007   -0.75   19.09   41.63   16.39    0.18    1621
 11.000   37.01   17.35  0.1051   -1.05   18.74   41.92   16.33    0.19    1619
 11.500   37.07   16.73  0.1087   -1.27   17.73   41.47   15.86    0.22    1615
 12.000   36.66   15.89  0.1271   -1.48   16.49   40.54   15.12    0.25    1610
 12.500   35.67   14.76  0.1352   -1.49   14.77   38.92   14.07    0.23    1608
 13.000   34.17   13.52  0.1372   -1.51   13.21   36.93   12.84    0.25    1602
 13.500   32.88   12.48  0.1213   -1.45   11.91   35.20   11.96    0.17    1597
 14.000   31.54   11.51  0.1054   -1.40   11.11   33.62   11.08    0.10    1593
 14.500   30.11   10.78  0.0993   -1.37   10.51   32.07   10.39    0.07    1585
 15.000   28.45   10.20  0.1187   -1.42    9.84   30.28    9.79    0.08    1579
 15.500   26.55    9.77  0.1094   -1.34    9.05   28.24    9.34    0.13    1575
 16.000   24.75    9.25  0.0881   -1.36    8.61   26.39    8.84    0.16    1572
 16.500   22.59    8.71  0.0920   -1.22    7.90   24.11    8.32    0.17    1559
 17.000   20.50    8.23  0.1029   -1.05    7.42   21.98    7.88    0.23    1557
 17.500   18.40    7.76  0.1069   -1.04    6.83   19.80    7.43    0.30    1553
 18.000   16.39    7.31  0.0987   -0.97    6.45   17.82    6.92    0.39    1548
 18.500   14.43    7.03  0.1227   -1.01    5.99   15.85    6.61    0.35    1539
 19.000   12.57    6.70  0.1365   -0.94    5.68   14.09    6.20    0.51    1528
 19.500   11.09    6.41  0.1207   -0.93    5.30   12.63    5.89    0.59    1524
 20.000    9.58    6.40  0.1430   -0.97    5.00   11.26    5.75    0.75    1515
 20.500    8.33    6.42  0.1429   -0.84    4.73   10.16    5.55    0.80    1512
 21.000    7.34    6.37  0.1734   -0.66    4.48    9.29    5.42    0.93    1498
 21.500    6.58    6.37  0.1877   -0.65    4.31    8.75    5.20    1.07    1490
 22.000    6.02    6.55  0.2128   -0.75    4.21    8.49    5.12    1.27    1481
 22.500    5.45    6.81  0.2153   -0.72    4.13    8.25    5.16    1.36    1472
 23.000    5.07    6.92  0.2054   -0.82    4.06    8.15    5.03    1.34    1459
 23.500    4.87    7.20  0.2416   -0.80    4.11    8.21    5.11    1.25    1453
 24.000    4.80    7.53  0.2807   -0.75    4.01    8.32    5.27    1.22    1433
 24.500    4.87    7.86  0.2442   -0.82    4.02    8.60    5.38    1.17    1422
 25.000    5.02    8.09  0.2488   -0.86    4.09    8.91    5.43    1.24    1407
 25.500    5.21    8.47  0.2347   -0.92    4.09    9.19    5.72    1.18    1394
 26.000    5.57    8.91  0.2499   -1.00    4.11    9.64    5.98    1.09    1382
 26.500    5.90    9.37  0.2504   -0.80    4.18   10.09    6.25    1.05    1357
 27.000    6.55    9.86  0.2428   -0.89    4.29   10.75    6.64    1.03    1315
 27.500    7.41   10.52  0.2457   -0.92    4.36   11.57    7.21    0.97    1277
 28.000    8.06   11.14  0.2694   -1.02    4.58   12.36    7.68    0.95    1242
 28.500    8.73   11.44  0.2754   -0.92    4.54   12.81    8.08    0.93    1187
 29.000    9.71   12.01  0.2463   -0.87    4.63   13.63    8.69    0.94    1132
 29.500   10.55   12.62  0.2204   -0.84    4.84   14.46    9.30    0.86    1046
 30.000   11.54   13.32  0.2253   -1.02    4.92   15.49    9.82    0.83     948
     T A B L E  I -   4.  W I N D  S T A T I S T I C A L  P A R A M E T E R S
                                     April
 STATION =   724020     WALLOP ISLAND, VA
    Z    MEAN U   SD  U  R(U,V)  MEAN V   SD  V MEAN WS  SD  WS SKEW WS    NOBS
    KM     M/S     M/S             M/S     M/S     M/S     M/S                 
  0.000    0.00    0.00  0.0000    0.00    0.00    0.00    0.00    0.00     100
  0.004    0.25    3.29  0.2829    0.57    3.95    4.34    2.81    1.35    1577
  0.500    3.48    7.72  0.2104    0.42    8.92   11.02    5.58    0.53    1577
  1.000    5.73    7.45  0.2177   -0.17    8.49   11.38    5.64    0.66    1577
  1.500    7.43    7.20  0.1906   -0.46    7.98   11.91    5.41    0.51    1577
  2.000    8.82    7.24  0.1427   -0.69    8.11   12.89    5.58    0.39    1576
  2.500   10.19    7.41  0.1161   -0.88    8.66   14.04    6.13    0.43    1576
  3.000   11.46    7.85  0.0936   -0.95    9.18   15.28    6.69    0.47    1575
  3.500   12.79    8.42  0.0901   -0.97    9.72   16.63    7.34    0.46    1573
  4.000   13.97    9.06  0.0892   -0.83   10.32   17.88    8.07    0.55    1573
  4.500   15.14    9.55  0.0975   -0.85   10.76   19.06    8.61    0.49    1573
  5.000   16.23    9.97  0.0915   -0.82   11.38   20.25    9.11    0.57    1573
  5.500   17.23   10.44  0.0958   -0.75   11.99   21.35    9.74    0.65    1572
  6.000   18.31   11.03  0.0902   -0.81   12.57   22.50   10.47    0.71    1570
  6.500   19.30   11.59  0.0714   -0.83   13.28   23.69   11.10    0.69    1570
  7.000   20.34   12.19  0.0689   -0.82   14.00   24.96   11.68    0.67    1569
  7.500   21.43   12.83  0.0677   -0.74   14.88   26.33   12.36    0.65    1563
  8.000   22.50   13.46  0.0602   -0.79   15.75   27.74   12.95    0.59    1559
  8.500   23.65   14.15  0.0545   -0.80   16.53   29.14   13.61    0.57    1557
  9.000   24.77   14.78  0.0428   -0.95   17.40   30.56   14.22    0.52    1555
  9.500   25.88   15.40  0.0383   -1.00   18.03   31.84   14.82    0.50    1554
 10.000   27.03   15.80  0.0418   -1.14   18.42   33.08   15.09    0.47    1552
 10.500   28.13   15.94  0.0535   -1.24   18.58   34.04   15.29    0.40    1551
 11.000   28.80   16.00  0.0712   -1.53   18.34   34.48   15.40    0.41    1545
 11.500   29.16   15.72  0.0816   -1.75   17.80   34.46   15.21    0.41    1542
 12.000   29.14   15.17  0.0754   -1.96   16.65   33.82   14.74    0.46    1542
 12.500   28.47   13.99  0.0896   -2.10   14.80   32.42   13.46    0.51    1537
 13.000   27.12   12.49  0.0915   -2.03   12.84   30.34   11.91    0.38    1537
 13.500   25.79   10.92  0.0886   -1.75   11.45   28.49   10.38    0.30    1529
 14.000   24.59    9.84  0.0707   -1.59   10.58   27.00    9.38    0.25    1525
 14.500   23.40    9.18  0.0755   -1.63    9.91   25.60    8.87    0.19    1524
 15.000   21.99    8.62  0.0817   -1.68    9.32   24.05    8.37    0.21    1521
 15.500   20.30    7.96  0.0927   -1.46    8.79   22.28    7.71    0.32    1518
 16.000   18.66    7.68  0.0877   -1.30    8.24   20.55    7.45    0.23    1513
 16.500   17.03    7.11  0.0936   -1.29    7.54   18.80    6.82    0.34    1500
 17.000   14.95    6.66  0.0713   -1.31    7.05   16.74    6.34    0.39    1496
 17.500   13.02    6.22  0.0833   -1.29    6.59   14.81    5.94    0.58    1488
 18.000   11.32    5.83  0.0933   -1.13    6.16   13.07    5.64    0.62    1480
 18.500    9.67    5.52  0.0964   -1.05    5.63   11.40    5.22    0.67    1476
 19.000    8.20    5.38  0.0957   -0.75    5.30   10.03    5.00    0.92    1466
 19.500    6.94    5.21  0.1199   -0.79    4.86    8.85    4.72    1.01    1460
 20.000    5.69    4.94  0.1181   -0.71    4.42    7.67    4.36    1.20    1453
 20.500    4.67    4.93  0.1681   -0.61    4.14    6.82    4.20    1.32    1450
 21.000    3.78    4.91  0.1943   -0.53    3.91    6.23    3.97    1.41    1438
 21.500    3.07    4.87  0.1919   -0.41    3.81    5.87    3.72    1.44    1428
 22.000    2.59    5.04  0.1660   -0.45    3.58    5.72    3.63    1.54    1416
 22.500    2.15    5.10  0.1489   -0.42    3.57    5.67    3.52    1.55    1413
 23.000    1.90    5.38  0.1342   -0.55    3.39    5.72    3.53    1.62    1403
 23.500    1.79    5.58  0.1335   -0.37    3.38    5.79    3.62    1.75    1395
 24.000    1.79    5.79  0.1590   -0.54    3.35    5.87    3.76    1.46    1380
 24.500    1.89    6.01  0.1469   -0.53    3.37    6.16    3.76    1.37    1371
 25.000    2.09    6.45  0.1802   -0.45    3.49    6.56    4.02    1.40    1354
 25.500    2.40    6.79  0.1909   -0.46    3.46    6.87    4.20    1.27    1334
 26.000    2.66    7.05  0.1931   -0.45    3.59    7.17    4.36    1.12    1318
 26.500    3.06    7.49  0.1828   -0.54    3.62    7.59    4.64    1.05    1307
 27.000    3.61    8.00  0.1658   -0.69    3.84    8.25    4.96    0.96    1261
 27.500    4.18    8.43  0.1870   -0.68    3.99    8.84    5.20    1.08    1238
 28.000    4.72    8.76  0.1905   -0.73    4.00    9.33    5.40    1.01    1210
 28.500    5.25    9.26  0.1825   -0.53    4.24    9.89    5.86    0.92    1159
 29.000    6.05    9.58  0.2178   -0.40    4.29   10.52    6.07    0.83    1109
 29.500    6.88    9.90  0.2204   -0.27    4.57   11.22    6.40    0.74    1034
 30.000    7.78   10.12  0.1691   -0.21    4.93   11.97    6.68    0.74     955
     T A B L E  I -   5.  W I N D  S T A T I S T I C A L  P A R A M E T E R S
                                       May
 STATION =   724020     WALLOP ISLAND, VA
    Z    MEAN U   SD  U  R(U,V)  MEAN V   SD  V MEAN WS  SD  WS SKEW WS    NOBS
    KM     M/S     M/S             M/S     M/S     M/S     M/S                 
  0.000    0.00    0.00  0.0000    0.00    0.00    0.00    0.00    0.00     100
  0.004   -0.08    3.13  0.3991    0.78    3.45    3.98    2.53    1.29    1676
  0.500    2.65    6.94  0.2771    0.33    6.84    9.00    4.69    0.69    1676
  1.000    4.18    7.04  0.2396   -0.31    6.52    9.29    4.90    0.78    1676
  1.500    5.34    6.86  0.1866   -0.64    6.24    9.60    4.80    0.64    1676
  2.000    6.48    7.01  0.1460   -0.79    6.48   10.45    5.02    0.52    1676
  2.500    7.55    7.34  0.1251   -1.04    6.85   11.36    5.50    0.50    1676
  3.000    8.62    7.78  0.1172   -1.22    7.34   12.41    6.04    0.51    1674
  3.500    9.60    8.27  0.1127   -1.18    7.76   13.40    6.58    0.50    1673
  4.000   10.45    8.83  0.1172   -1.18    8.31   14.35    7.24    0.53    1672
  4.500   11.32    9.33  0.1060   -1.18    8.79   15.30    7.80    0.56    1671
  5.000   12.09    9.81  0.1101   -1.24    9.29   16.17    8.34    0.56    1670
  5.500   12.91   10.39  0.1104   -1.28    9.84   17.14    8.94    0.58    1669
  6.000   13.69   10.94  0.1099   -1.35   10.41   18.10    9.48    0.59    1668
  6.500   14.49   11.51  0.1028   -1.35   11.05   19.13   10.06    0.63    1668
  7.000   15.35   12.19  0.1036   -1.36   11.73   20.21   10.77    0.67    1668
  7.500   16.18   12.76  0.1042   -1.28   12.48   21.25   11.43    0.66    1665
  8.000   17.02   13.37  0.1070   -1.27   13.25   22.41   12.02    0.64    1665
  8.500   17.86   14.01  0.1209   -1.28   14.02   23.55   12.63    0.61    1663
  9.000   18.62   14.63  0.1246   -1.29   14.90   24.70   13.22    0.57    1662
  9.500   19.35   15.20  0.1217   -1.39   15.69   25.76   13.79    0.52    1662
 10.000   20.23   15.68  0.1231   -1.60   16.42   26.95   14.22    0.48    1662
 10.500   20.98   16.08  0.1210   -1.64   16.94   27.91   14.50    0.41    1661
 11.000   21.58   16.33  0.1274   -2.04   17.08   28.59   14.56    0.33    1659
 11.500   22.16   16.37  0.1303   -2.34   16.89   28.99   14.54    0.30    1658
 12.000   22.42   15.99  0.1381   -2.69   16.33   28.80   14.27    0.28    1658
 12.500   22.08   15.16  0.1340   -2.82   15.16   27.81   13.56    0.32    1656
 13.000   21.18   13.88  0.1467   -2.80   13.72   26.24   12.31    0.28    1656
 13.500   20.10   12.49  0.1705   -2.65   11.94   24.35   10.89    0.31    1653
 14.000   18.94   11.08  0.1789   -2.58   10.57   22.52    9.66    0.25    1651
 14.500   17.59    9.98  0.1741   -2.57    9.69   20.82    8.81    0.17    1649
 15.000   16.18    9.27  0.1666   -2.61    8.87   19.16    8.20    0.17    1648
 15.500   14.58    8.58  0.1351   -2.71    8.22   17.44    7.63    0.25    1646
 16.000   13.01    7.64  0.1547   -2.59    7.72   15.82    6.70    0.27    1642
 16.500   11.34    7.05  0.1947   -2.42    7.09   14.10    6.01    0.24    1620
 17.000    9.65    6.39  0.1777   -2.35    6.40   12.37    5.38    0.34    1616
 17.500    8.01    5.87  0.1783   -2.24    5.97   10.82    4.84    0.40    1611
 18.000    6.47    5.47  0.1855   -1.87    5.42    9.36    4.28    0.50    1611
 18.500    5.25    4.94  0.1746   -1.78    5.03    8.10    3.93    0.51    1611
 19.000    3.93    4.56  0.2054   -1.52    4.58    7.00    3.38    0.49    1602
 19.500    2.79    4.36  0.2025   -1.41    4.18    6.18    3.04    0.58    1598
 20.000    1.87    4.10  0.2137   -1.14    3.82    5.47    2.74    0.69    1597
 20.500    1.18    3.97  0.2013   -1.02    3.57    5.03    2.56    0.71    1595
 21.000    0.56    4.01  0.1635   -1.06    3.31    4.77    2.52    0.79    1589
 21.500   -0.06    3.88  0.1535   -0.92    3.10    4.53    2.39    0.81    1583
 22.000   -0.44    3.98  0.1503   -0.94    3.13    4.69    2.44    0.79    1578
 22.500   -0.80    3.99  0.1462   -0.98    2.85    4.63    2.35    0.77    1570
 23.000   -0.97    4.14  0.0874   -0.90    2.92    4.76    2.45    0.85    1560
 23.500   -1.12    4.24  0.0965   -1.02    2.85    4.81    2.47    0.84    1554
 24.000   -1.37    4.38  0.1218   -1.08    2.94    4.95    2.59    0.91    1543
 24.500   -1.52    4.58  0.1255   -1.07    3.15    5.24    2.80    0.93    1522
 25.000   -1.59    4.77  0.1467   -0.95    3.09    5.40    2.79    0.82    1510
 25.500   -1.48    4.97  0.0781   -0.97    3.21    5.55    2.92    0.81    1499
 26.000   -1.43    5.07  0.0691   -0.99    3.34    5.67    2.96    0.78    1491
 26.500   -1.29    5.24  0.0554   -1.04    3.48    5.78    3.08    0.75    1480
 27.000   -1.28    5.44  0.0998   -0.97    3.44    5.88    3.14    0.70    1386
 27.500   -1.04    5.81  0.1083   -0.93    3.55    6.10    3.38    0.86    1364
 28.000   -0.81    6.00  0.0945   -0.83    3.58    6.31    3.33    0.78    1338
 28.500   -0.55    6.38  0.0595   -0.85    3.78    6.62    3.62    0.84    1305
 29.000   -0.58    6.49  0.0367   -0.83    3.96    6.69    3.87    1.03    1255
 29.500   -0.45    6.68  0.0593   -0.66    4.07    6.86    3.98    0.93    1195
 30.000   -0.11    6.93  0.0559   -0.57    4.43    7.17    4.15    0.96    1117
     T A B L E  I -   6.  W I N D  S T A T I S T I C A L  P A R A M E T E R S
                                      June
 STATION =   724020     WALLOP ISLAND, VA
    Z    MEAN U   SD  U  R(U,V)  MEAN V   SD  V MEAN WS  SD  WS SKEW WS    NOBS
    KM     M/S     M/S             M/S     M/S     M/S     M/S                 
  0.000    0.00    0.00  0.0000    0.00    0.00    0.00    0.00    0.00     100
  0.004    0.31    2.69  0.2694    1.02    3.09    3.62    2.19    1.03    1572
  0.500    2.63    5.73  0.1421    0.47    5.76    7.66    3.87    0.62    1573
  1.000    3.79    5.61  0.1530   -0.27    5.23    7.62    3.95    0.78    1573
  1.500    4.67    5.60  0.1478   -0.70    5.07    7.96    4.02    0.60    1573
  2.000    5.60    5.77  0.1073   -0.88    5.36    8.66    4.41    0.56    1573
  2.500    6.38    6.08  0.0752   -0.96    5.69    9.31    4.95    0.60    1573
  3.000    6.97    6.36  0.0765   -0.98    5.86    9.81    5.31    0.63    1573
  3.500    7.56    6.73  0.0974   -1.00    6.15   10.48    5.64    0.67    1570
  4.000    8.15    7.00  0.0940   -1.04    6.53   11.16    5.92    0.63    1570
  4.500    8.72    7.32  0.0959   -1.13    6.90   11.82    6.25    0.64    1568
  5.000    9.26    7.64  0.1009   -1.21    7.19   12.46    6.51    0.67    1567
  5.500    9.91    7.95  0.0975   -1.12    7.45   13.11    6.83    0.76    1567
  6.000   10.48    8.28  0.0962   -1.16    7.76   13.74    7.17    0.77    1565
  6.500   11.09    8.73  0.0955   -1.27    8.16   14.52    7.57    0.80    1564
  7.000   11.78    9.20  0.1062   -1.30    8.60   15.35    8.01    0.80    1564
  7.500   12.49    9.80  0.1211   -1.28    9.20   16.26    8.59    0.81    1563
  8.000   13.13   10.37  0.1401   -1.15    9.88   17.18    9.17    0.81    1559
  8.500   13.87   10.88  0.1748   -1.03   10.59   18.19    9.70    0.75    1556
  9.000   14.59   11.48  0.1963   -1.01   11.35   19.20   10.31    0.71    1554
  9.500   15.20   12.15  0.2068   -1.12   12.20   20.21   10.99    0.66    1554
 10.000   15.85   12.85  0.2149   -1.16   13.14   21.28   11.75    0.63    1551
 10.500   16.50   13.47  0.2194   -1.33   14.03   22.32   12.44    0.63    1549
 11.000   17.11   14.06  0.2340   -1.56   14.82   23.37   12.91    0.59    1548
 11.500   17.65   14.45  0.2360   -1.74   15.40   24.20   13.26    0.55    1548
 12.000   17.98   14.62  0.2315   -2.05   15.49   24.66   13.20    0.48    1545
 12.500   17.95   14.53  0.2480   -2.22   14.99   24.44   12.89    0.44    1545
 13.000   17.52   13.97  0.2665   -2.44   13.87   23.62   12.02    0.42    1542
 13.500   16.69   13.04  0.2574   -2.72   12.46   22.19   10.99    0.49    1538
 14.000   15.60   11.74  0.2525   -3.16   11.19   20.53    9.79    0.51    1536
 14.500   13.84   10.47  0.2493   -3.52    9.99   18.50    8.52    0.45    1533
 15.000   12.05    9.38  0.2368   -3.49    8.69   16.33    7.42    0.57    1531
 15.500   10.32    8.38  0.2168   -3.30    7.89   14.37    6.68    0.60    1529
 16.000    8.62    7.54  0.2048   -3.10    7.02   12.50    5.94    0.65    1527
 16.500    6.89    6.80  0.1772   -2.99    6.40   10.73    5.37    0.62    1523
 17.000    5.23    6.05  0.1884   -2.65    5.78    9.16    4.65    0.64    1497
 17.500    3.66    5.47  0.2042   -2.38    5.06    7.72    4.01    0.73    1495
 18.000    2.12    4.91  0.1680   -2.07    4.45    6.50    3.41    0.69    1494
 18.500    0.84    4.65  0.1539   -1.76    4.03    5.71    3.15    0.86    1493
 19.000   -0.44    4.37  0.1637   -1.60    3.77    5.34    2.86    0.74    1488
 19.500   -1.44    4.13  0.1121   -1.34    3.36    5.16    2.59    0.52    1485
 20.000   -2.44    3.89  0.0691   -1.22    3.16    5.22    2.56    0.63    1482
 20.500   -3.31    3.69  0.1257   -1.07    2.82    5.27    2.60    0.55    1475
 21.000   -4.05    3.71  0.0461   -0.92    2.81    5.59    2.81    0.56    1469
 21.500   -4.81    3.54  0.0020   -0.87    2.70    6.00    2.87    0.44    1463
 22.000   -5.43    3.49  0.0246   -0.86    2.72    6.49    2.91    0.41    1459
 22.500   -6.08    3.57  0.0231   -0.96    2.64    7.02    3.07    0.46    1455
 23.000   -6.59    3.58  0.0136   -0.92    2.66    7.45    3.08    0.31    1451
 23.500   -7.05    3.47  0.0481   -0.96    2.59    7.76    3.13    0.23    1444
 24.000   -7.45    3.60  0.0248   -0.88    2.54    8.11    3.22    0.11    1437
 24.500   -7.78    3.66  0.0110   -0.84    2.59    8.41    3.30    0.08    1426
 25.000   -8.06    3.75  0.0059   -0.83    2.69    8.73    3.37    0.20    1413
 25.500   -8.23    3.85  0.0401   -0.94    2.76    8.95    3.41    0.14    1398
 26.000   -8.62    3.91  0.0039   -0.86    2.62    9.25    3.50    0.02    1384
 26.500   -8.73    3.94  0.0126   -0.76    2.65    9.34    3.56    0.09    1374
 27.000   -9.09    4.08 -0.0108   -0.64    2.72    9.66    3.74    0.07    1345
 27.500   -9.37    4.17 -0.0103   -0.62    2.85    9.97    3.82    0.06    1311
 28.000   -9.68    4.32 -0.0311   -0.46    2.87   10.27    4.00    0.12    1288
 28.500  -10.06    4.42 -0.0291   -0.48    2.90   10.68    4.00    0.03    1255
 29.000  -10.38    4.53 -0.0372   -0.29    3.02   11.00    4.16    0.03    1221
 29.500  -10.64    4.56  0.0131   -0.11    3.10   11.26    4.19   -0.10    1154
 30.000  -10.92    4.79  0.0276    0.00    3.13   11.53    4.42   -0.06    1095
     T A B L E  I -   7.  W I N D  S T A T I S T I C A L  P A R A M E T E R S
                                      July
 STATION =   724020     WALLOP ISLAND, VA
    Z    MEAN U   SD  U  R(U,V)  MEAN V   SD  V MEAN WS  SD  WS SKEW WS    NOBS
    KM     M/S     M/S             M/S     M/S     M/S     M/S                 
  0.000    0.00    0.00  0.0000    0.00    0.00    0.00    0.00    0.00     100
  0.004    0.43    2.38  0.3452    1.26    2.89    3.36    2.13    1.08    1503
  0.500    2.65    5.11  0.2643    0.89    5.20    6.91    3.69    0.90    1503
  1.000    3.67    4.91  0.2465    0.17    4.72    6.87    3.61    0.86    1503
  1.500    4.47    4.77  0.2224   -0.15    4.61    7.11    3.70    0.74    1503
  2.000    5.37    4.81  0.1672   -0.26    4.78    7.76    3.87    0.56    1502
  2.500    6.12    5.09  0.1279   -0.29    5.04    8.46    4.19    0.57    1500
  3.000    6.80    5.29  0.1599   -0.25    5.29    9.09    4.46    0.63    1499
  3.500    7.31    5.42  0.1497   -0.20    5.49    9.61    4.58    0.59    1498
  4.000    7.78    5.55  0.1716   -0.21    5.68   10.12    4.66    0.50    1498
  4.500    8.26    5.76  0.1647   -0.13    5.89   10.65    4.82    0.52    1497
  5.000    8.81    5.97  0.1408   -0.09    6.19   11.27    5.01    0.45    1496
  5.500    9.32    6.27  0.1263   -0.06    6.47   11.85    5.30    0.47    1495
  6.000    9.87    6.58  0.1241   -0.00    6.82   12.50    5.57    0.52    1494
  6.500   10.43    7.01  0.1366   -0.08    7.14   13.20    5.93    0.52    1488
  7.000   11.06    7.55  0.1317   -0.18    7.68   14.05    6.45    0.50    1487
  7.500   11.73    8.00  0.1415   -0.08    8.23   14.88    6.92    0.46    1484
  8.000   12.25    8.57  0.1443    0.05    8.86   15.77    7.36    0.44    1480
  8.500   12.71    9.03  0.1774    0.16    9.73   16.62    7.90    0.42    1479
  9.000   13.29    9.62  0.2021    0.21   10.53   17.58    8.46    0.45    1476
  9.500   13.82   10.27  0.2161    0.13   11.34   18.53    9.05    0.44    1472
 10.000   14.32   10.87  0.2420    0.01   12.21   19.52    9.60    0.42    1469
 10.500   14.89   11.47  0.2469   -0.15   13.02   20.54   10.07    0.36    1467
 11.000   15.39   12.08  0.2521   -0.28   13.89   21.53   10.60    0.33    1465
 11.500   15.81   12.57  0.2525   -0.68   14.60   22.42   10.97    0.31    1463
 12.000   16.07   12.97  0.2526   -1.09   14.98   22.98   11.16    0.26    1460
 12.500   16.10   13.18  0.2646   -1.68   14.92   23.15   11.09    0.26    1459
 13.000   15.72   12.94  0.2582   -1.98   14.12   22.51   10.65    0.26    1459
 13.500   14.89   12.31  0.2514   -2.15   12.89   21.17    9.90    0.24    1455
 14.000   13.93   11.45  0.2329   -2.05   11.40   19.49    8.98    0.27    1454
 14.500   12.65   10.31  0.1916   -2.11    9.99   17.51    8.09    0.30    1450
 15.000   10.93    9.33  0.1480   -2.19    8.83   15.40    7.30    0.36    1449
 15.500    9.07    8.19  0.1226   -2.01    7.64   13.18    6.31    0.45    1445
 16.000    7.17    7.11  0.1120   -1.69    6.84   11.20    5.29    0.44    1443
 16.500    5.39    6.30  0.1249   -1.44    6.07    9.36    4.58    0.52    1442
 17.000    3.90    5.49  0.1408   -1.19    5.36    7.88    3.82    0.54    1417
 17.500    2.35    4.91  0.1437   -1.03    4.71    6.66    3.21    0.53    1413
 18.000    0.72    4.48  0.1428   -0.92    4.20    5.71    2.86    0.62    1411
 18.500   -0.76    4.17  0.1484   -0.67    3.70    5.15    2.64    0.76    1407
 19.000   -2.10    3.87  0.1247   -0.59    3.38    4.95    2.67    0.79    1403
 19.500   -3.41    3.52  0.1134   -0.57    2.95    5.29    2.52    0.66    1403
 20.000   -4.61    3.24  0.0764   -0.55    2.71    5.81    2.64    0.40    1400
 20.500   -5.73    3.23  0.0414   -0.63    2.60    6.62    2.72    0.52    1398
 21.000   -6.77    3.10  0.0381   -0.58    2.57    7.37    2.88    0.35    1395
 21.500   -7.70    3.04 -0.0597   -0.53    2.54    8.21    2.87    0.29    1381
 22.000   -8.54    2.90 -0.0237   -0.60    2.47    8.98    2.79    0.18    1377
 22.500   -9.37    2.86 -0.0541   -0.73    2.45    9.78    2.75    0.25    1372
 23.000  -10.10    2.81 -0.0450   -0.64    2.53   10.48    2.74    0.12    1369
 23.500  -10.67    2.77 -0.0490   -0.75    2.41   11.01    2.70    0.18    1364
 24.000  -11.42    2.82 -0.0403   -0.71    2.55   11.75    2.78    0.03    1356
 24.500  -12.01    2.84 -0.0462   -0.64    2.55   12.31    2.79    0.13    1341
 25.000  -12.52    2.96 -0.0088   -0.63    2.41   12.82    2.90    0.07    1337
 25.500  -12.91    2.91  0.0163   -0.61    2.53   13.22    2.86   -0.02    1325
 26.000  -13.44    2.95 -0.0303   -0.66    2.56   13.74    2.88    0.04    1310
 26.500  -13.93    3.05 -0.0257   -0.59    2.56   14.21    3.00   -0.09    1298
 27.000  -14.47    3.23 -0.0436   -0.57    2.61   14.73    3.18   -0.03    1282
 27.500  -14.92    3.20 -0.0428   -0.48    2.67   15.19    3.15   -0.11    1249
 28.000  -15.37    3.28 -0.0592   -0.40    2.57   15.63    3.22   -0.11    1227
 28.500  -15.90    3.30 -0.0884   -0.31    2.79   16.18    3.26   -0.28    1200
 29.000  -16.08    3.37 -0.0101   -0.09    2.86   16.36    3.34   -0.04    1161
 29.500  -16.54    3.38 -0.0149   -0.20    2.82   16.81    3.33    0.08    1100
 30.000  -16.84    3.53 -0.0370   -0.26    3.04   17.14    3.49    0.14    1030
     T A B L E  I -   8.  W I N D  S T A T I S T I C A L  P A R A M E T E R S
                                    August
 STATION =   724020     WALLOP ISLAND, VA
    Z    MEAN U   SD  U  R(U,V)  MEAN V   SD  V MEAN WS  SD  WS SKEW WS    NOBS
    KM     M/S     M/S             M/S     M/S     M/S     M/S                 
  0.000    0.00    0.00  0.0000    0.00    0.00    0.00    0.00    0.00     100
  0.004   -0.08    2.43  0.3930    0.70    2.98    3.24    2.18    1.36    1594
  0.500    0.96    5.37  0.3454    0.42    5.31    6.69    3.72    1.03    1594
  1.000    1.95    5.32  0.3459   -0.38    4.94    6.55    3.75    1.22    1594
  1.500    2.82    5.26  0.2710   -0.62    4.89    6.78    3.78    1.09    1594
  2.000    3.76    5.25  0.2055   -0.61    4.90    7.14    3.93    0.88    1593
  2.500    4.56    5.40  0.1975   -0.53    5.04    7.66    4.16    0.77    1593
  3.000    5.23    5.64  0.2283   -0.35    5.22    8.21    4.40    0.72    1593
  3.500    5.75    5.75  0.2307   -0.28    5.28    8.59    4.52    0.59    1592
  4.000    6.27    5.92  0.2315   -0.12    5.46    9.07    4.72    0.57    1592
  4.500    6.77    6.08  0.2225   -0.01    5.81    9.66    4.86    0.51    1591
  5.000    7.29    6.30  0.2322    0.06    6.15   10.26    5.07    0.45    1590
  5.500    7.79    6.67  0.2533    0.14    6.52   10.89    5.44    0.51    1588
  6.000    8.41    6.99  0.2715    0.07    6.92   11.61    5.73    0.48    1587
  6.500    9.10    7.24  0.2731    0.21    7.33   12.42    5.96    0.45    1585
  7.000    9.78    7.60  0.2692    0.25    7.88   13.21    6.44    0.44    1584
  7.500   10.50    8.09  0.2767    0.37    8.51   14.13    6.98    0.45    1581
  8.000   11.16    8.51  0.3001    0.56    9.19   15.04    7.51    0.49    1577
  8.500   11.83    9.07  0.3094    0.72   10.04   16.08    8.09    0.49    1574
  9.000   12.48    9.70  0.3172    0.91   11.01   17.22    8.69    0.46    1569
  9.500   13.20   10.26  0.3238    1.17   11.94   18.36    9.30    0.42    1567
 10.000   13.87   10.84  0.3242    1.44   12.94   19.51    9.98    0.40    1566
 10.500   14.58   11.40  0.3230    1.57   14.01   20.78   10.48    0.38    1563
 11.000   15.31   11.85  0.3241    1.50   14.92   21.88   11.01    0.33    1561
 11.500   15.94   12.23  0.3203    1.20   15.38   22.72   11.27    0.31    1559
 12.000   16.27   12.55  0.3262    0.85   15.47   23.11   11.38    0.28    1559
 12.500   16.44   12.49  0.3358    0.38   15.12   23.03   11.20    0.26    1560
 13.000   16.20   12.07  0.3446   -0.19   14.13   22.29   10.61    0.26    1559
 13.500   15.36   11.28  0.3546   -0.32   12.84   20.84    9.77    0.30    1557
 14.000   14.20   10.37  0.3516   -0.51   11.23   18.98    8.74    0.34    1555
 14.500   13.01    9.52  0.2938   -0.74    9.80   17.16    7.96    0.35    1550
 15.000   11.43    8.44  0.2389   -0.95    8.64   15.10    7.10    0.44    1548
 15.500    9.70    7.35  0.2372   -1.10    7.49   12.99    6.16    0.43    1546
 16.000    7.98    6.49  0.2276   -0.96    6.45   11.01    5.32    0.50    1546
 16.500    6.36    5.78  0.2073   -0.87    5.74    9.32    4.62    0.51    1542
 17.000    4.71    5.26  0.2119   -0.84    5.08    7.85    3.96    0.55    1521
 17.500    3.19    4.71  0.1622   -0.73    4.57    6.66    3.30    0.61    1518
 18.000    1.61    4.32  0.1800   -0.51    4.11    5.65    2.81    0.55    1516
 18.500    0.34    3.92  0.1798   -0.49    3.68    4.94    2.45    0.73    1512
 19.000   -0.97    3.74  0.1280   -0.42    3.38    4.59    2.44    0.78    1508
 19.500   -2.29    3.49  0.1255   -0.50    3.11    4.79    2.39    0.75    1506
 20.000   -3.36    3.33  0.1092   -0.50    2.88    5.16    2.41    0.54    1502
 20.500   -4.45    3.18  0.0362   -0.48    2.73    5.68    2.54    0.36    1499
 21.000   -5.38    3.18 -0.0228   -0.65    2.65    6.25    2.77    0.37    1489
 21.500   -6.30    3.15 -0.0060   -0.64    2.63    7.03    2.81    0.28    1482
 22.000   -7.08    3.01 -0.0602   -0.73    2.53    7.68    2.77    0.23    1481
 22.500   -7.86    3.08 -0.0370   -0.73    2.48    8.40    2.86    0.23    1475
 23.000   -8.45    2.98 -0.0771   -0.66    2.48    8.94    2.77    0.14    1471
 23.500   -9.09    3.08 -0.0403   -0.63    2.51    9.54    2.90    0.08    1467
 24.000   -9.64    3.07 -0.0695   -0.64    2.50   10.06    2.89    0.04    1451
 24.500  -10.24    3.29 -0.0525   -0.70    2.53   10.64    3.11   -0.08    1429
 25.000  -10.79    3.21 -0.0477   -0.62    2.50   11.15    3.11   -0.08    1421
 25.500  -11.26    3.38 -0.0089   -0.54    2.54   11.62    3.27   -0.05    1408
 26.000  -11.74    3.47  0.0022   -0.54    2.61   12.11    3.35   -0.10    1399
 26.500  -12.11    3.47 -0.0002   -0.47    2.53   12.44    3.37   -0.03    1387
 27.000  -12.51    3.61 -0.0519   -0.49    2.60   12.82    3.51   -0.02    1377
 27.500  -13.02    3.70 -0.0440   -0.44    2.66   13.32    3.66   -0.03    1324
 28.000  -13.23    3.72 -0.0615   -0.38    2.71   13.56    3.65   -0.03    1301
 28.500  -13.54    3.81 -0.0330   -0.45    2.93   13.92    3.70   -0.02    1270
 29.000  -13.90    4.02 -0.0319   -0.39    2.88   14.27    3.89   -0.09    1239
 29.500  -14.10    4.08 -0.0613   -0.28    3.01   14.49    3.93   -0.00    1188
 30.000  -14.34    4.15 -0.0278   -0.32    3.19   14.75    4.03   -0.08    1132
     T A B L E  I -   9.  W I N D  S T A T I S T I C A L  P A R A M E T E R S
                                 September
 STATION =   724020     WALLOP ISLAND, VA
    Z    MEAN U   SD  U  R(U,V)  MEAN V   SD  V MEAN WS  SD  WS SKEW WS    NOBS
    KM     M/S     M/S             M/S     M/S     M/S     M/S                 
  0.000    0.00    0.00  0.0000    0.00    0.00    0.00    0.00    0.00     100
  0.004   -0.48    2.83  0.3985   -0.07    3.13    3.47    2.45    1.52    1567
  0.500   -0.25    6.50  0.2784   -0.60    6.38    7.98    4.50    0.95    1567
  1.000    0.95    6.50  0.2050   -0.50    6.02    7.70    4.58    1.10    1567
  1.500    2.12    6.25  0.1179   -0.45    5.95    7.72    4.44    0.95    1567
  2.000    3.15    6.47  0.1169   -0.32    6.15    8.28    4.64    0.82    1566
  2.500    4.09    6.78  0.1259   -0.04    6.29    8.78    5.03    0.76    1563
  3.000    4.89    7.13  0.1289    0.16    6.60    9.45    5.41    0.76    1562
  3.500    5.73    7.41  0.1518    0.32    6.90   10.10    5.81    0.79    1559
  4.000    6.48    7.65  0.1746    0.62    7.27   10.75    6.22    0.82    1559
  4.500    7.22    7.97  0.2007    0.79    7.59   11.41    6.64    0.86    1554
  5.000    7.98    8.29  0.2116    0.85    7.82   12.12    6.90    0.87    1552
  5.500    8.70    8.61  0.2135    1.06    8.15   12.81    7.34    0.92    1552
  6.000    9.47    9.04  0.2158    1.27    8.48   13.57    7.82    0.91    1552
  6.500   10.23    9.37  0.2471    1.57    8.93   14.36    8.32    0.98    1552
  7.000   10.98    9.68  0.2567    1.74    9.43   15.16    8.79    1.00    1552
  7.500   11.75   10.12  0.2836    2.02    9.99   16.09    9.26    1.01    1550
  8.000   12.54   10.55  0.3059    2.35   10.69   17.19    9.69    0.98    1548
  8.500   13.35   10.95  0.3036    2.71   11.38   18.27   10.11    0.92    1547
  9.000   14.34   11.43  0.3101    3.06   12.16   19.54   10.59    0.84    1544
  9.500   15.29   12.03  0.3129    3.29   12.99   20.85   11.12    0.76    1540
 10.000   16.19   12.56  0.3057    3.51   13.77   22.12   11.55    0.68    1539
 10.500   17.08   13.05  0.3047    3.85   14.58   23.38   11.97    0.62    1537
 11.000   17.89   13.54  0.3031    3.98   15.38   24.59   12.31    0.58    1534
 11.500   18.65   13.79  0.2897    4.06   15.71   25.45   12.46    0.52    1532
 12.000   19.23   13.85  0.2940    4.02   15.67   25.91   12.39    0.49    1532
 12.500   19.50   13.63  0.2982    3.74   15.18   25.76   12.14    0.44    1530
 13.000   19.23   13.06  0.2949    3.30   14.26   24.97   11.54    0.43    1529
 13.500   18.37   12.12  0.2939    2.68   12.89   23.40   10.57    0.38    1528
 14.000   17.18   11.01  0.2948    2.26   11.78   21.69    9.50    0.31    1526
 14.500   15.77   10.26  0.2822    1.82   10.59   19.83    8.82    0.39    1524
 15.000   14.35    9.36  0.2416    1.38    9.52   17.95    8.07    0.34    1517
 15.500   12.86    8.32  0.2576    1.01    8.56   16.04    7.26    0.37    1512
 16.000   11.17    7.67  0.2537    0.70    7.53   14.11    6.58    0.37    1508
 16.500    9.49    7.02  0.2480    0.53    6.89   12.32    5.97    0.45    1502
 17.000    7.66    6.18  0.2360    0.26    5.99   10.35    5.17    0.48    1486
 17.500    6.00    5.53  0.2571    0.32    5.33    8.74    4.47    0.68    1485
 18.000    4.52    5.09  0.2713    0.19    4.88    7.53    3.84    0.73    1484
 18.500    3.38    4.86  0.2115    0.14    4.41    6.61    3.46    0.62    1481
 19.000    2.29    4.48  0.2097    0.00    4.01    5.75    3.02    0.75    1478
 19.500    1.31    4.36  0.2096   -0.20    3.73    5.34    2.76    0.82    1475
 20.000    0.43    4.18  0.1663   -0.30    3.45    4.99    2.50    0.64    1471
 20.500   -0.35    4.04  0.1384   -0.45    3.35    4.77    2.45    0.78    1463
 21.000   -1.05    3.90  0.1347   -0.50    3.13    4.61    2.34    0.61    1455
 21.500   -1.68    3.84  0.1074   -0.56    3.18    4.80    2.35    0.58    1453
 22.000   -2.15    3.83  0.1411   -0.55    3.03    4.92    2.35    0.68    1447
 22.500   -2.63    3.86  0.1440   -0.51    2.98    5.12    2.44    0.61    1442
 23.000   -2.94    4.06  0.1047   -0.59    3.04    5.44    2.53    0.58    1431
 23.500   -3.30    4.17  0.0422   -0.65    2.94    5.60    2.64    0.49    1422
 24.000   -3.60    4.20  0.0601   -0.71    2.90    5.66    2.82    0.47    1411
 24.500   -3.80    4.34  0.0649   -0.67    2.90    5.80    2.99    0.50    1403
 25.000   -4.01    4.39  0.0483   -0.67    2.88    6.02    2.96    0.56    1391
 25.500   -4.10    4.60  0.0536   -0.58    2.94    6.18    3.12    0.55    1380
 26.000   -4.13    4.71  0.0773   -0.59    2.97    6.26    3.17    0.57    1374
 26.500   -4.09    4.89  0.0693   -0.63    3.13    6.37    3.31    0.56    1362
 27.000   -4.23    5.13  0.0837   -0.63    3.17    6.58    3.41    0.52    1335
 27.500   -4.22    5.29  0.0843   -0.54    3.43    6.75    3.56    0.66    1303
 28.000   -4.11    5.41  0.0789   -0.51    3.29    6.77    3.54    0.60    1285
 28.500   -4.08    5.58  0.0575   -0.51    3.38    6.91    3.59    0.63    1255
 29.000   -4.08    5.68  0.0833   -0.47    3.40    6.90    3.77    0.79    1224
 29.500   -3.91    5.95  0.1015   -0.54    3.41    6.97    3.88    0.86    1187
 30.000   -3.74    5.98  0.1029   -0.57    3.62    7.03    3.81    0.71    1127
     T A B L E  I -  10.  W I N D  S T A T I S T I C A L  P A R A M E T E R S
                                   October
 STATION =   724020     WALLOP ISLAND, VA
    Z    MEAN U   SD  U  R(U,V)  MEAN V   SD  V MEAN WS  SD  WS SKEW WS    NOBS
    KM     M/S     M/S             M/S     M/S     M/S     M/S                 
  0.000    0.00    0.00  0.0000    0.00    0.00    0.00    0.00    0.00     100
  0.004    0.23    2.49  0.3306   -0.38    3.02    3.18    2.33    1.60    1587
  0.500    1.92    6.93  0.1936   -1.19    7.53    9.26    4.98    0.66    1587
  1.000    3.35    6.85  0.1462   -0.98    7.03    9.15    5.05    0.88    1587
  1.500    4.81    6.64  0.1199   -0.83    6.88    9.51    4.99    0.77    1587
  2.000    6.22    6.84  0.0930   -0.65    7.23   10.47    5.40    0.66    1587
  2.500    7.57    7.26  0.0911   -0.44    7.72   11.54    6.07    0.51    1586
  3.000    8.82    7.79  0.0925   -0.20    8.18   12.70    6.66    0.46    1586
  3.500    9.92    8.43  0.0962    0.09    8.71   13.85    7.36    0.48    1586
  4.000   11.15    9.08  0.0891    0.28    9.26   15.09    8.08    0.57    1585
  4.500   12.30    9.59  0.1008    0.53    9.77   16.21    8.76    0.60    1584
  5.000   13.46   10.10  0.1251    0.75   10.30   17.34    9.48    0.65    1583
  5.500   14.56   10.67  0.1373    1.03   10.85   18.49   10.16    0.67    1580
  6.000   15.68   11.13  0.1424    1.25   11.48   19.65   10.82    0.71    1578
  6.500   16.79   11.58  0.1552    1.48   12.14   20.92   11.35    0.72    1576
  7.000   17.85   12.17  0.1678    1.80   12.95   22.26   11.96    0.72    1576
  7.500   18.89   12.76  0.1897    2.17   13.84   23.60   12.61    0.69    1575
  8.000   19.92   13.35  0.2065    2.45   14.61   24.97   13.10    0.73    1571
  8.500   21.02   13.88  0.2209    2.72   15.27   26.35   13.49    0.69    1571
  9.000   22.20   14.31  0.2271    2.83   16.02   27.75   13.88    0.64    1570
  9.500   23.32   14.82  0.2246    2.98   16.78   29.13   14.34    0.61    1567
 10.000   24.47   15.31  0.2115    2.99   17.41   30.50   14.69    0.54    1567
 10.500   25.55   15.82  0.1854    3.05   18.09   31.83   15.06    0.49    1566
 11.000   26.66   16.14  0.1834    3.02   18.30   32.92   15.24    0.43    1566
 11.500   27.57   16.22  0.1707    2.82   18.20   33.69   15.13    0.38    1564
 12.000   28.05   16.05  0.1623    2.58   17.94   33.92   14.94    0.36    1564
 12.500   28.10   15.42  0.1716    2.39   17.04   33.41   14.45    0.37    1562
 13.000   27.57   14.72  0.1809    2.24   15.93   32.35   13.81    0.44    1561
 13.500   26.67   13.91  0.1778    2.03   14.65   30.88   13.11    0.44    1557
 14.000   25.51   12.86  0.1858    1.76   13.48   29.25   12.08    0.38    1555
 14.500   23.92   11.85  0.1807    1.52   12.29   27.30   11.05    0.33    1551
 15.000   22.17   10.80  0.1653    1.33   11.09   25.14   10.09    0.26    1548
 15.500   20.07    9.74  0.1458    1.32    9.99   22.77    9.06    0.20    1546
 16.000   18.16    8.95  0.1492    1.38    8.99   20.58    8.40    0.21    1543
 16.500   16.26    8.07  0.1618    1.19    8.10   18.42    7.61    0.26    1534
 17.000   14.16    7.50  0.1477    0.99    7.16   16.22    6.90    0.27    1520
 17.500   12.26    7.03  0.1441    0.99    6.32   14.20    6.35    0.30    1511
 18.000   10.63    6.49  0.1295    0.86    5.77   12.49    5.85    0.40    1510
 18.500    9.08    6.12  0.1606    0.72    5.34   11.01    5.34    0.46    1507
 19.000    7.88    5.85  0.1787    0.60    4.72    9.75    5.00    0.68    1505
 19.500    6.85    5.58  0.1890    0.51    4.50    8.83    4.69    0.79    1501
 20.000    6.11    5.60  0.2049    0.43    4.22    8.22    4.55    0.87    1498
 20.500    5.45    5.55  0.2220    0.25    4.03    7.64    4.39    0.91    1490
 21.000    5.00    5.53  0.2130    0.22    3.82    7.23    4.32    0.92    1484
 21.500    4.59    5.51  0.2445    0.05    3.59    6.92    4.15    1.05    1481
 22.000    4.35    5.53  0.2077   -0.12    3.57    6.86    4.05    0.98    1475
 22.500    4.21    5.66  0.2378   -0.26    3.56    6.89    4.05    1.03    1469
 23.000    4.04    5.78  0.2403   -0.35    3.57    6.84    4.11    1.05    1461
 23.500    4.13    5.95  0.2690   -0.46    3.59    6.99    4.20    1.04    1455
 24.000    4.17    6.24  0.2903   -0.47    3.69    7.12    4.46    1.10    1446
 24.500    4.31    6.53  0.2754   -0.48    3.67    7.40    4.59    1.13    1437
 25.000    4.55    6.74  0.2538   -0.54    3.61    7.61    4.76    1.17    1430
 25.500    4.88    6.98  0.2814   -0.62    3.64    7.88    5.03    1.14    1423
 26.000    5.23    7.30  0.2691   -0.60    3.81    8.31    5.26    1.16    1413
 26.500    5.59    7.64  0.2938   -0.52    3.83    8.66    5.48    1.09    1393
 27.000    6.24    8.08  0.2940   -0.37    3.91    9.26    5.87    1.01    1363
 27.500    6.83    8.36  0.2830   -0.45    3.90    9.66    6.25    0.98    1343
 28.000    7.38    8.77  0.2727   -0.41    4.03   10.18    6.71    1.01    1309
 28.500    8.10    9.20  0.2969   -0.24    4.16   10.85    7.14    0.99    1265
 29.000    8.73    9.71  0.2685   -0.22    4.34   11.61    7.45    1.00    1214
 29.500    9.41   10.11  0.2502    0.09    4.52   12.23    7.92    0.94    1142
 30.000   10.11   10.62  0.2635    0.36    4.54   12.85    8.46    0.86    1050
     T A B L E  I -  11.  W I N D  S T A T I S T I C A L  P A R A M E T E R S
                                  November
 STATION =   724020     WALLOP ISLAND, VA
    Z    MEAN U   SD  U  R(U,V)  MEAN V   SD  V MEAN WS  SD  WS SKEW WS    NOBS
    KM     M/S     M/S             M/S     M/S     M/S     M/S                 
  0.000    0.00    0.00  0.0000    0.00    0.00    0.00    0.00    0.00     100
  0.004    0.68    2.62  0.2812   -0.43    3.03    3.22    2.51    1.84    1463
  0.500    3.59    7.41  0.1254   -1.41    8.40   10.49    5.57    0.64    1463
  1.000    5.32    7.38  0.1280   -0.93    8.23   10.86    5.86    0.83    1464
  1.500    6.98    6.97  0.1259   -0.51    8.15   11.48    5.69    0.73    1464
  2.000    8.82    7.03  0.1636   -0.11    8.53   12.85    5.96    0.63    1464
  2.500   10.63    7.48  0.1395    0.29    9.06   14.46    6.51    0.46    1464
  3.000   12.36    7.99  0.1291    0.55    9.72   16.15    7.13    0.40    1464
  3.500   14.09    8.56  0.1363    0.76   10.25   17.80    7.81    0.43    1464
  4.000   15.68    9.15  0.1336    1.01   10.94   19.43    8.56    0.50    1464
  4.500   17.25    9.81  0.1332    1.20   11.68   21.06    9.43    0.53    1461
  5.000   18.75   10.48  0.1458    1.55   12.54   22.71   10.28    0.56    1461
  5.500   20.27   11.14  0.1437    1.70   13.48   24.42   11.11    0.59    1460
  6.000   21.57   11.67  0.1550    1.86   14.44   26.00   11.72    0.63    1460
  6.500   22.87   12.29  0.1618    2.05   15.26   27.58   12.30    0.63    1459
  7.000   24.28   12.97  0.1620    2.27   16.05   29.21   12.96    0.61    1459
  7.500   25.55   13.74  0.1608    2.44   17.01   30.83   13.66    0.62    1455
  8.000   26.84   14.48  0.1555    2.71   17.83   32.44   14.28    0.58    1454
  8.500   28.13   15.19  0.1587    2.88   18.58   34.00   14.86    0.54    1450
  9.000   29.54   15.92  0.1568    2.93   19.26   35.63   15.40    0.48    1446
  9.500   30.98   16.50  0.1655    2.92   19.78   37.17   15.81    0.42    1444
 10.000   32.21   16.85  0.1651    2.89   20.18   38.48   16.07    0.34    1443
 10.500   33.35   17.05  0.1496    2.72   20.43   39.59   16.16    0.30    1438
 11.000   34.34   16.97  0.1559    2.65   20.36   40.37   16.13    0.25    1434
 11.500   35.25   16.72  0.1504    2.32   19.85   40.85   15.96    0.23    1431
 12.000   35.53   16.27  0.1345    2.16   19.08   40.70   15.49    0.22    1427
 12.500   35.41   15.49  0.1261    1.92   17.90   40.02   14.79    0.19    1427
 13.000   34.60   14.46  0.1340    1.65   16.56   38.65   13.86    0.21    1421
 13.500   33.17   13.42  0.1431    1.43   15.13   36.72   12.83    0.19    1417
 14.000   31.44   12.42  0.1698    1.39   13.75   34.53   11.94    0.20    1416
 14.500   29.61   11.55  0.1616    1.58   12.53   32.42   10.98    0.18    1412
 15.000   27.93   10.65  0.1518    1.66   11.59   30.48   10.15    0.14    1410
 15.500   26.00    9.91  0.1528    1.65   10.70   28.37    9.41    0.14    1406
 16.000   23.95    9.32  0.1348    1.53    9.73   26.09    8.85    0.15    1404
 16.500   21.97    8.89  0.1268    1.26    8.85   23.89    8.47    0.19    1382
 17.000   19.85    8.24  0.0926    1.21    7.98   21.62    7.82    0.25    1376
 17.500   18.08    7.72  0.1064    1.16    7.20   19.71    7.30    0.32    1368
 18.000   16.17    7.39  0.1490    0.93    6.66   17.75    6.90    0.43    1364
 18.500   14.49    7.02  0.1171    0.94    6.07   15.95    6.59    0.46    1359
 19.000   13.04    6.83  0.1165    0.93    5.66   14.46    6.45    0.54    1352
 19.500   12.13    6.72  0.1323    0.81    5.37   13.52    6.37    0.60    1345
 20.000   11.18    6.57  0.1896    0.74    4.99   12.55    6.11    0.70    1338
 20.500   10.60    6.62  0.2334    0.62    4.79   11.92    6.15    0.82    1333
 21.000   10.04    6.64  0.2918    0.63    4.67   11.38    6.22    0.85    1322
 21.500    9.88    6.84  0.2944    0.66    4.51   11.20    6.36    0.81    1315
 22.000    9.76    7.01  0.3206    0.53    4.61   11.18    6.49    0.89    1310
 22.500    9.85    7.36  0.3373    0.57    4.64   11.35    6.75    0.95    1305
 23.000   10.11    7.76  0.3553    0.47    4.60   11.59    7.13    0.90    1292
 23.500   10.54    8.15  0.3822    0.45    4.63   12.02    7.47    0.89    1282
 24.000   10.93    8.60  0.3750    0.48    4.61   12.44    7.81    0.86    1268
 24.500   11.50    8.95  0.3745    0.46    4.84   13.07    8.15    0.90    1252
 25.000   12.08    9.41  0.3592    0.37    4.97   13.66    8.60    0.92    1238
 25.500   12.68    9.84  0.3948    0.41    5.01   14.20    9.09    0.91    1219
 26.000   13.32   10.30  0.4007    0.39    5.22   14.90    9.48    0.91    1204
 26.500   14.02   10.89  0.3995    0.54    5.30   15.63    9.98    0.87    1183
 27.000   14.79   11.28  0.3680    0.55    5.45   16.42   10.35    0.81    1159
 27.500   15.78   11.36  0.3750    0.57    5.78   17.32   10.60    0.79    1142
 28.000   16.54   11.69  0.3727    0.62    5.92   18.11   10.89    0.74    1110
 28.500   17.46   12.23  0.3803    0.81    5.92   19.05   11.34    0.67    1078
 29.000   18.41   12.66  0.3637    0.83    6.01   19.94   11.83    0.61    1033
 29.500   19.68   13.21  0.3498    0.84    6.08   21.19   12.31    0.57     977
 30.000   21.08   13.74  0.3352    0.73    6.31   22.58   12.83    0.58     888
     T A B L E  I -  12.  W I N D  S T A T I S T I C A L  P A R A M E T E R S
                                  December
 STATION =   724020     WALLOP ISLAND, VA
    Z    MEAN U   SD  U  R(U,V)  MEAN V   SD  V MEAN WS  SD  WS SKEW WS    NOBS
    KM     M/S     M/S             M/S     M/S     M/S     M/S                 
  0.000    0.00    0.00  0.0000    0.00    0.00    0.00    0.00    0.00     100
  0.004    0.96    2.57  0.1262   -0.60    3.10    3.33    2.53    1.59    1580
  0.500    4.83    7.58  0.0767   -1.36    8.61   11.16    5.79    0.62    1584
  1.000    7.19    7.29  0.1129   -0.51    8.68   11.96    6.20    0.74    1584
  1.500    9.29    6.82  0.1484   -0.26    8.73   13.14    6.07    0.67    1583
  2.000   11.60    6.97  0.1482    0.11    8.97   15.01    6.25    0.48    1580
  2.500   13.92    7.54  0.1446    0.55    9.14   16.99    6.80    0.31    1579
  3.000   16.11    8.29  0.1555    1.11    9.66   19.12    7.59    0.31    1579
  3.500   18.24    8.99  0.1689    1.44   10.25   21.22    8.41    0.36    1578
  4.000   20.20    9.73  0.1486    1.79   10.95   23.28    9.19    0.33    1578
  4.500   22.16   10.54  0.1541    1.95   11.64   25.33   10.03    0.37    1576
  5.000   24.14   11.38  0.1434    2.10   12.31   27.37   10.93    0.39    1575
  5.500   26.02   12.07  0.1494    2.32   13.01   29.38   11.61    0.42    1575
  6.000   27.93   12.70  0.1597    2.61   13.83   31.46   12.25    0.38    1575
  6.500   29.75   13.46  0.1654    2.84   14.65   33.49   12.97    0.36    1575
  7.000   31.51   14.11  0.1698    3.11   15.49   35.47   13.59    0.31    1573
  7.500   33.40   14.83  0.1822    3.36   16.20   37.49   14.27    0.29    1572
  8.000   35.29   15.39  0.1834    3.50   16.86   39.49   14.85    0.28    1569
  8.500   37.06   15.81  0.1791    3.66   17.55   41.38   15.30    0.24    1568
  9.000   38.85   16.29  0.1758    3.56   18.16   43.25   15.73    0.22    1558
  9.500   40.60   16.78  0.1692    3.52   18.58   45.03   16.14    0.19    1554
 10.000   42.33   17.06  0.1602    3.35   18.90   46.71   16.43    0.17    1552
 10.500   43.48   17.18  0.1505    3.05   18.95   47.76   16.56    0.12    1545
 11.000   44.31   17.15  0.1424    2.92   18.61   48.40   16.46    0.10    1542
 11.500   44.75   16.80  0.1409    2.80   17.83   48.47   16.22    0.08    1541
 12.000   44.69   16.05  0.1360    2.57   16.82   47.95   15.68    0.08    1540
 12.500   43.77   15.25  0.1628    2.25   15.67   46.67   14.93    0.09    1537
 13.000   42.12   14.21  0.1840    1.93   14.10   44.58   13.89    0.07    1529
 13.500   40.13   13.13  0.1806    1.82   12.64   42.22   12.85    0.02    1526
 14.000   38.15   12.33  0.1993    1.88   11.69   40.03   12.09    0.06    1523
 14.500   36.22   11.65  0.2125    1.92   10.98   37.99   11.46    0.12    1519
 15.000   34.28   11.07  0.2262    1.85   10.23   35.90   10.90    0.22    1514
 15.500   32.15   10.49  0.2217    1.68    9.36   33.60   10.33    0.20    1507
 16.000   29.96    9.97  0.2327    1.57    8.76   31.32    9.85    0.26    1499
 16.500   27.73    9.40  0.2392    1.33    8.07   28.94    9.36    0.31    1482
 17.000   25.26    9.03  0.2371    1.16    7.53   26.46    8.91    0.33    1473
 17.500   22.93    8.67  0.2484    1.02    7.06   24.12    8.48    0.42    1457
 18.000   20.73    8.32  0.2462    0.88    6.57   21.87    8.14    0.55    1451
 18.500   18.74    8.03  0.2578    0.68    6.03   19.78    7.87    0.57    1437
 19.000   16.82    7.80  0.2612    0.51    5.66   17.89    7.56    0.80    1422
 19.500   15.24    7.71  0.2956    0.23    5.39   16.32    7.46    0.88    1415
 20.000   13.68    7.73  0.3171    0.11    5.23   14.86    7.39    1.01    1406
 20.500   12.51    8.01  0.3426    0.10    5.15   13.81    7.52    1.13    1399
 21.000   11.70    8.27  0.3780   -0.06    4.89   13.08    7.69    1.20    1388
 21.500   11.08    8.49  0.4094   -0.24    4.82   12.59    7.77    1.21    1379
 22.000   10.50    8.86  0.4452   -0.55    5.02   12.39    7.87    1.23    1372
 22.500   10.31    9.43  0.4775   -0.58    5.18   12.57    8.09    1.20    1360
 23.000   10.10   10.07  0.4907   -0.54    5.18   12.68    8.41    1.20    1351
 23.500   10.14   10.69  0.4882   -0.56    5.47   13.04    8.82    1.19    1344
 24.000   10.37   11.36  0.4958   -0.49    5.73   13.57    9.28    1.17    1339
 24.500   10.64   12.08  0.5040   -0.67    6.01   14.26    9.64    1.11    1325
 25.000   11.13   12.78  0.5021   -0.80    6.11   14.97   10.10    1.08    1317
 25.500   11.57   13.57  0.4952   -0.77    6.33   15.71   10.62    1.02    1295
 26.000   12.16   14.37  0.4996   -0.71    6.58   16.59   11.11    0.96    1278
 26.500   12.79   15.17  0.4911   -0.64    6.93   17.53   11.64    0.93    1257
 27.000   13.71   15.79  0.4772   -0.52    7.41   18.54   12.23    0.87    1237
 27.500   14.72   16.52  0.4850   -0.39    7.75   19.59   12.89    0.82    1212
 28.000   15.86   17.29  0.4722   -0.36    8.02   20.86   13.44    0.76    1174
 28.500   17.14   18.07  0.4584   -0.28    8.47   22.26   14.05    0.73    1122
 29.000   18.84   18.83  0.4399    0.02    8.91   23.93   14.75    0.67    1074
 29.500   20.31   19.63  0.4357    0.28    9.35   25.47   15.40    0.65     997
 30.000   22.02   20.41  0.4285    0.76    9.93   27.33   15.95    0.60     882
     T A B L E  I -  13.  W I N D  S T A T I S T I C A L  P A R A M E T E R S
                                    Annual
 STATION =   724020     WALLOP ISLAND, VA
    Z    MEAN U   SD  U  R(U,V)  MEAN V   SD  V MEAN WS  SD  WS SKEW WS    NOBS
    KM     M/S     M/S             M/S     M/S     M/S     M/S                 
  0.000    0.00    0.00  0.0000    0.00    0.00    0.00    0.00    0.00     100
  0.004    0.34    2.84  0.2545    0.14    3.34    3.61    2.52    1.47   18818
  0.500    3.03    7.11  0.1461   -0.48    7.68    9.54    5.37    0.85   18827
  1.000    4.81    7.11  0.1395   -0.59    7.41    9.87    5.70    1.00   18830
  1.500    6.35    6.97  0.1252   -0.58    7.26   10.45    5.75    0.86   18828
  2.000    7.88    7.25  0.1139   -0.51    7.45   11.55    6.14    0.68   18820
  2.500    9.36    7.82  0.1098   -0.38    7.82   12.79    6.85    0.60   18812
  3.000   10.75    8.54  0.1163   -0.21    8.28   14.11    7.64    0.60   18804
  3.500   12.06    9.30  0.1218   -0.06    8.76   15.41    8.48    0.62   18788
  4.000   13.30   10.08  0.1180    0.08    9.31   16.69    9.35    0.67   18783
  4.500   14.51   10.86  0.1221    0.18    9.86   17.96   10.19    0.71   18767
  5.000   15.69   11.63  0.1271    0.27   10.46   19.23   11.04    0.76   18754
  5.500   16.86   12.41  0.1357    0.42   11.08   20.49   11.90    0.78   18742
  6.000   18.01   13.16  0.1436    0.52   11.73   21.77   12.72    0.79   18729
  6.500   19.16   13.93  0.1481    0.64   12.43   23.11   13.52    0.80   18713
  7.000   20.35   14.71  0.1534    0.78   13.16   24.50   14.32    0.79   18705
  7.500   21.56   15.51  0.1608    0.98   13.93   25.92   15.12    0.77   18676
  8.000   22.74   16.30  0.1631    1.16   14.66   27.37   15.83    0.74   18637
  8.500   23.91   17.02  0.1634    1.29   15.37   28.80   16.48    0.71   18612
  9.000   25.10   17.71  0.1619    1.35   16.08   30.22   17.06    0.67   18570
  9.500   26.25   18.36  0.1617    1.37   16.67   31.59   17.58    0.62   18545
 10.000   27.34   18.86  0.1583    1.32   17.14   32.85   17.91    0.57   18526
 10.500   28.28   19.17  0.1539    1.26   17.48   33.90   18.05    0.52   18490
 11.000   29.02   19.29  0.1570    1.08   17.53   34.65   17.98    0.48   18457
 11.500   29.52   19.08  0.1581    0.82   17.21   34.98   17.62    0.43   18428
 12.000   29.61   18.63  0.1653    0.58   16.64   34.81   17.05    0.40   18401
 12.500   29.21   17.86  0.1840    0.36   15.62   33.98   16.22    0.38   18376
 13.000   28.28   16.91  0.2010    0.14   14.36   32.59   15.25    0.38   18341
 13.500   27.07   15.93  0.2065    0.02   13.01   30.85   14.33    0.40   18296
 14.000   25.69   14.98  0.2144   -0.06   11.88   29.05   13.53    0.43   18267
 14.500   24.17   14.24  0.2177   -0.15   10.87   27.20   12.92    0.47   18219
 15.000   22.48   13.57  0.2148   -0.28    9.98   25.25   12.38    0.50   18177
 15.500   20.60   12.90  0.2148   -0.32    9.18   23.17   11.83    0.55   18136
 16.000   18.71   12.31  0.2119   -0.31    8.41   21.12   11.29    0.61   18088
 16.500   16.76   11.72  0.2130   -0.34    7.66   19.06   10.70    0.66   17929
 17.000   14.80   11.12  0.2127   -0.32    6.97   17.08   10.06    0.73   17785
 17.500   12.93   10.64  0.2058   -0.33    6.36   15.25    9.48    0.82   17706
 18.000   11.10   10.18  0.1943   -0.32    5.85   13.56    8.88    0.94   17661
 18.500    9.46    9.74  0.1891   -0.30    5.41   12.08    8.28    1.06   17584
 19.000    7.92    9.40  0.2000   -0.26    5.01   10.85    7.71    1.25   17494
 19.500    6.63    9.18  0.2008   -0.31    4.70   10.01    7.19    1.42   17438
 20.000    5.45    9.02  0.2100   -0.31    4.42    9.29    6.75    1.65   17361
 20.500    4.48    8.99  0.2265   -0.30    4.24    8.82    6.46    1.78   17296
 21.000    3.65    9.01  0.2374   -0.32    4.07    8.51    6.27    1.89   17185
 21.500    2.94    9.10  0.2382   -0.34    3.97    8.40    6.11    1.99   17093
 22.000    2.39    9.26  0.2461   -0.42    3.98    8.47    6.06    2.07   17009
 22.500    1.93    9.53  0.2704   -0.44    4.00    8.63    6.11    2.07   16928
 23.000    1.59    9.82  0.2730   -0.45    4.04    8.84    6.20    2.07   16826
 23.500    1.37   10.18  0.2922   -0.47    4.11    9.07    6.39    2.04   16743
 24.000    1.18   10.57  0.3077   -0.47    4.18    9.36    6.62    1.98   16594
 24.500    1.12   11.02  0.3093   -0.48    4.30    9.75    6.85    1.97   16426
 25.000    1.10   11.50  0.3047   -0.48    4.38   10.16    7.12    1.98   16285
 25.500    1.17   11.95  0.3058   -0.49    4.49   10.52    7.41    1.92   16116
 26.000    1.25   12.47  0.3105   -0.49    4.64   10.95    7.73    1.89   15969
 26.500    1.37   12.99  0.3097   -0.45    4.78   11.35    8.08    1.88   15729
 27.000    1.54   13.59  0.3039   -0.42    4.96   11.91    8.40    1.82   15323
 27.500    1.88   14.20  0.3038   -0.38    5.14   12.44    8.80    1.78   14974
 28.000    2.13   14.77  0.2963   -0.32    5.32   12.97    9.15    1.78   14619
 28.500    2.37   15.40  0.2949   -0.26    5.51   13.53    9.54    1.76   14121
 29.000    2.67   16.06  0.2842   -0.20    5.64   14.08    9.98    1.72   13560
 29.500    2.98   16.71  0.2802   -0.11    5.83   14.64   10.42    1.70   12763
 30.000    3.21   17.34  0.2725   -0.07    6.06   15.20   10.84    1.68   11805
