      74612      35.68N  117.68W
     T A B L E  II -   1.  T H E R M O D Y N A M I C  S T A T I S T I C A L  P A R A M E T E R S
                                   January
 STATION =   746120     CHINA LAKE NAWS, CA
    Z      MEAN P   SD P   SKEWP  MEAN T  SD T  SKEWT    MEAN D   SD D  SKEWD  NOBSP  NOBST  NOBSD
    KM       MB       MB             K      K             G/M3    G/M3                           
  0.000 1020.0000  5.0000   0.00 290.00   5.00   0.00 1221.0000 25.0000  0.00    100    100    100
  0.665  941.9930  5.6530  -0.47 281.67   7.42  -0.37 1163.8140 33.4770  0.47    629    629    629
  1.000  904.7000  5.4140  -0.54 282.38   4.01  -0.15 1114.4990 16.8660  0.28    629    629    629
  1.500  851.5100  5.2410  -0.61 280.06   4.34  -0.15 1057.8600 15.7580  0.31    629    629    629
  2.000  801.0500  5.2440  -0.62 277.80   4.60  -0.20 1003.4810 14.6260  0.26    629    629    629
  2.500  753.2060  5.3710  -0.63 275.45   4.75  -0.37  951.7960 13.2940  0.46    629    629    629
  3.000  707.8240  5.5650  -0.62 272.91   4.71  -0.60  902.9170 11.5210  0.67    629    629    629
  3.500  664.7700  5.7880  -0.62 270.24   4.65  -0.77  856.5030  9.9400  0.80    629    629    629
  4.000  623.9360  5.9990  -0.64 267.25   4.66  -0.83  812.9560  8.8690  0.77    629    629    629
  4.500  585.1770  6.1950  -0.66 264.12   4.73  -0.88  771.5800  8.1870  0.77    629    629    629
  5.000  548.4040  6.3590  -0.67 260.73   4.74  -0.93  732.5450  7.5700  0.61    629    629    629
  5.500  513.4920  6.4890  -0.70 257.21   4.73  -0.98  695.3310  6.8940  0.49    629    629    629
  6.000  480.3660  6.5960  -0.74 253.58   4.71  -1.02  659.8190  6.4270  0.36    628    628    628
  6.500  448.9080  6.6770  -0.76 249.86   4.75  -0.98  625.8160  6.0960  0.11    622    622    622
  7.000  419.1300  6.7190  -0.78 246.17   4.61  -0.76  593.0740  5.6400 -0.29    619    619    619
  7.500  390.9490  6.6770  -0.76 242.43   4.35  -0.44  561.7480  5.4430 -0.49    612    612    612
  8.000  364.2470  6.6130  -0.74 238.68   4.13  -0.17  531.6030  5.7400 -0.88    591    591    591
  8.500  339.0160  6.4790  -0.69 234.90   3.95  -0.03  502.7460  6.2170 -1.30    583    583    583
  9.000  315.1680  6.3060  -0.63 231.20   3.86   0.16  474.8880  7.0910 -1.72    577    577    577
  9.500  292.6270  6.0570  -0.50 227.55   3.84   0.29  448.0170  7.7420 -1.74    555    555    555
 10.000  271.3470  5.8020  -0.41 224.11   3.84   0.41  421.8360  8.8800 -1.63    541    541    541
 10.500  251.3880  5.4840  -0.31 221.12   4.22   0.79  396.1600 10.3390 -1.44    534    534    534
 11.000  232.6000  5.1230  -0.17 218.69   4.85   0.97  370.7080 11.6930 -1.08    498    498    498
 11.500  215.0700  4.6800  -0.08 216.96   5.56   0.87  345.5840 12.5140 -0.72    490    490    490
 12.000  198.8110  4.2050   0.01 216.03   6.09   0.55  320.9020 12.7510 -0.37    484    484    484
 12.500  183.6280  3.6920   0.08 215.95   6.09   0.02  296.5100 11.6250 -0.01    456    456    456
 13.000  169.7000  3.2890   0.14 216.00   5.41  -0.27  273.9080  9.8060  0.13    440    440    440
 13.500  156.8420  2.9670   0.20 215.66   4.59  -0.20  253.5010  8.2440  0.12    420    420    420
 14.000  144.8390  2.6420   0.25 214.97   4.03  -0.07  234.8250  7.1610  0.14    398    398    398
 14.500  133.8010  2.3910   0.28 213.94   3.70  -0.03  217.9700  6.4640  0.16    388    388    388
 15.000  123.5530  2.1260   0.31 212.80   3.63   0.08  202.3560  6.0280  0.20    385    385    385
 15.500  114.0570  1.8820   0.35 211.72   3.62   0.02  187.7560  5.5850  0.28    366    366    366
 16.000  105.2360  1.6550   0.37 210.73   3.69  -0.09  174.0510  5.2280  0.32    360    360    360
 16.500   97.0810  1.4450   0.37 209.75   3.78  -0.22  161.3160  4.8590  0.41    347    347    347
 17.000   89.5140  1.2420   0.30 209.06   3.74  -0.19  149.2300  4.2750  0.39    337    337    337
 17.500   82.5600  1.0880   0.25 208.64   3.68  -0.20  137.9120  3.7890  0.40    323    323    323
 18.000   76.0570  0.9210   0.16 208.59   3.67  -0.23  127.0800  3.3640  0.40    304    304    304
 18.500   70.1340  0.7980   0.08 208.72   3.54  -0.28  117.1050  2.8860  0.41    289    289    289
 19.000   64.6780  0.7030   0.05 209.07   3.21  -0.12  107.8030  2.3750  0.34    275    275    275
 19.500   59.6440  0.6200   0.06 209.45   3.11   0.01   99.2300  2.0110  0.32    258    258    258
 20.000   55.0260  0.5380   0.09 210.20   3.05  -0.25   91.2180  1.7480  0.48    226    226    226
 20.500   50.7740  0.4850   0.05 210.98   2.73  -0.29   83.8520  1.4190  0.47    209    209    209
 21.000   46.8640  0.4520   0.03 211.74   2.68  -0.54   77.1180  1.3000  0.55    197    197    197
 21.500   43.2790  0.4090   0.04 212.55   2.44  -0.14   70.9420  1.0920  0.33    180    180    180
 22.000   39.9590  0.3790   0.02 213.02   2.46  -0.31   65.3560  0.9170  0.49    168    168    168
 22.500   36.8980  0.3550   0.01 213.69   2.39  -0.21   60.1590  0.7850  0.25    159    159    159
 23.000   34.0890  0.3440  -0.04 214.04   2.42  -0.05   55.4870  0.7140  0.03    151    151    151
 23.500   31.4980  0.3330  -0.06 214.65   2.61   0.00   51.1230  0.6230  0.08    143    143    143
 24.000   29.1140  0.3180  -0.05 215.15   2.51  -0.29   47.1440  0.5560  0.23    138    138    138
 24.500   26.9040  0.3060   0.08 215.85   2.69  -0.42   43.4250  0.5240  0.35    133    133    133
 25.000   24.8890  0.3010  -0.03 216.52   2.82  -0.19   40.0490  0.4670  0.16    127    127    127
 25.500   23.0130  0.2950   0.04 217.19   2.77  -0.17   36.9130  0.4180  0.32    124    124    124
 26.000   21.2830  0.2810   0.07 217.78   2.59  -0.42   34.0460  0.3660  0.26    123    123    123
 26.500   19.6820  0.2730   0.05 218.26   2.59  -0.39   31.4150  0.3500  0.18    121    121    121
 27.000   18.2260  0.2690   0.06 218.79   2.63  -0.24   29.0210  0.3540 -0.08    121    121    121
 27.500   16.8720  0.2550   0.03 219.48   2.74  -0.51   26.7820  0.3600 -0.02    120    120    120
 28.000   15.6100  0.2470   0.22 220.05   2.87  -0.63   24.7140  0.3510  0.20    118    118    118
 28.500   14.4650  0.2360   0.04 220.75   2.90  -0.45   22.8280  0.3410  0.18    117    117    117
 29.000   13.4000  0.2260   0.06 221.22   3.01  -0.55   21.1030  0.3260  0.32    116    116    116
 29.500   12.4130  0.2190   0.01 221.99   3.27  -0.73   19.4820  0.3190  0.54    115    115    115
 30.000   11.4950  0.2100  -0.02 222.87   3.37  -0.52   17.9700  0.3180  0.39    114    114    114
     T A B L E  II -   2.  T H E R M O D Y N A M I C  S T A T I S T I C A L  P A R A M E T E R S
                                  February
 STATION =   746120     CHINA LAKE NAWS, CA
    Z      MEAN P   SD P   SKEWP  MEAN T  SD T  SKEWT    MEAN D   SD D  SKEWD  NOBSP  NOBST  NOBSD
    KM       MB       MB             K      K             G/M3    G/M3                           
  0.000 1020.0000  5.0000   0.00 290.00   5.00   0.00 1221.0000 25.0000  0.00    100    100    100
  0.665  939.8120  5.7930  -0.49 284.53   7.64  -0.37 1149.1920 33.4760  0.64    653    653    653
  1.000  902.8580  5.5910  -0.55 283.98   4.40   0.12 1105.8480 17.0290  0.12    653    653    653
  1.500  849.9890  5.5360  -0.57 280.67   4.48   0.11 1053.5670 15.1910  0.09    653    653    653
  2.000  799.6440  5.6260  -0.52 277.50   4.70   0.04 1002.6880 14.0220  0.13    653    653    653
  2.500  751.7810  5.8320  -0.46 274.60   4.91  -0.11  952.8640 12.8270  0.29    653    653    653
  3.000  706.3380  6.0890  -0.42 271.85   5.07  -0.35  904.5160 11.7300  0.59    653    653    653
  3.500  663.1930  6.3710  -0.40 268.95   5.13  -0.49  858.5520 10.4250  0.73    653    653    653
  4.000  622.2650  6.6330  -0.40 265.90   5.08  -0.60  814.9070  9.2500  0.75    652    652    652
  4.500  583.4150  6.8530  -0.42 262.65   5.00  -0.62  773.5310  8.0640  0.70    652    652    652
  5.000  546.5540  7.0330  -0.44 259.35   4.94  -0.73  733.9290  7.2050  0.70    651    651    651
  5.500  511.5860  7.1660  -0.46 255.93   4.90  -0.80  696.2220  6.3990  0.50    651    651    651
  6.000  478.4510  7.2560  -0.50 252.45   4.87  -0.75  660.1390  5.9070  0.09    649    649    649
  6.500  447.0710  7.2680  -0.51 248.90   4.70  -0.62  625.6470  5.3960 -0.17    643    643    643
  7.000  417.2840  7.2760  -0.51 245.21   4.60  -0.55  592.7690  5.1970 -0.28    639    639    639
  7.500  389.0590  7.2580  -0.50 241.47   4.43  -0.47  561.2420  5.2310 -0.58    628    628    628
  8.000  362.3600  7.1630  -0.49 237.69   4.24  -0.41  531.0550  5.6640 -0.95    607    607    607
  8.500  337.2090  6.9950  -0.48 233.95   3.95  -0.28  502.1050  6.2230 -1.20    599    599    599
  9.000  313.4130  6.7950  -0.44 230.29   3.67  -0.09  474.0930  7.1500 -1.53    585    585    585
  9.500  290.7980  6.4800  -0.40 226.72   3.43   0.25  446.8260  8.4420 -1.54    553    553    553
 10.000  269.6380  6.1290  -0.35 223.54   3.50   0.48  420.2520  9.7430 -1.40    540    540    540
 10.500  249.7850  5.7260  -0.25 220.71   3.90   0.63  394.3660 10.8830 -1.17    530    530    530
 11.000  231.0230  5.2750  -0.14 218.68   4.68   0.64  368.2140 12.0430 -0.85    504    504    504
 11.500  213.6740  4.8210  -0.05 217.60   5.43   0.49  342.3370 12.7400 -0.46    498    498    498
 12.000  197.6170  4.3420   0.03 217.43   5.86   0.08  316.8930 12.3340 -0.07    491    491    491
 12.500  182.6890  3.8940   0.08 217.58   5.74  -0.45  292.7580 11.2520  0.28    465    465    465
 13.000  168.9120  3.5020   0.13 217.72   4.77  -0.64  270.4340  9.1870  0.29    454    454    454
 13.500  156.1930  3.1970   0.17 217.24   3.76  -0.35  250.5750  7.6070  0.13    444    444    444
 14.000  144.3600  2.8640   0.21 216.24   3.33  -0.16  232.6470  6.8590  0.16    424    424    424
 14.500  133.4460  2.5650   0.19 214.88   3.18   0.01  216.4230  6.3550  0.14    411    411    411
 15.000  123.2680  2.3010   0.19 213.56   3.32   0.21  201.1580  6.0790  0.11    408    408    408
 15.500  113.7650  2.0370   0.18 212.49   3.48   0.25  186.5970  5.6870  0.11    382    382    382
 16.000  105.0160  1.8060   0.16 211.39   3.67   0.25  173.1510  5.3800  0.14    373    373    373
 16.500   96.9030  1.5790   0.10 210.37   3.70   0.25  160.5470  4.9420  0.15    361    361    361
 17.000   89.3820  1.3680   0.04 209.71   3.58   0.25  148.5480  4.3340  0.11    353    353    353
 17.500   82.4170  1.2030   0.02 209.34   3.60   0.29  137.2120  3.8430  0.10    340    340    340
 18.000   75.9850  1.0650  -0.06 209.56   3.53   0.18  126.3630  3.3520  0.17    324    324    324
 18.500   70.0910  0.9380  -0.16 209.73   3.46   0.16  116.4680  2.9570  0.07    307    307    307
 19.000   64.6490  0.8420  -0.22 209.63   3.20   0.22  107.4680  2.4970  0.05    283    283    283
 19.500   59.6150  0.7710  -0.29 210.04   3.02   0.19   98.9020  2.1270  0.09    254    254    254
 20.000   54.9430  0.7040  -0.33 210.43   3.11  -0.17   90.9780  1.8570  0.23    226    226    226
 20.500   50.6700  0.6470  -0.32 210.89   3.08  -0.31   83.7180  1.6220  0.21    202    202    202
 21.000   46.7510  0.5980  -0.30 211.41   2.93  -0.30   77.0520  1.3930  0.14    183    183    183
 21.500   43.1700  0.5500  -0.22 212.00   2.66  -0.23   70.9480  1.1480 -0.03    164    164    164
 22.000   39.8690  0.5270  -0.20 212.76   2.38  -0.48   65.2870  0.9720 -0.11    148    148    148
 22.500   36.8380  0.5010  -0.32 213.17   2.22  -0.11   60.2050  0.8430 -0.37    140    140    140
 23.000   34.0270  0.4710  -0.27 213.76   2.26  -0.12   55.4580  0.7550 -0.21    135    135    135
 23.500   31.4600  0.4350  -0.25 214.41   2.01  -0.05   51.1170  0.6230 -0.53    130    130    130
 24.000   29.0770  0.4160  -0.28 214.93   2.24   0.24   47.1310  0.5710 -0.32    127    127    127
 24.500   26.8830  0.3760  -0.05 215.64   2.12   0.10   43.4310  0.5470 -0.43    125    125    125
 25.000   24.8650  0.3570   0.04 216.05   2.10   0.20   40.0940  0.5230 -0.40    121    121    121
 25.500   22.9910  0.3490   0.05 216.41   2.01   0.28   37.0110  0.5060 -0.29    120    120    120
 26.000   21.2480  0.3240   0.12 217.13   2.17   0.34   34.0920  0.4890 -0.31    118    118    118
 26.500   19.6500  0.3080   0.17 217.78   2.39   0.32   31.4330  0.4580 -0.26    118    118    118
 27.000   18.2000  0.2900   0.23 218.50   2.63   0.43   29.0190  0.4190 -0.42    116    116    116
 27.500   16.8340  0.2810   0.17 219.31   2.85   0.74   26.7410  0.4230 -0.31    116    116    116
 28.000   15.5890  0.2630   0.26 220.25   2.99   0.61   24.6600  0.4190 -0.09    115    115    115
 28.500   14.4430  0.2570   0.42 220.85   3.09   0.37   22.7850  0.4000  0.03    115    115    115
 29.000   13.3800  0.2310   0.33 221.50   2.95   0.35   21.0450  0.3790 -0.10    113    113    113
 29.500   12.3920  0.2210   0.27 222.36   2.98   0.33   19.4160  0.3410 -0.37    110    110    110
 30.000   11.4830  0.2110   0.34 223.32   3.23   0.23   17.9140  0.3250 -0.37    109    109    109
     T A B L E  II -   3.  T H E R M O D Y N A M I C  S T A T I S T I C A L  P A R A M E T E R S
                                     March
 STATION =   746120     CHINA LAKE NAWS, CA
    Z      MEAN P   SD P   SKEWP  MEAN T  SD T  SKEWT    MEAN D   SD D  SKEWD  NOBSP  NOBST  NOBSD
    KM       MB       MB             K      K             G/M3    G/M3                           
  0.000 1020.0000  5.0000   0.00 290.00   5.00   0.00 1221.0000 25.0000  0.00    100    100    100
  0.665  938.3180  4.4860   0.03 288.90   7.84  -0.31 1129.9170 32.4560  0.46    834    834    834
  1.000  901.8270  4.3080  -0.07 287.35   4.73   0.03 1091.6270 18.1670  0.03    834    834    834
  1.500  849.6200  4.2490  -0.20 283.85   4.53  -0.12 1041.2450 15.6150  0.18    834    834    834
  2.000  799.8110  4.3430  -0.30 280.19   4.46  -0.26  993.1950 13.8190  0.31    834    834    834
  2.500  752.3420  4.5210  -0.36 276.73   4.38  -0.38  946.0890 12.0650  0.43    834    834    834
  3.000  707.1700  4.7420  -0.39 273.68   4.28  -0.51  899.4260 10.3490  0.56    834    834    834
  3.500  664.2530  4.9680  -0.42 270.71   4.21  -0.64  854.2760  9.0450  0.62    834    834    834
  4.000  623.5110  5.1780  -0.45 267.63   4.17  -0.65  811.2340  7.9100  0.54    833    833    833
  4.500  584.8350  5.3520  -0.49 264.40   4.11  -0.64  770.2720  7.1130  0.44    833    833    833
  5.000  548.1140  5.4920  -0.52 260.96   4.05  -0.66  731.4730  6.3930  0.35    832    832    832
  5.500  513.2460  5.5990  -0.55 257.43   4.02  -0.67  694.3860  5.9350  0.16    830    830    830
  6.000  480.1590  5.6700  -0.56 253.80   4.01  -0.66  658.9480  5.5240  0.09    830    830    830
  6.500  448.7110  5.7380  -0.57 250.06   4.00  -0.61  625.0430  5.1960 -0.10    814    814    814
  7.000  418.9520  5.7620  -0.57 246.25   4.03  -0.51  592.6230  5.0410 -0.26    812    812    812
  7.500  390.7640  5.7580  -0.58 242.36   4.01  -0.46  561.6520  4.8810 -0.42    805    805    805
  8.000  364.0430  5.7440  -0.56 238.47   3.91  -0.27  531.7870  4.8270 -0.68    783    783    783
  8.500  338.7630  5.6590  -0.53 234.53   3.82  -0.14  503.1790  4.9540 -0.95    777    777    777
  9.000  314.9070  5.5530  -0.50 230.66   3.68   0.00  475.6060  5.3850 -1.46    773    773    773
  9.500  292.3380  5.3640  -0.42 226.91   3.51   0.17  448.8190  5.9550 -1.82    746    746    746
 10.000  270.9500  5.1550  -0.31 223.27   3.24   0.32  422.7740  6.8380 -2.00    723    723    723
 10.500  250.9100  4.8990  -0.20 220.01   3.25   0.52  397.3430  7.9740 -1.78    715    715    715
 11.000  232.0630  4.5410  -0.06 217.34   3.64   0.83  372.0650  9.3860 -1.30    679    679    679
 11.500  214.4800  4.1500   0.03 215.62   4.46   0.83  346.6960 10.7090 -0.85    665    665    665
 12.000  198.1610  3.7340   0.14 214.82   5.40   0.50  321.5990 11.4290 -0.40    659    659    659
 12.500  183.0160  3.3400   0.20 215.05   5.65   0.03  296.7350 10.9770  0.07    607    607    607
 13.000  169.1140  2.9840   0.23 215.71   5.03  -0.38  273.3010  9.3220  0.44    597    597    597
 13.500  156.3430  2.6550   0.22 215.77   4.19  -0.53  252.5420  7.7070  0.50    583    583    583
 14.000  144.4640  2.3650   0.24 215.35   3.50  -0.27  233.7870  6.5320  0.35    562    562    562
 14.500  133.4930  2.0910   0.23 214.53   3.21  -0.22  216.8520  5.8310  0.27    551    551    551
 15.000  123.3060  1.8540   0.21 213.52   3.26  -0.28  201.2550  5.4880  0.31    546    546    546
 15.500  113.8760  1.6240   0.21 212.48   3.35  -0.12  186.7740  5.0770  0.22    523    523    523
 16.000  105.1100  1.4100   0.21 211.68   3.46   0.03  173.0520  4.6710  0.12    513    513    513
 16.500   97.0120  1.2210   0.20 210.96   3.49   0.01  160.2650  4.2150  0.11    495    495    495
 17.000   89.5090  1.0550   0.20 210.40   3.42   0.09  148.2580  3.7210  0.10    482    482    482
 17.500   82.5850  0.9080   0.20 210.03   3.42   0.18  137.0300  3.2910  0.06    465    465    465
 18.000   76.1650  0.7890   0.12 210.01   3.33   0.14  126.3840  2.8520  0.14    444    444    444
 18.500   70.2520  0.6920   0.02 210.27   2.94   0.09  116.4170  2.2730  0.20    419    419    419
 19.000   64.8070  0.6150  -0.03 210.56   2.76   0.05  107.2420  1.9040  0.19    390    390    390
 19.500   59.8030  0.5540  -0.11 210.82   2.70   0.02   98.8410  1.6480  0.12    363    363    363
 20.000   55.2040  0.5250  -0.20 211.27   2.62   0.10   91.0420  1.4220  0.03    304    304    304
 20.500   50.9670  0.4900  -0.37 211.82   2.51  -0.10   83.8320  1.1840  0.17    279    279    279
 21.000   47.0560  0.4670  -0.52 212.35   2.51  -0.31   77.2070  1.0360  0.24    253    253    253
 21.500   43.4840  0.4330  -0.73 213.08   2.20  -0.42   71.0980  0.8710  0.34    225    225    225
 22.000   40.1770  0.3900  -1.01 213.76   2.06  -0.47   65.4810  0.7550  0.15    200    200    200
 22.500   37.1370  0.3490  -1.10 214.41   1.82  -0.30   60.3410  0.5820  0.13    185    185    185
 23.000   34.3150  0.3200  -0.96 215.01   1.69  -0.42   55.6010  0.5510  0.17    170    170    170
 23.500   31.7170  0.3000  -1.16 215.28   1.63  -0.33   51.3280  0.4880 -0.08    166    166    166
 24.000   29.3050  0.2830  -1.23 215.88   1.58  -0.64   47.2890  0.4060 -0.15    163    163    163
 24.500   27.0970  0.2740  -1.25 216.42   1.63  -0.77   43.6180  0.4010 -0.19    159    159    159
 25.000   25.0790  0.2510  -1.22 216.99   1.65  -0.84   40.2640  0.3750 -0.39    155    155    155
 25.500   23.1900  0.2360  -1.14 217.57   1.63  -0.77   37.1320  0.3610 -0.31    155    155    155
 26.000   21.4480  0.2220  -1.08 218.23   1.70  -0.89   34.2390  0.3470 -0.47    155    155    155
 26.500   19.8470  0.2090  -1.20 218.98   1.84  -0.60   31.5740  0.3510 -0.56    155    155    155
 27.000   18.3850  0.2030  -1.27 219.64   1.86  -0.31   29.1610  0.3400 -0.62    155    155    155
 27.500   17.0200  0.1880  -1.30 220.27   1.90   0.07   26.9200  0.3300 -0.85    152    152    152
 28.000   15.7540  0.1800  -1.13 220.95   2.05   0.01   24.8400  0.3240 -0.65    151    151    151
 28.500   14.6080  0.1650  -1.28 221.74   2.13  -0.26   22.9510  0.3100 -0.74    150    150    150
 29.000   13.5330  0.1560  -1.23 222.64   2.31   0.14   21.1770  0.3060 -1.03    149    149    149
 29.500   12.5400  0.1470  -1.26 223.60   2.51   0.33   19.5390  0.2910 -1.28    148    148    148
 30.000   11.6200  0.1380  -1.22 224.46   2.85   0.32   18.0370  0.2900 -1.02    147    147    147
     T A B L E  II -   4.  T H E R M O D Y N A M I C  S T A T I S T I C A L  P A R A M E T E R S
                                     April
 STATION =   746120     CHINA LAKE NAWS, CA
    Z      MEAN P   SD P   SKEWP  MEAN T  SD T  SKEWT    MEAN D   SD D  SKEWD  NOBSP  NOBST  NOBSD
    KM       MB       MB             K      K             G/M3    G/M3                           
  0.000 1020.0000  5.0000   0.00 290.00   5.00   0.00 1221.0000 25.0000  0.00    100    100    100
  0.665  936.1200  4.0940  -0.01 291.99   7.98  -0.23 1115.3390 31.7480  0.32    690    690    690
  1.000  900.0250  4.0160  -0.09 290.02   5.05  -0.11 1079.3910 18.6260  0.07    690    690    690
  1.500  848.3960  4.0540  -0.25 286.47   5.00  -0.35 1030.2850 16.7120  0.31    690    690    690
  2.000  799.0860  4.2550  -0.41 282.62   5.11  -0.47  983.8020 15.5360  0.43    690    690    690
  2.500  752.0260  4.5450  -0.50 278.75   5.17  -0.56  938.9020 14.2640  0.49    690    690    690
  3.000  707.1600  4.8830  -0.57 275.31   5.18  -0.68  894.1050 12.7640  0.62    689    689    689
  3.500  664.4860  5.2240  -0.65 272.18   5.11  -0.88  849.9960 11.2130  0.82    688    688    688
  4.000  623.9490  5.5370  -0.72 269.05   5.03  -1.01  807.5430  9.7830  0.88    687    687    687
  4.500  585.4310  5.8110  -0.78 265.83   4.92  -1.08  766.9470  8.4590  0.85    687    687    687
  5.000  548.8880  6.0460  -0.85 262.55   4.88  -1.20  728.1210  7.5400  0.79    687    687    687
  5.500  514.1850  6.2190  -0.90 259.08   4.81  -1.21  691.2430  6.6670  0.54    687    687    687
  6.000  481.2310  6.3630  -0.95 255.46   4.75  -1.18  656.1440  5.9140  0.27    686    686    686
  6.500  449.9820  6.4760  -0.99 251.79   4.65  -1.08  622.5030  5.1520 -0.04    676    676    676
  7.000  420.3950  6.4780  -1.00 248.07   4.48  -0.99  590.3140  4.6360 -0.14    673    673    673
  7.500  392.3300  6.4780  -1.00 244.28   4.31  -0.90  559.4670  4.3820 -0.29    670    670    670
  8.000  365.7010  6.4170  -0.99 240.39   4.07  -0.70  529.9250  4.4310 -0.85    646    646    646
  8.500  340.5380  6.3090  -0.96 236.60   3.74  -0.43  501.3810  5.0050 -1.77    643    643    643
  9.000  316.7560  6.1550  -0.90 232.73   3.49  -0.19  474.1140  5.8380 -2.43    640    640    640
  9.500  294.2620  5.8870  -0.80 228.96   3.31  -0.11  447.7210  6.7290 -2.73    603    603    603
 10.000  273.0140  5.6480  -0.70 225.30   3.23   0.08  422.1670  7.7980 -2.73    588    588    588
 10.500  252.9730  5.3520  -0.56 221.79   3.27   0.40  397.3860  8.8190 -2.40    579    579    579
 11.000  234.1290  5.0100  -0.38 218.56   3.68   0.73  373.2850  9.7200 -2.02    555    555    555
 11.500  216.4800  4.6270  -0.23 216.00   4.31   1.10  349.2940 10.8130 -1.58    551    551    551
 12.000  200.0030  4.2050  -0.09 214.30   4.99   1.04  325.3540 11.6790 -1.07    544    544    544
 12.500  184.6900  3.7890   0.07 213.44   5.47   0.63  301.7170 11.8020 -0.56    498    498    498
 13.000  170.5590  3.3120   0.16 213.37   5.53   0.14  278.7340 11.0120 -0.06    488    488    488
 13.500  157.4790  2.8920   0.19 213.69   5.17  -0.17  256.9360  9.6410  0.21    469    469    469
 14.000  145.3610  2.5180   0.25 213.65   4.67  -0.38  237.1820  8.3360  0.42    441    441    441
 14.500  134.2430  2.2030   0.23 213.29   4.35  -0.39  219.3980  7.2390  0.47    434    434    434
 15.000  123.9140  1.9200   0.22 212.72   4.09  -0.36  203.0490  6.3770  0.53    423    423    423
 15.500  114.3680  1.6920   0.17 211.96   3.97  -0.25  188.0680  5.7980  0.46    399    399    399
 16.000  105.5570  1.4630   0.10 211.41   3.97  -0.20  174.0370  5.2600  0.35    391    391    391
 16.500   97.3570  1.2450   0.06 211.00   3.99  -0.16  160.8220  4.6920  0.33    375    375    375
 17.000   89.8290  1.0670   0.01 210.64   3.83  -0.28  148.6360  4.0650  0.33    359    359    359
 17.500   82.8690  0.9220  -0.01 210.55   3.52  -0.28  137.1650  3.3780  0.35    347    347    347
 18.000   76.4410  0.8040   0.00 210.45   3.43  -0.11  126.5780  2.9510  0.21    326    326    326
 18.500   70.5130  0.7110   0.04 210.64   3.33   0.04  116.6540  2.5360  0.12    296    296    296
 19.000   65.0550  0.6370   0.08 211.08   3.06  -0.05  107.3940  2.0960  0.13    275    275    275
 19.500   60.0420  0.5840   0.15 211.63   2.72   0.19   98.8550  1.6980 -0.00    253    253    253
 20.000   55.4290  0.5310   0.23 211.70   2.64   0.30   91.2280  1.5020 -0.11    229    229    229
 20.500   51.1600  0.4840   0.23 212.11   2.27   0.31   84.0320  1.1580 -0.09    206    206    206
 21.000   47.2050  0.4630   0.25 212.72   2.04  -0.02   77.3120  0.9910  0.03    181    181    181
 21.500   43.6060  0.4440   0.30 213.34   2.01  -0.05   71.2090  0.9180  0.32    160    160    160
 22.000   40.2690  0.4150   0.16 213.91   1.85  -0.13   65.5850  0.8120  0.71    148    148    148
 22.500   37.2150  0.3810   0.14 214.55   1.95  -0.37   60.4300  0.7880  0.40    138    138    138
 23.000   34.3850  0.3470   0.17 215.08   1.98  -0.23   55.6980  0.6960  0.41    133    133    133
 23.500   31.7970  0.3210   0.04 215.68   2.01  -0.09   51.3610  0.6160  0.40    128    128    128
 24.000   29.4000  0.3040   0.12 216.33   1.99  -0.28   47.3460  0.5190  0.34    123    123    123
 24.500   27.1800  0.2980   0.06 217.04   2.15  -0.11   43.6280  0.4930  0.16    120    120    120
 25.000   25.1530  0.2840  -0.04 217.76   2.17   0.03   40.2400  0.3860  0.12    117    117    117
 25.500   23.2690  0.2800  -0.04 218.63   2.04   0.11   37.0770  0.3640  0.19    116    116    116
 26.000   21.5320  0.2650  -0.10 219.54   2.20   0.29   34.1680  0.3730  0.10    116    116    116
 26.500   19.9280  0.2490  -0.10 220.35   2.29   0.11   31.5080  0.3620  0.00    115    115    115
 27.000   18.4790  0.2470  -0.11 221.20   2.42   0.05   29.1030  0.3420  0.30    113    113    113
 27.500   17.1150  0.2270  -0.06 222.19   2.71   0.12   26.8360  0.3440  0.21    111    111    111
 28.000   15.8570  0.2220  -0.21 223.29   2.93  -0.00   24.7410  0.3260  0.31    109    109    109
 28.500   14.7290  0.2170  -0.08 224.21   3.14   0.06   22.8870  0.2940  0.25    103    103    103
 29.000   13.6410  0.2190  -0.04 225.31   3.15  -0.04   21.0940  0.2930  0.06     96     96     96
 29.500   12.6460  0.2090   0.03 226.44   3.14   0.06   19.4570  0.2820  0.08     94     94     94
 30.000   11.7310  0.2030   0.04 227.47   3.22  -0.02   17.9680  0.2730 -0.09     90     90     90
     T A B L E  II -   5.  T H E R M O D Y N A M I C  S T A T I S T I C A L  P A R A M E T E R S
                                       May
 STATION =   746120     CHINA LAKE NAWS, CA
    Z      MEAN P   SD P   SKEWP  MEAN T  SD T  SKEWT    MEAN D   SD D  SKEWD  NOBSP  NOBST  NOBSD
    KM       MB       MB             K      K             G/M3    G/M3                           
  0.000 1020.0000  5.0000   0.00 290.00   5.00   0.00 1221.0000 25.0000  0.00    100    100    100
  0.665  934.1480  3.3750  -0.13 297.10   8.34  -0.24 1093.3199 31.5760  0.34    768    768    768
  1.000  898.7540  3.3180  -0.20 294.54   5.46  -0.00 1060.7450 19.3340  0.08    768    768    768
  1.500  847.9610  3.4160  -0.31 290.88   5.09  -0.22 1013.5710 16.4270  0.30    768    768    768
  2.000  799.4500  3.6610  -0.38 287.01   4.95  -0.40  968.6590 14.5270  0.48    768    768    768
  2.500  753.0850  3.9950  -0.43 283.02   4.85  -0.48  925.5360 12.8810  0.54    768    768    768
  3.000  708.8280  4.3140  -0.48 279.16   4.66  -0.55  883.3460 11.1630  0.53    768    768    768
  3.500  666.6010  4.6100  -0.51 275.53   4.53  -0.64  841.8920  9.7620  0.55    768    768    768
  4.000  626.3930  4.8550  -0.56 272.11   4.32  -0.73  801.2690  8.3630  0.49    767    767    767
  4.500  588.1610  5.0660  -0.61 268.82   4.26  -0.80  761.7140  7.4860  0.40    766    766    766
  5.000  551.8480  5.2300  -0.67 265.50   4.23  -0.83  723.7320  6.7740  0.24    766    766    766
  5.500  517.3480  5.3750  -0.71 262.07   4.23  -0.84  687.4430  6.1860  0.05    765    765    765
  6.000  484.5970  5.4690  -0.75 258.61   4.22  -0.85  652.6190  5.7120 -0.10    763    763    763
  6.500  453.4850  5.5830  -0.79 255.03   4.28  -0.89  619.3490  5.3290 -0.28    749    749    749
  7.000  423.9670  5.6460  -0.80 251.32   4.27  -0.93  587.6030  4.8820 -0.43    745    745    745
  7.500  395.9790  5.6880  -0.82 247.53   4.24  -0.92  557.2310  4.6460 -0.65    737    737    737
  8.000  369.3820  5.7180  -0.83 243.64   4.23  -0.82  528.1300  4.4390 -0.94    714    714    714
  8.500  344.2620  5.6910  -0.83 239.75   3.94  -0.74  500.1870  4.1820 -0.86    709    709    709
  9.000  320.4840  5.6200  -0.79 235.89   3.64  -0.48  473.2620  4.3790 -1.56    704    704    704
  9.500  297.9410  5.4380  -0.76 232.09   3.13  -0.09  447.1790  5.2260 -1.92    659    659    659
 10.000  276.6560  5.2260  -0.68 228.39   2.86   0.10  421.9780  6.3520 -2.17    645    645    645
 10.500  256.6030  4.9500  -0.58 224.82   2.79   0.34  397.6260  7.4600 -2.13    634    634    634
 11.000  237.7730  4.6090  -0.41 221.37   2.93   0.66  374.2240  8.2160 -1.96    603    603    603
 11.500  220.0630  4.2810  -0.26 218.36   3.29   0.97  351.1640  8.9900 -1.69    595    595    595
 12.000  203.4580  3.9110  -0.10 215.94   3.95   0.99  328.3760  9.8620 -1.29    589    589    589
 12.500  187.9900  3.4300   0.00 214.10   4.60   0.81  306.0720 10.1240 -0.92    541    541    541
 13.000  173.5800  3.0160   0.14 213.18   5.03   0.47  283.8690  9.9810 -0.49    531    531    531
 13.500  160.2410  2.6350   0.24 213.25   4.94   0.07  261.9590  9.0980 -0.08    518    518    518
 14.000  148.0460  2.2490   0.32 213.18   4.60  -0.17  242.0870  7.8410  0.20    490    490    490
 14.500  136.7060  1.9370   0.29 212.88   4.24  -0.22  223.8290  6.7180  0.26    475    475    475
 15.000  126.2060  1.6880   0.31 212.20   3.72  -0.08  207.2820  5.6290  0.19    466    466    466
 15.500  116.4280  1.4590   0.30 211.60   3.60   0.21  191.7600  5.0030  0.10    438    438    438
 16.000  107.4300  1.2750   0.29 211.04   3.58   0.10  177.4090  4.4740  0.28    425    425    425
 16.500   99.1190  1.1180   0.25 210.67   3.56  -0.08  163.9690  4.0320  0.31    407    407    407
 17.000   91.4300  0.9640   0.14 210.33   3.50  -0.05  151.4850  3.5550  0.23    392    392    392
 17.500   84.3260  0.8370   0.09 210.18   3.48  -0.05  139.8140  3.1420  0.18    383    383    383
 18.000   77.7850  0.7220   0.10 210.16   3.29  -0.08  128.9740  2.7010  0.18    370    370    370
 18.500   71.7330  0.6390   0.12 210.38   2.98  -0.10  118.8110  2.2680  0.22    351    351    351
 19.000   66.1760  0.5710   0.09 210.75   2.68  -0.15  109.4080  1.9360  0.28    322    322    322
 19.500   61.0500  0.5080  -0.00 211.08   2.47  -0.01  100.7730  1.5820  0.19    301    301    301
 20.000   56.3450  0.4570  -0.05 211.92   2.26   0.21   92.6350  1.2790 -0.16    258    258    258
 20.500   52.0180  0.4220  -0.08 212.53   2.07   0.07   85.2730  1.0340  0.14    224    224    224
 21.000   48.0190  0.4030  -0.06 213.29   1.99   0.27   78.4350  0.8980  0.11    197    197    197
 21.500   44.3590  0.3820  -0.05 214.36   1.99   0.33   72.0960  0.7950 -0.02    156    156    156
 22.000   40.9850  0.3620  -0.01 215.20   2.00   0.57   66.3530  0.7440  0.13    142    142    142
 22.500   37.8670  0.3350  -0.02 216.18   2.02   0.46   61.0250  0.7050  0.41    134    134    134
 23.000   35.0120  0.3210  -0.06 216.94   2.04   0.15   56.2270  0.6510  0.34    126    126    126
 23.500   32.4040  0.3160  -0.04 218.07   2.15   0.09   51.7710  0.5760  0.37    118    118    118
 24.000   29.9840  0.2980  -0.10 218.87   2.07   0.18   47.7260  0.5130  0.42    114    114    114
 24.500   27.7420  0.2880  -0.15 219.68   2.13   0.36   43.9950  0.5010  0.32    111    111    111
 25.000   25.7100  0.2730  -0.17 220.57   2.13   0.14   40.6080  0.4760 -0.02    108    108    108
 25.500   23.8090  0.2630  -0.15 221.43   2.37   0.10   37.4590  0.4720 -0.15    106    106    106
 26.000   22.0440  0.2460  -0.24 222.34   2.48   0.28   34.5420  0.4350 -0.21    105    105    105
 26.500   20.4200  0.2360  -0.17 223.25   2.61   0.38   31.8670  0.4350 -0.27    105    105    105
 27.000   18.9580  0.2250  -0.19 224.36   2.63   0.12   29.4390  0.4070 -0.36    102    102    102
 27.500   17.5760  0.2060  -0.15 225.44   2.78   0.08   27.1630  0.3700 -0.43     97     97     97
 28.000   16.3030  0.1980  -0.29 226.43   2.74  -0.08   25.0850  0.3500 -0.19     94     94     94
 28.500   15.1520  0.1980  -0.22 227.52   2.78  -0.09   23.2010  0.3050 -0.22     89     89     89
 29.000   14.0570  0.1850  -0.17 228.27   2.43   0.15   21.4530  0.2460 -0.26     81     81     81
 29.500   13.0430  0.1830   0.03 229.06   2.27   0.02   19.8370  0.2350 -0.25     75     75     75
 30.000   12.1110  0.1740  -0.08 230.19   2.10  -0.17   18.3280  0.2320 -0.05     74     74     74
     T A B L E  II -   6.  T H E R M O D Y N A M I C  S T A T I S T I C A L  P A R A M E T E R S
                                      June
 STATION =   746120     CHINA LAKE NAWS, CA
    Z      MEAN P   SD P   SKEWP  MEAN T  SD T  SKEWT    MEAN D   SD D  SKEWD  NOBSP  NOBST  NOBSD
    KM       MB       MB             K      K             G/M3    G/M3                           
  0.000 1020.0000  5.0000   0.00 290.00   5.00   0.00 1221.0000 25.0000  0.00    100    100    100
  0.665  933.2580  2.9060  -0.42 301.36   8.51  -0.47 1076.7690 31.6630  0.57    737    737    737
  1.000  898.4110  2.7910  -0.40 298.95   5.32  -0.40 1044.5380 18.5390  0.47    737    737    737
  1.500  848.3950  2.9060  -0.38 295.42   5.03  -0.70  998.3940 15.9780  0.77    737    737    737
  2.000  800.5810  3.1890  -0.40 291.58   4.98  -0.87  954.8080 14.4090  0.95    737    737    737
  2.500  754.8570  3.5460  -0.52 287.60   4.86  -0.96  912.9340 12.8680  0.98    737    737    737
  3.000  711.1790  3.8710  -0.60 283.76   4.62  -1.02  871.9280 11.0730  0.96    737    737    737
  3.500  669.4850  4.1630  -0.71 280.17   4.35  -1.20  831.5530  9.4480  1.01    735    735    735
  4.000  629.7740  4.3940  -0.84 276.77   4.11  -1.40  792.0240  8.0700  1.05    735    735    735
  4.500  591.9580  4.5710  -0.95 273.44   3.93  -1.48  753.6580  7.0620  0.89    735    735    735
  5.000  556.0640  4.7340  -1.10 270.09   3.86  -1.58  716.8710  6.4190  0.64    718    718    718
  5.500  521.8870  4.8430  -1.21 266.73   3.78  -1.63  681.3770  5.7760  0.39    715    715    715
  6.000  489.3970  4.9120  -1.30 263.23   3.71  -1.61  647.4910  5.2400  0.21    715    715    715
  6.500  458.5490  4.9580  -1.38 259.62   3.70  -1.56  615.1630  4.7990  0.05    698    698    698
  7.000  429.2310  5.0080  -1.43 255.89   3.59  -1.38  584.2570  4.1920 -0.17    692    692    692
  7.500  401.3920  5.0060  -1.45 252.04   3.44  -1.09  554.7070  3.8460 -0.42    690    690    690
  8.000  374.9640  4.9980  -1.45 248.16   3.26  -0.83  526.3180  3.7630 -0.79    670    670    670
  8.500  349.8970  4.9380  -1.40 244.31   3.17  -0.71  498.8890  3.8790 -1.42    666    666    666
  9.000  326.1930  4.8500  -1.35 240.42   3.10  -0.60  472.6190  4.0230 -2.04    661    661    661
  9.500  303.5700  4.7700  -1.27 236.44   3.01  -0.56  447.2450  4.4240 -2.62    632    632    632
 10.000  282.2980  4.6370  -1.18 232.61   2.93  -0.44  422.7660  4.8760 -2.88    616    616    616
 10.500  262.1760  4.4950  -1.08 228.91   2.79  -0.16  398.9870  5.4650 -2.87    603    603    603
 11.000  243.2070  4.3150  -0.96 225.38   2.68   0.01  375.9380  6.2210 -2.54    578    578    578
 11.500  225.3970  4.0770  -0.85 222.15   2.80   0.34  353.4910  7.0320 -2.19    569    569    569
 12.000  208.6660  3.8050  -0.72 219.23   3.13   0.63  331.6420  7.7240 -1.90    561    561    561
 12.500  193.0310  3.4770  -0.57 216.85   3.59   0.75  310.2020  8.3390 -1.51    525    525    525
 13.000  178.4050  3.1580  -0.44 214.95   4.00   0.72  289.2810  8.6620 -1.14    512    512    512
 13.500  164.8060  2.7960  -0.35 213.49   4.26   0.52  269.0800  8.6120 -0.76    503    503    503
 14.000  152.1680  2.4750  -0.28 212.36   4.41   0.42  249.7850  8.2370 -0.49    471    471    471
 14.500  140.4500  2.1460  -0.24 211.12   4.38   0.28  231.9070  7.6120 -0.30    452    452    452
 15.000  129.5540  1.8400  -0.22 210.12   4.37   0.11  214.9330  6.9280 -0.13    441    441    441
 15.500  119.4660  1.5630  -0.23 209.12   4.30  -0.02  199.1330  6.2030 -0.01    421    421    421
 16.000  110.1250  1.3100  -0.21 208.49   4.18   0.21  184.1140  5.4590 -0.10    405    405    405
 16.500  101.5010  1.0790  -0.18 208.02   3.97   0.56  170.0680  4.6500 -0.23    389    389    389
 17.000   93.5320  0.8860  -0.15 207.90   3.56   0.52  156.7850  3.7900 -0.24    377    377    377
 17.500   86.1850  0.7510  -0.13 208.08   3.08   0.40  144.3300  3.0570 -0.25    370    370    370
 18.000   79.4360  0.6400  -0.14 208.45   2.75   0.29  132.7830  2.4630 -0.19    359    359    359
 18.500   73.2350  0.5500  -0.13 209.47   2.36   0.35  121.8150  1.9270 -0.25    340    340    340
 19.000   67.5360  0.4750  -0.15 210.39   2.12   0.19  111.8410  1.5120 -0.05    321    321    321
 19.500   62.2950  0.4290  -0.13 211.36   1.87   0.06  102.6810  1.1680 -0.05    298    298    298
 20.000   57.5430  0.3980  -0.13 212.37   1.75  -0.04   94.4010  1.0000 -0.06    264    264    264
 20.500   53.1140  0.3700  -0.09 213.32   1.70   0.33   86.7420  0.8860 -0.28    228    228    228
 21.000   49.0740  0.3560  -0.14 214.27   1.61   0.33   79.7890  0.7590 -0.15    197    197    197
 21.500   45.3820  0.3320  -0.27 215.23   1.63   0.17   73.4570  0.6930 -0.03    168    168    168
 22.000   41.9430  0.3110  -0.15 216.17   1.47   0.20   67.5960  0.5860 -0.10    156    156    156
 22.500   38.7740  0.2910  -0.19 217.26   1.48   0.13   62.1750  0.5460 -0.39    146    146    146
 23.000   35.8600  0.2750   0.00 218.28   1.46   0.35   57.2340  0.4970 -0.30    137    137    137
 23.500   33.2170  0.2590   0.08 219.18   1.54   0.19   52.7970  0.4440 -0.33    128    128    128
 24.000   30.7340  0.2420   0.16 220.13   1.57   0.52   48.6400  0.4330 -0.27    123    123    123
 24.500   28.4480  0.2330   0.37 221.24   1.62   0.01   44.7960  0.4110  0.02    120    120    120
 25.000   26.3810  0.2260   0.37 222.17   1.48   0.01   41.3670  0.3420 -0.57    115    115    115
 25.500   24.4420  0.2200   0.37 223.18   1.44   0.35   38.1530  0.3230 -0.43    113    113    113
 26.000   22.6490  0.2050   0.39 224.42   1.62   0.30   35.1580  0.3230 -0.31    108    108    108
 26.500   20.9970  0.1980   0.41 225.23   1.63   0.26   32.4780  0.2970 -0.15    105    105    105
 27.000   19.5070  0.1880   0.49 226.11   1.70   0.26   30.0560  0.2640 -0.25    104    104    104
 27.500   18.0950  0.1770   0.60 227.29   1.65   0.09   27.7350  0.2540 -0.13    102    102    102
 28.000   16.7880  0.1710   0.42 228.32   1.90  -0.05   25.6150  0.2480 -0.28     95     95     95
 28.500   15.6100  0.1680   0.41 229.34   1.99  -0.00   23.7120  0.2340 -0.22     90     90     90
 29.000   14.4950  0.1620   0.56 230.14   1.77   0.06   21.9400  0.2240 -0.07     87     87     87
 29.500   13.4580  0.1600   0.41 231.10   1.71   0.15   20.2870  0.2400 -0.39     82     82     82
 30.000   12.5060  0.1460   0.60 232.08   1.71   0.33   18.7720  0.2180 -0.16     80     80     80
     T A B L E  II -   7.  T H E R M O D Y N A M I C  S T A T I S T I C A L  P A R A M E T E R S
                                      July
 STATION =   746120     CHINA LAKE NAWS, CA
    Z      MEAN P   SD P   SKEWP  MEAN T  SD T  SKEWT    MEAN D   SD D  SKEWD  NOBSP  NOBST  NOBSD
    KM       MB       MB             K      K             G/M3    G/M3                           
  0.000 1020.0000  5.0000   0.00 290.00   5.00   0.00 1221.0000 25.0000  0.00    100    100    100
  0.665  934.9890  2.4800  -0.29 304.23   8.28  -0.47 1067.7850 30.1660  0.51    749    749    749
  1.000  900.4390  2.3310  -0.26 302.08   4.24   0.05 1035.2640 14.6460 -0.09    749    749    749
  1.500  850.8820  2.2660  -0.31 298.81   3.38  -0.13  989.2180 10.9020  0.09    749    749    749
  2.000  803.5080  2.3020  -0.37 295.11   3.02  -0.28  946.1370  9.0560  0.26    749    749    749
  2.500  758.1990  2.3720  -0.38 291.17   2.77  -0.45  905.0840  7.7690  0.40    749    749    749
  3.000  714.8840  2.4350  -0.41 287.17   2.56  -0.55  865.4350  6.7210  0.44    749    749    749
  3.500  673.4760  2.4980  -0.41 283.27   2.36  -0.53  826.7310  5.7860  0.36    749    749    749
  4.000  633.9330  2.5410  -0.42 279.42   2.20  -0.48  789.1480  5.1000  0.22    749    749    749
  4.500  596.2180  2.5580  -0.42 275.72   2.12  -0.43  752.3270  4.7320  0.08    749    749    749
  5.000  560.3110  2.5600  -0.44 272.16   2.11  -0.41  716.4570  4.5820 -0.00    748    748    748
  5.500  526.1320  2.5490  -0.46 268.70   1.99  -0.22  681.5830  4.3250 -0.13    746    746    746
  6.000  493.6210  2.5140  -0.46 265.26   1.92  -0.04  647.8760  3.9590 -0.22    746    746    746
  6.500  462.7360  2.4840  -0.48 261.88   1.96  -0.10  615.2950  3.6840 -0.14    740    740    740
  7.000  433.4150  2.4660  -0.48 258.46   2.07  -0.19  584.0030  3.5390 -0.09    739    739    739
  7.500  405.6160  2.4640  -0.47 254.99   2.18  -0.23  554.0320  3.3890 -0.17    734    734    734
  8.000  379.1890  2.4530  -0.44 251.32   2.25  -0.26  525.5230  3.1500 -0.15    708    708    708
  8.500  354.1570  2.4570  -0.44 247.62   2.30  -0.32  498.2080  2.9910 -0.13    702    702    702
  9.000  330.4750  2.4580  -0.45 243.84   2.38  -0.34  472.1170  2.8770 -0.37    694    694    694
  9.500  308.0220  2.4510  -0.45 240.08   2.38  -0.22  446.9410  2.7320 -0.47    656    656    656
 10.000  286.7500  2.4260  -0.42 236.34   2.42  -0.21  422.6680  2.7170 -0.38    642    642    642
 10.500  266.6770  2.4010  -0.40 232.67   2.40  -0.18  399.2820  2.7260 -0.32    632    632    632
 11.000  247.7470  2.3200  -0.37 229.15   2.28  -0.18  376.6380  2.9500 -0.50    601    601    601
 11.500  229.8700  2.2590  -0.35 225.75   2.22  -0.27  354.7400  3.2480 -0.71    590    590    590
 12.000  213.0750  2.1650  -0.31 222.50   2.20  -0.13  333.6310  3.6020 -0.96    583    583    583
 12.500  197.2220  2.0450  -0.28 219.34   2.20  -0.03  313.2560  3.9340 -0.89    541    541    541
 13.000  182.4130  1.9130  -0.29 216.46   2.22   0.33  293.5960  4.2210 -0.76    531    531    531
 13.500  168.5490  1.7590  -0.26 213.77   2.29   0.63  274.7140  4.4330 -0.66    525    525    525
 14.000  155.5650  1.5890  -0.20 211.29   2.45   0.74  256.5400  4.5730 -0.67    496    496    496
 14.500  143.4840  1.4090  -0.15 209.05   2.63   0.70  239.1530  4.5330 -0.63    485    485    485
 15.000  132.2360  1.2340  -0.09 207.32   2.67   0.61  222.2500  4.2550 -0.50    483    483    483
 15.500  121.7860  1.0640  -0.13 206.12   2.68   0.43  205.8800  3.8780 -0.36    460    460    460
 16.000  112.1560  0.9190  -0.05 205.42   2.66   0.38  190.2430  3.4340 -0.33    445    445    445
 16.500  103.2540  0.7970   0.03 205.30   2.69   0.29  175.2490  3.1020 -0.19    431    431    431
 17.000   95.0650  0.6920   0.03 205.57   2.54   0.14  161.1340  2.6750 -0.10    416    416    416
 17.500   87.5320  0.6070   0.06 206.33   2.34  -0.10  147.8100  2.2410  0.04    404    404    404
 18.000   80.6280  0.5370   0.07 207.52   2.21  -0.33  135.3710  1.9700  0.28    382    382    382
 18.500   74.2930  0.4690   0.06 208.76   2.10  -0.35  123.9930  1.7240  0.31    361    361    361
 19.000   68.4940  0.4170  -0.06 210.20   1.91  -0.19  113.5270  1.4100  0.11    341    341    341
 19.500   63.1760  0.3740  -0.11 211.41   1.85  -0.24  104.1110  1.2150  0.07    325    325    325
 20.000   58.3460  0.3390  -0.19 212.49   1.73   0.28   95.6620  1.0310 -0.23    289    289    289
 20.500   53.8580  0.3040  -0.25 213.60   1.61   0.57   87.8430  0.8460 -0.15    267    267    267
 21.000   49.7330  0.2850  -0.15 214.58   1.53   0.23   80.7440  0.7250 -0.12    250    250    250
 21.500   45.9920  0.2630  -0.22 215.67   1.48   0.46   74.2930  0.6410 -0.23    227    227    227
 22.000   42.5030  0.2490  -0.08 216.84   1.47   0.40   68.2850  0.5880 -0.17    210    210    210
 22.500   39.2950  0.2350  -0.28 217.88   1.59   0.13   62.8330  0.5680  0.04    194    194    194
 23.000   36.3330  0.2190  -0.10 218.88   1.54   0.40   57.8300  0.5160 -0.06    173    173    173
 23.500   33.6700  0.2120   0.05 219.87   1.68   0.72   53.3490  0.4480 -0.35    149    149    149
 24.000   31.1490  0.1960   0.31 220.92   1.80   0.55   49.1210  0.3980 -0.02    138    138    138
 24.500   28.8460  0.2000   0.43 221.86   1.76   0.32   45.2960  0.3740 -0.16    129    129    129
 25.000   26.7600  0.1970   0.62 222.75   1.72   0.33   41.8530  0.3230  0.09    122    122    122
 25.500   24.7890  0.1880   0.26 223.71   1.63   0.24   38.6020  0.3000 -0.07    118    118    118
 26.000   22.9760  0.1810   0.43 224.54   1.57   0.27   35.6480  0.2760  0.04    114    114    114
 26.500   21.2930  0.1730   0.37 225.34   1.69   0.49   32.9190  0.2660 -0.27    110    110    110
 27.000   19.7870  0.1660   0.85 226.13   1.60  -0.11   30.4850  0.2490 -0.05    107    107    107
 27.500   18.3520  0.1640   0.50 227.05   1.77  -0.15   28.1590  0.2450 -0.38    102    102    102
 28.000   17.0190  0.1600   0.77 227.89   1.89   0.06   26.0180  0.2280 -0.17    100    100    100
 28.500   15.8340  0.1550   0.50 228.69   1.78   0.11   24.1190  0.2040 -0.14     95     95     95
 29.000   14.6980  0.1530   0.88 229.47   1.63   0.38   22.3140  0.2020  0.13     92     92     92
 29.500   13.6470  0.1520   0.80 230.28   1.67  -0.04   20.6460  0.2060  0.46     87     87     87
 30.000   12.6680  0.1450   0.46 231.24   1.65   0.24   19.0840  0.2150 -0.27     83     83     83
     T A B L E  II -   8.  T H E R M O D Y N A M I C  S T A T I S T I C A L  P A R A M E T E R S
                                    August
 STATION =   746120     CHINA LAKE NAWS, CA
    Z      MEAN P   SD P   SKEWP  MEAN T  SD T  SKEWT    MEAN D   SD D  SKEWD  NOBSP  NOBST  NOBSD
    KM       MB       MB             K      K             G/M3    G/M3                           
  0.000 1020.0000  5.0000   0.00 290.00   5.00   0.00 1221.0000 25.0000  0.00    100    100    100
  0.665  935.1690  2.7150  -0.19 303.21   8.75  -0.45 1072.0120 32.3040  0.47    740    740    740
  1.000  900.5580  2.5820  -0.12 302.08   4.11  -0.19 1035.7010 14.5430  0.11    740    740    740
  1.500  850.9870  2.4640  -0.04 298.85   3.23  -0.29  989.5030 10.7250  0.15    740    740    740
  2.000  803.5920  2.4460  -0.03 295.07   2.87  -0.30  946.5920  8.7980  0.13    740    740    740
  2.500  758.2510  2.4850  -0.07 291.02   2.63  -0.33  905.7760  7.4870  0.18    740    740    740
  3.000  714.9030  2.5280  -0.11 286.99   2.43  -0.51  866.1190  6.4810  0.32    740    740    740
  3.500  673.4550  2.5650  -0.17 283.09   2.23  -0.74  827.3050  5.6170  0.41    739    739    739
  4.000  633.8970  2.5650  -0.24 279.30   2.00  -0.62  789.4560  4.8670  0.22    739    739    739
  4.500  596.1740  2.5490  -0.31 275.66   1.92  -0.27  752.4860  4.5380 -0.17    738    738    738
  5.000  560.2680  2.5140  -0.41 272.18   1.93  -0.03  716.4100  4.3770 -0.39    738    738    738
  5.500  526.0930  2.4830  -0.50 268.78   1.94   0.02  681.3870  4.1410 -0.29    738    738    738
  6.000  493.5940  2.4570  -0.56 265.46   1.98  -0.12  647.4270  3.8320 -0.17    737    737    737
  6.500  462.7160  2.4540  -0.61 262.10   2.08  -0.25  614.8090  3.5680 -0.25    706    706    706
  7.000  433.4130  2.4670  -0.63 258.61   2.15  -0.37  583.6860  3.3430 -0.51    701    701    701
  7.500  405.6260  2.4860  -0.67 255.00   2.15  -0.49  554.0430  2.9820 -0.60    695    695    695
  8.000  379.2210  2.5110  -0.71 251.29   2.25  -0.49  525.6530  2.8520 -0.55    672    672    672
  8.500  354.1920  2.5240  -0.73 247.56   2.32  -0.46  498.3710  2.7300 -0.29    670    670    670
  9.000  330.5090  2.5520  -0.75 243.80   2.42  -0.47  472.2430  2.6950 -0.28    666    666    666
  9.500  308.0370  2.5720  -0.76 240.07   2.51  -0.53  446.9730  2.6240 -0.36    637    637    637
 10.000  286.8270  2.5750  -0.80 236.46   2.58  -0.56  422.5660  2.6570 -0.37    622    622    622
 10.500  266.7750  2.5570  -0.83 232.91   2.60  -0.53  399.0190  2.7300 -0.37    613    613    613
 11.000  247.9180  2.4860  -0.88 229.46   2.56  -0.60  376.4020  2.7070 -0.43    581    581    581
 11.500  230.0660  2.4460  -0.89 226.11   2.48  -0.57  354.4710  2.9130 -0.54    569    569    569
 12.000  213.2830  2.3690  -0.88 222.87   2.24  -0.50  333.3970  3.1790 -0.74    564    564    564
 12.500  197.4950  2.3150  -0.88 219.74   1.90  -0.27  313.1070  3.5590 -0.97    517    517    517
 13.000  182.6980  2.1690  -0.85 216.75   1.69   0.14  293.6520  4.0130 -1.10    499    499    499
 13.500  168.8340  2.0020  -0.81 213.91   1.83   0.63  274.9850  4.4740 -1.11    493    493    493
 14.000  155.8940  1.7830  -0.81 211.25   2.20   1.21  257.1200  4.8330 -1.20    473    473    473
 14.500  143.8180  1.5630  -0.76 208.67   2.65   1.25  240.1550  4.9630 -1.18    451    451    451
 15.000  132.5240  1.3580  -0.69 206.62   2.91   1.04  223.5010  4.8360 -1.00    444    444    444
 15.500  122.0060  1.1610  -0.67 205.30   3.14   0.79  207.0900  4.6040 -0.84    424    424    424
 16.000  112.2950  0.9810  -0.61 204.78   3.04   0.54  191.0870  4.0460 -0.63    417    417    417
 16.500  103.3730  0.8170  -0.52 204.53   2.90   0.73  176.1160  3.4610 -0.68    405    405    405
 17.000   95.1560  0.6930  -0.48 205.12   2.78   0.54  161.6480  2.9490 -0.56    390    390    390
 17.500   87.5960  0.5910  -0.47 206.03   2.61   0.54  148.1410  2.4700 -0.48    382    382    382
 18.000   80.6890  0.5170  -0.39 207.35   2.38   0.53  135.5900  2.0080 -0.29    360    360    360
 18.500   74.3630  0.4620  -0.37 208.73   2.25   0.32  124.1260  1.6870 -0.09    343    343    343
 19.000   68.5550  0.4220  -0.41 210.20   2.11   0.03  113.6300  1.4290  0.05    311    311    311
 19.500   63.2300  0.3860  -0.41 211.37   1.92  -0.20  104.2230  1.1820  0.30    289    289    289
 20.000   58.4060  0.3760  -0.32 212.50   1.76  -0.15   95.7540  0.9820  0.09    257    257    257
 20.500   53.9240  0.3480  -0.36 213.43   1.63  -0.13   88.0230  0.8270  0.04    245    245    245
 21.000   49.7940  0.3350  -0.28 214.32   1.52  -0.02   80.9410  0.7310 -0.28    222    222    222
 21.500   46.0550  0.3150  -0.24 215.18   1.41  -0.09   74.5650  0.6490 -0.28    206    206    206
 22.000   42.5510  0.3020  -0.08 216.17   1.33   0.24   68.5760  0.6110 -0.25    190    190    190
 22.500   39.3150  0.2850   0.03 217.14   1.26   0.40   63.0750  0.5250 -0.22    164    164    164
 23.000   36.3440  0.2730   0.14 218.16   1.47   0.32   58.0370  0.5070 -0.33    151    151    151
 23.500   33.6720  0.2600   0.42 218.93   1.49   0.34   53.5810  0.4960 -0.34    139    139    139
 24.000   31.1540  0.2470   0.41 219.90   1.33   0.16   49.3550  0.4590 -0.36    131    131    131
 24.500   28.8370  0.2290   0.60 220.91   1.49  -0.10   45.4750  0.4160 -0.41    129    129    129
 25.000   26.7520  0.2180   0.47 221.79   1.38  -0.09   42.0200  0.3530 -0.14    127    127    127
 25.500   24.7720  0.2090   0.86 222.75   1.51   0.14   38.7420  0.3370  0.05    124    124    124
 26.000   22.9450  0.2000   0.82 223.77   1.71   0.26   35.7220  0.3350  0.35    121    121    121
 26.500   21.2600  0.1960   0.85 224.67   1.55   0.19   32.9670  0.3000  0.05    117    117    117
 27.000   19.7530  0.1860   0.77 225.58   1.60   0.19   30.5050  0.2750  0.39    110    110    110
 27.500   18.3160  0.1750   0.79 226.41   1.75   0.14   28.1820  0.2890 -0.06    105    105    105
 28.000   16.9920  0.1640   1.62 227.06   1.80   0.03   26.0700  0.2650  0.54    101    101    101
 28.500   15.8050  0.1620   1.24 227.93   1.69   0.15   24.1570  0.2140  0.29     99     99     99
 29.000   14.6610  0.1480   1.33 228.87   1.73   0.27   22.3150  0.1800  0.29     94     94     94
 29.500   13.6050  0.1380   1.42 229.64   1.79   0.41   20.6390  0.1710  0.29     93     93     93
 30.000   12.6350  0.1400   1.37 230.32   1.97   0.99   19.1110  0.1680  0.33     89     89     89
     T A B L E  II -   9.  T H E R M O D Y N A M I C  S T A T I S T I C A L  P A R A M E T E R S
                                 September
 STATION =   746120     CHINA LAKE NAWS, CA
    Z      MEAN P   SD P   SKEWP  MEAN T  SD T  SKEWT    MEAN D   SD D  SKEWD  NOBSP  NOBST  NOBSD
    KM       MB       MB             K      K             G/M3    G/M3                           
  0.000 1020.0000  5.0000   0.00 290.00   5.00   0.00 1221.0000 25.0000  0.00    100    100    100
  0.665  935.5320  3.1710  -0.29 299.32   8.73  -0.45 1086.7000 33.2660  0.52    737    737    737
  1.000  900.5420  2.9740  -0.37 298.76   4.34  -0.24 1047.4230 15.3950  0.22    737    737    737
  1.500  850.3960  2.9390  -0.50 295.33   3.79  -0.46 1000.7790 12.3290  0.45    737    737    737
  2.000  802.4690  3.0020  -0.58 291.42   3.53  -0.63  957.2110 10.5490  0.64    737    737    737
  2.500  756.6400  3.1160  -0.63 287.38   3.30  -0.76  915.4080  9.1420  0.74    737    737    737
  3.000  712.8390  3.2140  -0.64 283.46   3.07  -0.86  874.5080  7.9580  0.71    737    737    737
  3.500  671.0150  3.2820  -0.68 279.88   2.74  -0.77  833.9670  6.6410  0.25    737    737    737
  4.000  631.1860  3.3050  -0.72 276.49   2.65  -0.63  794.3080  6.2870 -0.05    737    737    737
  4.500  593.2640  3.2920  -0.77 273.30   2.60  -0.60  755.5380  6.0020 -0.18    737    737    737
  5.000  557.2380  3.2690  -0.81 270.28   2.61  -0.54  717.7990  5.6190 -0.14    737    737    737
  5.500  523.0190  3.2530  -0.83 267.11   2.53  -0.56  681.8260  5.1230 -0.08    737    737    737
  6.000  490.5170  3.2380  -0.83 263.76   2.48  -0.57  647.6470  4.7110 -0.17    735    735    735
  6.500  459.6320  3.2120  -0.82 260.20   2.41  -0.60  615.2230  4.3270 -0.35    721    721    721
  7.000  430.3070  3.1800  -0.82 256.51   2.35  -0.50  584.2770  3.9730 -0.32    716    716    716
  7.500  402.4850  3.1430  -0.80 252.77   2.32  -0.45  554.6160  3.7050 -0.57    714    714    714
  8.000  376.0780  3.1070  -0.81 249.01   2.30  -0.43  526.0780  3.5460 -0.75    687    687    687
  8.500  351.0270  3.0620  -0.80 245.15   2.33  -0.28  498.7710  3.4870 -0.79    684    684    684
  9.000  327.3190  2.9990  -0.78 241.30   2.33  -0.11  472.5250  3.4900 -0.95    680    680    680
  9.500  304.8230  2.9090  -0.75 237.49   2.44   0.05  447.1230  3.5090 -0.98    634    634    634
 10.000  283.5650  2.8710  -0.68 233.75   2.57   0.31  422.6010  3.7050 -1.00    624    624    624
 10.500  263.4610  2.8120  -0.62 230.21   2.74   0.39  398.7040  4.0470 -1.00    611    611    611
 11.000  244.5750  2.6990  -0.51 226.95   2.82   0.40  375.4470  4.3770 -0.88    590    590    590
 11.500  226.7840  2.6040  -0.43 223.98   2.89   0.20  352.7670  4.7090 -0.77    578    578    578
 12.000  210.0860  2.4880  -0.33 221.29   2.81  -0.14  330.7720  4.7970 -0.69    573    573    573
 12.500  194.4330  2.3490  -0.28 218.77   2.81  -0.41  309.6500  4.9490 -0.65    536    536    536
 13.000  179.8080  2.2000  -0.23 216.41   2.67  -0.50  289.4840  4.8480 -0.62    527    527    527
 13.500  166.1330  2.0330  -0.18 214.16   2.58  -0.19  270.2930  4.9630 -0.53    515    515    515
 14.000  153.3300  1.8240  -0.12 212.05   2.71   0.25  251.9460  5.0480 -0.46    473    473    473
 14.500  141.4710  1.6220  -0.05 210.11   2.89   0.54  234.6220  5.0010 -0.43    462    462    462
 15.000  130.4320  1.4250   0.01 208.39   3.09   0.47  218.1140  4.8590 -0.33    459    459    459
 15.500  120.1560  1.2320   0.02 207.12   3.31   0.42  202.1700  4.6770 -0.23    430    430    430
 16.000  110.6850  1.0570   0.03 206.35   3.39   0.34  186.9230  4.2420 -0.13    418    418    418
 16.500  101.9350  0.9060   0.06 206.04   3.39   0.34  172.4090  3.7540 -0.14    402    402    402
 17.000   93.8760  0.7920   0.11 206.31   3.23   0.47  158.5650  3.2120 -0.22    385    385    385
 17.500   86.4610  0.7000   0.15 206.68   3.06   0.61  145.7680  2.6950 -0.36    377    377    377
 18.000   79.6510  0.6260   0.14 207.54   3.03   0.35  133.7280  2.3290 -0.12    361    361    361
 18.500   73.4010  0.5610   0.11 208.46   2.83   0.32  122.6830  1.8800 -0.21    340    340    340
 19.000   67.6700  0.5140   0.06 209.64   2.57   0.27  112.4640  1.5360 -0.11    317    317    317
 19.500   62.4160  0.4860   0.08 210.75   2.33   0.09  103.1820  1.2610  0.01    302    302    302
 20.000   57.6390  0.4540   0.00 211.95   2.03   0.16   94.7450  1.0320  0.19    271    271    271
 20.500   53.2070  0.4390  -0.08 212.76   2.00  -0.10   87.1250  0.9050  0.14    242    242    242
 21.000   49.1150  0.4100  -0.01 213.78   1.94  -0.01   80.0400  0.7630 -0.13    219    219    219
 21.500   45.4200  0.3880   0.19 214.74   1.97   0.01   73.6870  0.6640 -0.10    193    193    193
 22.000   41.9680  0.3770   0.20 215.73   1.93   0.06   67.7750  0.6380 -0.28    181    181    181
 22.500   38.7790  0.3690   0.23 216.60   1.83   0.15   62.3730  0.5860 -0.22    169    169    169
 23.000   35.8500  0.3540   0.26 217.53   1.82  -0.15   57.4140  0.5390 -0.15    161    161    161
 23.500   33.2010  0.3450   0.28 218.56   1.62   0.03   52.9210  0.4820 -0.08    155    155    155
 24.000   30.7180  0.3300   0.27 219.34   1.64   0.18   48.7890  0.4860  0.04    151    151    151
 24.500   28.4190  0.3150   0.28 220.40   1.72   0.27   44.9220  0.4920 -0.12    142    142    142
 25.000   26.3540  0.3020   0.38 221.34   1.71   0.25   41.4800  0.4620 -0.19    136    136    136
 25.500   24.4040  0.2870   0.43 222.16   1.73  -0.01   38.2670  0.4210  0.10    135    135    135
 26.000   22.6050  0.2710   0.43 222.94   1.80   0.47   35.3220  0.3700  0.46    133    133    133
 26.500   20.9420  0.2610   0.50 223.74   1.77   0.34   32.6070  0.3420  0.51    131    131    131
 27.000   19.4520  0.2540   0.37 224.50   1.61   0.17   30.1850  0.3560  0.47    127    127    127
 27.500   18.0290  0.2390   0.37 225.44   1.81   0.60   27.8600  0.3370  0.40    126    126    126
 28.000   16.7150  0.2240   0.51 226.12   1.87   0.61   25.7520  0.3250  0.53    123    123    123
 28.500   15.5330  0.2130   0.41 226.61   1.94   0.59   23.8790  0.2810  0.24    121    121    121
 29.000   14.4040  0.2010   0.47 227.29   1.94   0.65   22.0760  0.2560  0.31    119    119    119
 29.500   13.3540  0.1900   0.34 227.95   1.69   0.33   20.4080  0.2360  0.33    115    115    115
 30.000   12.3870  0.1750   0.38 228.55   1.91   0.13   18.8810  0.2190  0.36    112    112    112
     T A B L E  II -  10.  T H E R M O D Y N A M I C  S T A T I S T I C A L  P A R A M E T E R S
                                   October
 STATION =   746120     CHINA LAKE NAWS, CA
    Z      MEAN P   SD P   SKEWP  MEAN T  SD T  SKEWT    MEAN D   SD D  SKEWD  NOBSP  NOBST  NOBSD
    KM       MB       MB             K      K             G/M3    G/M3                           
  0.000 1020.0000  5.0000   0.00 290.00   5.00   0.00 1221.0000 25.0000  0.00    100    100    100
  0.665  937.3400  4.5270  -0.10 292.41   8.76  -0.26 1115.2230 35.4350  0.39    633    633    633
  1.000  901.5530  4.3320  -0.20 292.62   4.85  -0.17 1071.2430 17.9420  0.24    633    633    633
  1.500  850.3110  4.2840  -0.36 289.46   4.74  -0.42 1021.5460 15.8480  0.51    633    633    633
  2.000  801.4310  4.3590  -0.45 285.87   4.70  -0.49  975.0740 14.2250  0.58    633    633    633
  2.500  754.8190  4.5250  -0.50 282.46   4.66  -0.51  929.6490 12.6190  0.51    633    633    633
  3.000  710.4190  4.7450  -0.55 279.42   4.58  -0.57  884.7190 10.8650  0.45    633    633    633
  3.500  668.1900  4.9870  -0.58 276.57   4.48  -0.64  840.9320  9.4100  0.43    633    633    633
  4.000  628.0700  5.1960  -0.61 273.68   4.45  -0.69  798.9320  8.3590  0.43    633    633    633
  4.500  589.9640  5.3770  -0.64 270.57   4.37  -0.76  759.1980  7.5600  0.40    633    633    633
  5.000  553.7660  5.5280  -0.67 267.33   4.35  -0.87  721.3540  6.8470  0.51    633    633    633
  5.500  519.3750  5.6450  -0.70 263.98   4.32  -0.89  685.2000  6.2400  0.27    632    632    632
  6.000  486.7140  5.7440  -0.74 260.49   4.26  -0.94  650.7450  5.6430  0.14    632    632    632
  6.500  455.6780  5.8210  -0.75 256.93   4.26  -0.99  617.7440  5.2210  0.01    624    624    624
  7.000  426.2430  5.8700  -0.78 253.27   4.22  -0.99  586.2100  4.8250 -0.06    623    623    623
  7.500  398.3380  5.8880  -0.81 249.50   4.16  -0.89  556.1210  4.6030 -0.44    620    620    620
  8.000  371.8810  5.8860  -0.81 245.73   4.04  -0.81  527.1670  4.6100 -0.79    594    594    594
  8.500  346.8090  5.8360  -0.82 241.88   3.89  -0.61  499.4600  4.6500 -0.97    590    590    590
  9.000  323.0900  5.7080  -0.79 238.06   3.63  -0.32  472.7580  4.9310 -1.24    585    585    585
  9.500  300.6240  5.5970  -0.75 234.29   3.36  -0.04  446.9830  5.6310 -1.42    557    557    557
 10.000  279.3930  5.4140  -0.70 230.58   3.22   0.07  422.1090  6.4110 -1.60    549    549    549
 10.500  259.3370  5.1870  -0.63 227.03   3.27   0.09  397.9590  7.1690 -1.66    543    543    543
 11.000  240.5030  4.8820  -0.57 223.76   3.42   0.24  374.4720  7.9800 -1.58    515    515    515
 11.500  222.7920  4.5830  -0.49 220.90   3.61   0.52  351.4270  8.5390 -1.35    503    503    503
 12.000  206.2080  4.2280  -0.44 218.53   3.78   0.52  328.8270  8.7880 -1.08    497    497    497
 12.500  190.5840  3.9000  -0.34 216.48   3.93   0.32  306.8100  8.9040 -0.80    451    451    451
 13.000  176.1380  3.5660  -0.29 214.83   3.89   0.08  285.7430  8.6040 -0.60    444    444    444
 13.500  162.6670  3.2320  -0.24 213.33   3.81   0.07  265.7490  8.1770 -0.47    433    433    433
 14.000  150.1680  2.8900  -0.12 211.64   3.69   0.17  247.2950  7.6690 -0.43    405    405    405
 14.500  138.5630  2.5650  -0.06 210.22   3.54   0.36  229.7220  7.1510 -0.33    401    401    401
 15.000  127.7510  2.2670  -0.03 208.94   3.64   0.52  213.1060  6.7760 -0.26    390    390    390
 15.500  117.6850  2.0000   0.04 207.73   3.82   0.33  197.4660  6.4180 -0.09    367    367    367
 16.000  108.4240  1.7410   0.06 206.96   3.92   0.32  182.6130  5.9090 -0.07    360    360    360
 16.500   99.8940  1.4680   0.12 206.54   4.13   0.26  168.5870  5.3940  0.00    350    350    350
 17.000   91.9900  1.2460   0.16 206.49   4.01   0.09  155.2780  4.7060  0.10    340    340    340
 17.500   84.7270  1.0700   0.16 206.68   3.87  -0.04  142.8830  4.0500  0.19    328    328    328
 18.000   78.0490  0.9170   0.12 207.16   3.68  -0.10  131.3090  3.4400  0.17    314    314    314
 18.500   71.9060  0.7940   0.10 207.95   3.22   0.10  120.4970  2.7800  0.02    294    294    294
 19.000   66.2770  0.6900   0.13 208.78   2.80   0.07  110.6170  2.1940  0.01    278    278    278
 19.500   61.1080  0.6200   0.21 209.63   2.68   0.22  101.5700  1.8490 -0.08    257    257    257
 20.000   56.3820  0.5450   0.20 210.40   2.41   0.10   93.3680  1.4940  0.03    238    238    238
 20.500   52.0210  0.4980   0.20 211.38   2.23   0.27   85.7430  1.1840 -0.10    221    221    221
 21.000   48.0170  0.4720   0.11 212.04   2.17   0.22   78.8950  1.0250 -0.20    201    201    201
 21.500   44.3490  0.4470   0.11 212.78   2.19   0.18   72.6130  0.9320  0.02    184    184    184
 22.000   40.9560  0.4210   0.00 213.72   2.24   0.14   66.7630  0.8190 -0.15    171    171    171
 22.500   37.8050  0.3840  -0.12 214.72   2.19   0.01   61.3390  0.7140 -0.03    155    155    155
 23.000   34.9310  0.3690  -0.27 215.65   2.31   0.04   56.4320  0.6450 -0.40    144    144    144
 23.500   32.3080  0.3510  -0.29 216.65   2.13  -0.25   51.9520  0.5590 -0.08    133    133    133
 24.000   29.8680  0.3300  -0.31 217.70   2.16  -0.39   47.7970  0.5320  0.11    129    129    129
 24.500   27.6320  0.3190  -0.42 218.59   2.32  -0.36   44.0410  0.5210  0.17    127    127    127
 25.000   25.5910  0.3170  -0.40 219.03   2.33  -0.50   40.7050  0.4700  0.13    120    120    120
 25.500   23.6870  0.2990  -0.40 219.68   2.35  -0.61   37.5650  0.4090 -0.15    119    119    119
 26.000   21.9130  0.2860  -0.36 220.31   2.50  -0.61   34.6510  0.3840 -0.11    116    116    116
 26.500   20.2840  0.2800  -0.42 221.14   2.70  -0.61   31.9560  0.3840  0.00    115    115    115
 27.000   18.8180  0.2680  -0.49 221.61   2.61  -0.58   29.5830  0.3200 -0.17    112    112    112
 27.500   17.4280  0.2610  -0.44 222.34   2.68  -0.51   27.3080  0.3100 -0.34    112    112    112
 28.000   16.1530  0.2500  -0.54 222.96   2.79  -0.47   25.2390  0.3040 -0.29    110    110    110
 28.500   14.9870  0.2480  -0.45 223.52   2.62  -0.46   23.3580  0.2910 -0.46    108    108    108
 29.000   13.8860  0.2360  -0.45 223.90   2.78  -0.30   21.6050  0.2880 -0.50    106    106    106
 29.500   12.8750  0.2290  -0.51 224.51   3.03  -0.39   19.9790  0.2960 -0.52    104    104    104
 30.000   11.9350  0.2200  -0.37 225.15   2.85  -0.52   18.4660  0.2820 -0.43    103    103    103
     T A B L E  II -  11.  T H E R M O D Y N A M I C  S T A T I S T I C A L  P A R A M E T E R S
                                  November
 STATION =   746120     CHINA LAKE NAWS, CA
    Z      MEAN P   SD P   SKEWP  MEAN T  SD T  SKEWT    MEAN D   SD D  SKEWD  NOBSP  NOBST  NOBSD
    KM       MB       MB             K      K             G/M3    G/M3                           
  0.000 1020.0000  5.0000   0.00 290.00   5.00   0.00 1221.0000 25.0000  0.00    100    100    100
  0.665  940.5620  5.1250  -0.39 286.11   8.63  -0.50 1144.3610 37.6550  0.63    629    629    629
  1.000  903.9040  4.8270  -0.51 286.72   4.56  -0.03 1096.6071 18.6230  0.21    629    629    629
  1.500  851.5110  4.6560  -0.59 283.96   4.71  -0.21 1043.2350 17.1520  0.33    629    629    629
  2.000  801.6780  4.6650  -0.59 281.10   4.81  -0.36  992.3500 15.5870  0.40    629    629    629
  2.500  754.3170  4.8240  -0.60 278.55   4.77  -0.59  942.4450 13.5350  0.54    629    629    629
  3.000  709.3870  5.0380  -0.63 276.13   4.78  -0.85  894.2860 11.9640  0.82    629    629    629
  3.500  666.6780  5.2660  -0.67 273.46   4.69  -1.05  848.7710 10.5130  0.99    623    623    623
  4.000  626.2080  5.4910  -0.73 270.69   4.51  -1.07  805.5060  8.7620  0.83    623    623    623
  4.500  587.8190  5.6820  -0.79 267.73   4.47  -1.18  764.5670  7.8460  0.88    622    622    622
  5.000  551.3380  5.8240  -0.85 264.56   4.46  -1.06  725.7510  7.2060  0.55    617    617    617
  5.500  516.7300  5.9330  -0.89 261.21   4.41  -1.07  688.9690  6.5560  0.48    616    616    616
  6.000  483.8980  6.0210  -0.93 257.68   4.30  -1.00  654.0440  5.8620  0.37    616    616    616
  6.500  452.6960  6.0650  -0.94 254.02   4.19  -0.84  620.7060  5.3790  0.09    609    609    609
  7.000  423.1240  6.0970  -0.95 250.35   4.10  -0.64  588.6990  5.0100 -0.20    606    606    606
  7.500  395.0530  6.0790  -0.92 246.55   4.06  -0.44  558.1320  5.0650 -0.38    595    595    595
  8.000  368.4770  6.1870  -1.09 242.78   3.94  -0.27  528.6810  5.3260 -0.98    578    578    578
  8.500  343.3630  5.9440  -0.83 238.98   3.83  -0.15  500.4950  5.4440 -1.04    577    577    577
  9.000  319.6120  5.8110  -0.75 235.12   3.78  -0.08  473.5440  5.7210 -1.41    573    573    573
  9.500  297.0680  5.7060  -0.66 231.34   3.73  -0.04  447.3380  6.2440 -1.84    553    553    553
 10.000  275.8140  5.5340  -0.56 227.68   3.63   0.13  422.0170  6.8560 -2.01    545    545    545
 10.500  255.7590  5.2900  -0.48 224.17   3.50   0.28  397.4750  7.4890 -1.87    539    539    539
 11.000  236.9640  5.0140  -0.43 221.04   3.59   0.32  373.5290  8.4590 -1.61    498    498    498
 11.500  219.2870  4.6910  -0.34 218.37   3.85   0.50  349.9290  9.1830 -1.32    489    489    489
 12.000  202.7730  4.3390  -0.25 216.21   4.06   0.41  326.8420  9.5930 -0.89    485    485    485
 12.500  187.2250  3.8740  -0.26 214.50   4.43   0.33  304.2350  9.8980 -0.52    448    448    448
 13.000  172.8690  3.5020  -0.20 213.29   4.52   0.09  282.5170  9.7390 -0.25    434    434    434
 13.500  159.6060  3.1210  -0.15 212.19   4.50  -0.18  262.2080  9.1660 -0.11    417    417    417
 14.000  147.3060  2.7560  -0.14 211.05   4.39  -0.20  243.3050  8.4020 -0.15    397    397    397
 14.500  135.8820  2.4220  -0.09 210.10   4.27  -0.02  225.4540  7.6540 -0.18    392    392    392
 15.000  125.3000  2.1140  -0.03 209.27   3.90   0.23  208.6960  6.6790 -0.23    382    382    382
 15.500  115.4230  1.7890  -0.10 208.39   3.69   0.39  193.0520  5.8260 -0.27    360    360    360
 16.000  106.3760  1.5490  -0.05 207.60   3.63   0.20  178.5880  5.2510 -0.12    349    349    349
 16.500   98.0030  1.3320  -0.05 207.23   3.68  -0.01  164.8290  4.7020 -0.02    341    341    341
 17.000   90.2800  1.1450  -0.07 207.07   3.70  -0.12  151.9530  4.2300  0.07    325    325    325
 17.500   83.2050  0.9710  -0.07 206.97   3.56  -0.14  140.1060  3.6520  0.07    309    309    309
 18.000   76.6710  0.8310  -0.08 207.22   3.53  -0.30  128.9430  3.0830  0.09    288    288    288
 18.500   70.6660  0.7290  -0.04 207.63   3.28  -0.49  118.6000  2.5400  0.23    262    262    262
 19.000   65.1440  0.6590  -0.05 208.18   3.00  -0.17  109.0370  2.1060 -0.07    239    239    239
 19.500   60.0650  0.5860  -0.04 208.73   2.60  -0.07  100.2650  1.6830 -0.05    221    221    221
 20.000   55.3970  0.5490  -0.08 209.32   2.52  -0.22   92.2090  1.5080 -0.07    200    200    200
 20.500   51.0780  0.4980  -0.07 210.19   2.22  -0.10   84.6670  1.2240  0.01    182    182    182
 21.000   47.1360  0.4530  -0.10 210.85   2.44  -0.43   77.8870  1.1270 -0.05    162    162    162
 21.500   43.4920  0.4110  -0.22 211.52   2.23  -0.27   71.6390  0.9450 -0.10    142    142    142
 22.000   40.1310  0.3920  -0.20 212.13   2.03  -0.01   65.9110  0.7990 -0.07    124    124    124
 22.500   37.0140  0.3720  -0.24 212.84   2.01   0.27   60.5870  0.7030 -0.40    112    112    112
 23.000   34.1870  0.3450  -0.12 213.60   2.36  -0.15   55.7610  0.6320 -0.54    106    106    106
 23.500   31.6160  0.3350  -0.25 214.18   2.47  -0.29   51.4270  0.5670 -0.50    100    100    100
 24.000   29.2020  0.3170  -0.32 215.05   2.41  -0.40   47.3080  0.5270 -0.44     98     98     98
 24.500   26.9830  0.3160  -0.36 215.76   2.48  -0.45   43.5690  0.4690 -0.35     97     97     97
 25.000   24.9670  0.3070  -0.41 216.14   2.54  -0.52   40.2420  0.4280  0.02     95     95     95
 25.500   23.0800  0.2920  -0.47 216.43   2.68  -0.65   37.1520  0.4270 -0.17     92     92     92
 26.000   21.3440  0.2890  -0.60 217.04   2.69  -0.98   34.2600  0.3830 -0.20     91     91     91
 26.500   19.7360  0.2780  -0.64 217.58   2.84  -1.08   31.6020  0.3680  0.03     90     90     90
 27.000   18.2670  0.2720  -0.71 218.19   3.00  -0.74   29.1670  0.3440  0.07     89     89     89
 27.500   16.9200  0.2570  -0.81 218.76   3.13  -1.00   26.9460  0.3040  0.35     86     86     86
 28.000   15.6540  0.2600  -0.77 219.31   3.20  -0.72   24.8670  0.3110  0.17     85     85     85
 28.500   14.5050  0.2550  -0.88 220.06   3.47   0.07   22.9650  0.3470 -0.99     84     84     84
 29.000   13.4300  0.2440  -0.86 220.56   3.21  -0.12   21.2130  0.3330 -0.71     82     82     82
 29.500   12.4340  0.2350  -0.86 221.25   3.07  -0.63   19.5780  0.3120 -0.66     79     79     79
 30.000   11.5230  0.2180  -0.97 221.83   3.00  -0.83   18.0960  0.2960 -0.72     78     78     78
     T A B L E  II -  12.  T H E R M O D Y N A M I C  S T A T I S T I C A L  P A R A M E T E R S
                                  December
 STATION =   746120     CHINA LAKE NAWS, CA
    Z      MEAN P   SD P   SKEWP  MEAN T  SD T  SKEWT    MEAN D   SD D  SKEWD  NOBSP  NOBST  NOBSD
    KM       MB       MB             K      K             G/M3    G/M3                           
  0.000 1020.0000  5.0000   0.00 290.00   5.00   0.00 1221.0000 25.0000  0.00    100    100    100
  0.665  941.5860  5.5970  -0.33 280.21   7.98  -0.45 1169.8621 36.4740  0.56    537    537    537
  1.000  904.1630  5.3000  -0.35 281.77   3.73  -0.07 1116.3700 16.2150  0.09    537    537    537
  1.500  850.8860  5.1150  -0.42 279.51   4.29  -0.14 1059.2550 15.9850  0.16    537    537    537
  2.000  800.3700  5.1270  -0.47 277.29   4.98  -0.19 1004.5700 16.0280  0.22    537    537    537
  2.500  752.4700  5.3420  -0.50 275.03   5.35  -0.32  952.4130 15.0570  0.36    537    537    537
  3.000  707.0880  5.6440  -0.52 272.77   5.27  -0.42  902.5230 13.0790  0.44    537    537    537
  3.500  664.0710  5.9420  -0.53 270.22   5.24  -0.53  855.7340 11.5400  0.51    537    537    537
  4.000  623.2710  6.2230  -0.55 267.26   5.22  -0.56  812.1100 10.2250  0.59    536    536    536
  4.500  584.5580  6.4680  -0.55 264.14   5.16  -0.58  770.7440  9.0100  0.56    535    535    535
  5.000  547.8430  6.6590  -0.56 260.84   5.07  -0.52  731.4990  7.9810  0.30    534    534    534
  5.500  512.9950  6.8160  -0.56 257.44   4.96  -0.48  694.0660  7.0690  0.27    533    533    533
  6.000  479.9250  6.9200  -0.56 253.96   4.84  -0.45  658.2280  6.3850  0.11    533    533    533
  6.500  448.5130  7.0170  -0.53 250.32   4.78  -0.38  624.1230  5.8960  0.03    519    519    519
  7.000  418.7900  7.0770  -0.51 246.62   4.66  -0.27  591.4990  5.6580 -0.08    510    510    510
  7.500  390.6070  7.0820  -0.48 242.90   4.63  -0.19  560.1740  5.7180 -0.29    499    499    499
  8.000  363.9860  6.9260  -0.47 239.15   4.45  -0.11  530.1880  5.8060 -0.60    472    472    472
  8.500  338.7900  6.7920  -0.43 235.46   4.18   0.10  501.2230  5.9240 -0.85    470    470    470
  9.000  314.9820  6.6410  -0.37 231.80   3.90   0.22  473.3540  6.5760 -1.06    467    467    467
  9.500  292.6160  6.3310  -0.32 228.28   3.69   0.27  446.5430  7.5190 -1.44    436    436    436
 10.000  271.4230  6.0580  -0.23 224.96   3.57   0.31  420.3340  8.4320 -1.33    434    434    434
 10.500  251.4690  5.7600  -0.13 221.93   3.62   0.27  394.7940  9.5820 -1.10    422    422    422
 11.000  232.8520  5.3880  -0.04 219.50   3.94   0.26  369.6720 10.7820 -0.88    405    405    405
 11.500  215.3700  4.9370   0.06 217.66   4.46   0.35  344.8790 11.7090 -0.56    402    402    402
 12.000  199.1590  4.4210   0.15 216.26   5.00   0.28  321.0520 12.0290 -0.28    395    395    395
 12.500  183.9110  3.8860   0.21 215.52   5.37  -0.06  297.5390 11.7780  0.09    373    373    373
 13.000  169.9580  3.3530   0.35 214.90   5.42  -0.28  275.7550 10.8090  0.35    360    360    360
 13.500  156.9910  2.9390   0.38 214.39   4.96  -0.38  255.2830  9.2800  0.46    348    348    348
 14.000  144.8890  2.4530   0.31 214.00   4.28  -0.41  235.9960  7.5140  0.45    319    319    319
 14.500  133.7700  2.1550   0.34 213.32   3.89  -0.38  218.5580  6.5430  0.36    309    309    309
 15.000  123.5020  1.8990   0.37 212.57   3.74  -0.25  202.4890  5.8180  0.25    305    305    305
 15.500  114.0040  1.6680   0.44 211.45   3.35  -0.19  187.8960  4.9620  0.37    289    289    289
 16.000  105.1840  1.4770   0.44 210.61   3.45  -0.12  174.0550  4.6580  0.36    277    277    277
 16.500   97.0170  1.2730   0.34 210.02   3.45  -0.08  160.9900  4.2540  0.12    263    263    263
 17.000   89.4260  1.0620   0.31 209.69   3.30   0.25  148.6200  3.7040  0.01    252    252    252
 17.500   82.4650  0.9210   0.33 209.60   3.38   0.14  137.1100  3.4000  0.21    245    245    245
 18.000   76.0320  0.7820   0.28 209.63   3.37  -0.01  126.3990  2.9790  0.36    232    232    232
 18.500   70.1090  0.6910   0.23 209.96   3.33  -0.09  116.3610  2.6250  0.46    214    214    214
 19.000   64.6860  0.6020   0.12 210.15   3.22  -0.23  107.2620  2.2700  0.50    200    200    200
 19.500   59.6910  0.5210  -0.04 210.42   3.04  -0.15   98.8460  1.8750  0.48    181    181    181
 20.000   55.0710  0.4410  -0.27 210.95   2.90  -0.07   90.9670  1.5660  0.28    162    162    162
 20.500   50.8100  0.4010  -0.47 211.54   2.93  -0.14   83.6910  1.3840  0.42    151    151    151
 21.000   46.9300  0.3480  -0.28 212.31   2.84  -0.25   77.0190  1.1980  0.38    139    139    139
 21.500   43.3550  0.3120  -0.34 212.77   2.89   0.00   70.9980  1.0520  0.32    125    125    125
 22.000   40.0400  0.3060  -0.33 213.23   2.92  -0.09   65.4270  0.8930  0.57    110    110    110
 22.500   36.9760  0.2990  -0.33 213.77   2.94  -0.10   60.2660  0.8130  0.34    104    104    104
 23.000   34.1530  0.2880  -0.36 214.39   2.76  -0.20   55.5010  0.6650  0.58    100    100    100
 23.500   31.5670  0.2880  -0.19 214.95   2.73  -0.10   51.1660  0.5440  0.66     98     98     98
 24.000   29.1720  0.2750  -0.29 215.35   2.79  -0.19   47.1960  0.4910  0.90     94     94     94
 24.500   26.9630  0.2660  -0.26 215.69   2.73  -0.18   43.5500  0.4420  0.48     89     89     89
 25.000   24.9390  0.2620  -0.23 216.24   2.94  -0.37   40.1810  0.4290  0.10     85     85     85
 25.500   23.0560  0.2560  -0.27 216.72   2.84  -0.61   37.0650  0.4340 -0.08     83     83     83
 26.000   21.3130  0.2560  -0.27 217.24   2.92  -0.81   34.1800  0.3970 -0.45     82     82     82
 26.500   19.7200  0.2390  -0.33 217.69   3.09  -0.87   31.5600  0.3660 -0.54     78     78     78
 27.000   18.2610  0.2400  -0.25 218.21   3.15  -0.94   29.1570  0.3590 -0.12     78     78     78
 27.500   16.8960  0.2390  -0.46 218.82   3.09  -0.49   26.9020  0.3480 -0.52     77     77     77
 28.000   15.6270  0.2270  -0.43 219.34   3.17  -0.35   24.8210  0.3330 -0.48     77     77     77
 28.500   14.5000  0.2090  -0.23 219.81   2.97  -0.21   22.9830  0.3200 -0.42     73     73     73
 29.000   13.4160  0.1970  -0.27 220.13   3.11  -0.23   21.2330  0.3330 -0.20     71     71     71
 29.500   12.4160  0.1890  -0.28 220.68   3.36   0.06   19.6020  0.3310 -0.51     69     69     69
 30.000   11.5120  0.1700  -0.31 221.64   3.71   0.46   18.0970  0.3040 -0.66     67     67     67
     T A B L E  II -  13.  T H E R M O D Y N A M I C  S T A T I S T I C A L  P A R A M E T E R S
                                    Annual
 STATION =   746120     CHINA LAKE NAWS, CA
    Z      MEAN P   SD P   SKEWP  MEAN T  SD T  SKEWT    MEAN D   SD D  SKEWD  NOBSP  NOBST  NOBSD
    KM       MB       MB             K      K             G/M3    G/M3                           
  0.000 1020.0000  5.0000   0.00 290.00   5.00   0.00 1221.0000 25.0000  0.00    100    100    100
  0.665  937.1820  5.0730   0.45 293.19  11.45  -0.11 1112.7111 47.4940  0.34   8336   8336   8336
  1.000  901.3260  4.4900   0.20 292.25   8.47   0.02 1072.9280 33.2830  0.12   8336   8336   8336
  1.500  850.0080  4.1630  -0.34 289.05   8.16  -0.07 1023.1890 29.1440  0.18   8336   8336   8336
  2.000  801.0690  4.3450  -0.68 285.60   7.83  -0.14  976.0280 25.2100  0.20   8336   8336   8336
  2.500  754.3930  4.8210  -0.75 282.14   7.40  -0.22  930.5380 21.2840  0.23   8336   8336   8336
  3.000  709.9530  5.3730  -0.73 278.83   6.93  -0.32  886.2140 17.5800  0.30   8335   8335   8335
  3.500  667.6190  5.8970  -0.70 275.60   6.54  -0.44  843.2750 14.5530  0.39   8325   8325   8325
  4.000  627.3750  6.3510  -0.70 272.35   6.27  -0.54  802.0010 12.2080  0.46   8320   8320   8320
  4.500  589.1090  6.7330  -0.70 269.08   6.12  -0.60  762.3540 10.5030  0.48   8316   8316   8316
  5.000  552.7520  7.0630  -0.70 265.74   6.09  -0.62  724.3810  9.2500  0.45   8290   8290   8290
  5.500  518.2280  7.3370  -0.71 262.34   6.09  -0.62  688.0210  8.2210  0.39   8279   8279   8279
  6.000  485.4340  7.5610  -0.71 258.84   6.12  -0.59  653.2340  7.3420  0.33   8270   8270   8270
  6.500  454.2740  7.7560  -0.69 255.24   6.17  -0.53  619.9690  6.5770  0.26   8121   8121   8121
  7.000  424.7480  7.9020  -0.68 251.58   6.19  -0.46  588.1310  5.8950  0.20   8075   8075   8075
  7.500  396.7690  8.0110  -0.66 247.85   6.19  -0.38  557.6680  5.3850  0.09   7999   7999   7999
  8.000  370.2180  8.0760  -0.63 244.06   6.14  -0.30  528.4450  5.0910 -0.22   7722   7722   7722
  8.500  345.1010  8.0630  -0.59 240.26   6.07  -0.21  500.3860  4.9890 -0.64   7670   7670   7670
  9.000  321.3470  8.0270  -0.54 236.46   5.97  -0.12  473.4310  5.2290 -1.38   7605   7605   7605
  9.500  298.8210  7.9320  -0.47 232.70   5.85  -0.04  447.3500  5.7660 -1.97   7221   7221   7221
 10.000  277.5660  7.8150  -0.40 229.09   5.72   0.02  422.0830  6.5660 -2.21   7069   7069   7069
 10.500  257.5300  7.6350  -0.32 225.68   5.59   0.04  397.5450  7.5290 -2.13   6955   6955   6955
 11.000  238.7070  7.4230  -0.25 222.63   5.47   0.00  373.5580  8.6520 -1.86   6607   6607   6607
 11.500  221.0160  7.1320  -0.17 220.05   5.32  -0.04  349.9500  9.8080 -1.52   6499   6499   6499
 12.000  204.5040  6.7650  -0.09 218.01   5.16  -0.14  326.8700 10.7650 -1.16   6425   6425   6425
 12.500  189.0290  6.3550  -0.01 216.48   4.92  -0.26  304.3180 11.4410 -0.79   5958   5958   5958
 13.000  174.7060  5.8830   0.05 215.32   4.55  -0.26  282.8040 11.5980 -0.49   5817   5817   5817
 13.500  161.4390  5.3940   0.08 214.25   4.20  -0.10  262.6570 11.4210 -0.25   5668   5668   5668
 14.000  149.0560  4.9020   0.12 213.08   4.11   0.08  243.8630 11.0990 -0.08   5349   5349   5349
 14.500  137.5880  4.4040   0.14 211.82   4.19   0.13  226.4620 10.6120  0.04   5211   5211   5211
 15.000  126.9450  3.9380   0.14 210.63   4.30   0.14  210.1360  9.9640  0.10   5132   5132   5132
 15.500  117.0600  3.4950   0.15 209.58   4.37   0.11  194.7440  9.1440  0.14   4859   4859   4859
 16.000  107.9240  3.0970   0.15 208.84   4.35   0.15  180.1790  8.2250  0.12   4733   4733   4733
 16.500   99.4890  2.7450   0.15 208.34   4.26   0.17  166.4880  7.2800  0.09   4566   4566   4566
 17.000   91.6890  2.4380   0.16 208.17   3.96   0.18  153.5370  6.2620  0.07   4408   4408   4408
 17.500   84.5210  2.1700   0.16 208.25   3.68   0.20  141.4630  5.3270  0.02   4273   4273   4273
 18.000   77.9050  1.9530   0.16 208.65   3.41   0.10  130.1260  4.5060 -0.03   4064   4064   4064
 18.500   71.8330  1.7690   0.17 209.26   3.10   0.01  119.6220  3.7740 -0.06   3816   3816   3816
 19.000   66.2430  1.6100   0.17 209.94   2.82  -0.09  109.9420  3.1200 -0.10   3552   3552   3552
 19.500   61.1170  1.4790   0.17 210.63   2.66  -0.17  101.0950  2.6270 -0.12   3302   3302   3302
 20.000   56.4190  1.3890   0.17 211.38   2.59  -0.32   92.9880  2.2820 -0.14   2924   2924   2924
 20.500   52.0710  1.2990   0.18 212.14   2.48  -0.40   85.5100  1.9920 -0.09   2656   2656   2656
 21.000   48.0710  1.2150   0.19 212.91   2.49  -0.55   78.6570  1.7790 -0.09   2401   2401   2401
 21.500   44.4240  1.1570   0.20 213.72   2.47  -0.42   72.4120  1.6170 -0.03   2130   2130   2130
 22.000   41.0490  1.0830   0.18 214.54   2.51  -0.40   66.6510  1.4330  0.02   1948   1948   1948
 22.500   37.9110  1.0100   0.20 215.34   2.58  -0.32   61.3260  1.2750  0.07   1800   1800   1800
 23.000   35.0250  0.9450   0.21 216.09   2.72  -0.32   56.4610  1.1400  0.10   1687   1687   1687
 23.500   32.3880  0.9030   0.25 216.80   2.83  -0.25   52.0370  1.0450  0.21   1587   1587   1587
 24.000   29.9390  0.8490   0.25 217.55   2.95  -0.25   47.9380  0.9470  0.28   1529   1529   1529
 24.500   27.6870  0.8040   0.26 218.33   3.12  -0.24   44.1710  0.8750  0.27   1481   1481   1481
 25.000   25.6440  0.7760   0.26 219.02   3.26  -0.28   40.7820  0.8190  0.26   1428   1428   1428
 25.500   23.7290  0.7370   0.25 219.74   3.41  -0.25   37.6130  0.7580  0.23   1405   1405   1405
 26.000   21.9550  0.7010   0.26 220.50   3.56  -0.20   34.6810  0.7120  0.24   1382   1382   1382
 26.500   20.3210  0.6650   0.26 221.22   3.69  -0.26   31.9960  0.6730  0.21   1360   1360   1360
 27.000   18.8420  0.6440   0.26 221.92   3.81  -0.27   29.5720  0.6500  0.22   1334   1334   1334
 27.500   17.4500  0.6100   0.26 222.72   3.99  -0.22   27.2890  0.6170  0.20   1306   1306   1306
 28.000   16.1610  0.5810   0.26 223.44   4.12  -0.22   25.1920  0.5960  0.20   1278   1278   1278
 28.500   14.9990  0.5620   0.27 224.16   4.21  -0.17   23.3050  0.5780  0.15   1244   1244   1244
 29.000   13.8990  0.5340   0.28 224.82   4.28  -0.21   21.5320  0.5500  0.10   1206   1206   1206
 29.500   12.8810  0.5080   0.29 225.58   4.34  -0.28   19.8870  0.5310  0.10   1171   1171   1171
 30.000   11.9420  0.4810   0.30 226.40   4.42  -0.26   18.3710  0.5110  0.09   1146   1146   1146
