      72381      34.91N  117.88W
     T A B L E  II -   1.  T H E R M O D Y N A M I C  S T A T I S T I C A L  P A R A M E T E R S
                                   January
 Station =   72381      Edwards AFB, CA
    Z      MEAN P   SD P   SKEWP  MEAN T  SD T  SKEWT    MEAN D   SD D  SKEWD  NOBSP  NOBST  NOBSD
    KM       MB       MB             K      K             G/M3    G/M3                           
  0.000 1020.0000  5.0000   0.00 290.00   5.00   0.00 1221.0000 25.0000  0.00    100    100    100
  0.723  936.1480  5.0990  -0.65 279.75   6.42   0.35 1163.7510 28.6980 -0.05    705    705    705
  1.000  905.1620  4.9950  -0.67 281.83   4.09  -0.17 1116.7629 16.4680  0.47    705    705    705
  1.500  851.9950  4.9080  -0.73 279.99   4.50  -0.24 1058.4390 16.0100  0.52    705    705    705
  2.000  801.4680  5.0060  -0.69 277.84   4.69  -0.30 1003.6280 14.4990  0.55    705    705    705
  2.500  753.5680  5.2290  -0.65 275.67   4.77  -0.50  951.3270 12.8060  0.77    705    705    705
  3.000  708.2250  5.5000  -0.61 273.17   4.77  -0.67  902.4110 11.2640  0.97    705    705    705
  3.500  665.1440  5.7580  -0.60 270.33   4.71  -0.77  856.5310  9.7970  1.08    704    704    704
  4.000  624.2440  6.0050  -0.60 267.32   4.72  -0.86  813.0580  8.7780  1.11    704    704    704
  4.500  585.4870  6.2160  -0.62 264.15   4.72  -0.90  771.7990  7.9600  0.96    704    704    704
  5.000  548.6650  6.3950  -0.64 260.77   4.70  -0.85  732.7140  7.0560  0.75    704    704    704
  5.500  513.7210  6.5430  -0.65 257.29   4.70  -0.80  695.3720  6.3370  0.57    703    703    703
  6.000  480.5590  6.6530  -0.67 253.69   4.68  -0.79  659.7490  5.7700  0.43    703    703    703
  6.500  449.1650  6.7420  -0.68 250.07   4.64  -0.77  625.6070  5.5000  0.04    697    697    697
  7.000  419.3530  6.7630  -0.68 246.33   4.60  -0.68  592.9860  5.3790 -0.46    696    696    696
  7.500  391.0880  6.7640  -0.67 242.55   4.49  -0.56  561.6540  5.3320 -0.92    694    694    694
  8.000  364.4160  6.7100  -0.66 238.83   4.30  -0.29  531.5130  5.5720 -1.23    689    689    689
  8.500  339.1360  6.6040  -0.62 235.13   4.17  -0.00  502.4330  6.2150 -1.61    688    688    688
  9.000  315.2560  6.4500  -0.57 231.48   4.01   0.33  474.4460  6.9810 -1.75    683    683    683
  9.500  292.7220  6.2250  -0.50 227.88   3.96   0.64  447.5190  7.9760 -1.81    675    675    675
 10.000  271.4400  5.9400  -0.42 224.50   4.10   0.89  421.2630  9.1620 -1.64    672    672    672
 10.500  251.4800  5.6210  -0.32 221.56   4.29   0.99  395.5180 10.2030 -1.39    670    670    670
 11.000  232.7780  5.2610  -0.21 219.25   4.83   0.93  370.0290 11.4340 -1.08    664    664    664
 11.500  215.3060  4.8610  -0.10 217.70   5.36   0.73  344.7650 12.1390 -0.70    659    659    659
 12.000  199.0480  4.4480  -0.01 216.89   5.66   0.31  319.9670 12.1530 -0.31    651    651    651
 12.500  183.9950  4.0360   0.04 216.70   5.66  -0.11  296.0390 11.4720  0.05    639    639    639
 13.000  170.0870  3.6390   0.06 216.39   5.13  -0.41  274.0210 10.0740  0.28    636    636    636
 13.500  157.1740  3.2840   0.09 215.83   4.57  -0.61  253.8430  8.8220  0.39    630    630    630
 14.000  145.2070  2.9500   0.09 215.08   4.06  -0.63  235.3140  7.7610  0.38    620    620    620
 14.500  134.1380  2.6780   0.05 213.94   3.64  -0.31  218.5200  6.9230  0.25    611    611    611
 15.000  123.8600  2.4000   0.03 212.70   3.57  -0.09  202.9500  6.4410  0.22    596    596    596
 15.500  114.3080  2.1500  -0.03 211.45   3.69  -0.01  188.4160  6.0820  0.22    583    583    583
 16.000  105.4770  1.8980  -0.01 210.11   3.77  -0.01  174.9720  5.6780  0.22    544    544    544
 16.500   97.2380  1.6860  -0.09 209.19   3.90   0.07  162.0170  5.2680  0.21    504    504    504
 17.000   89.6100  1.4670  -0.17 208.55   4.02   0.07  149.7690  4.7900  0.21    481    481    481
 17.500   82.5980  1.2590   0.09 208.31   4.08   0.04  138.2070  4.3230  0.24    440    440    440
 18.000   76.0950  1.1380  -0.17 208.23   4.08   0.06  127.3720  3.8370  0.28    403    403    403
 18.500   70.1290  1.0260  -0.49 208.34   3.88   0.00  117.3170  3.2620  0.30    373    373    373
 19.000   64.6880  0.8570  -0.11 208.79   3.86   0.05  107.9740  2.7920  0.21    324    324    324
 19.500   59.6320  0.7770  -0.15 209.32   3.77   0.16   99.2790  2.3540  0.16    298    298    298
 20.000   55.0220  0.7320  -0.26 209.77   3.57   0.20   91.4030  2.0010  0.09    243    243    243
 20.500   50.7540  0.7020  -0.32 210.29   3.50   0.01   84.1010  1.6870  0.22    209    209    209
 21.000   46.7780  0.6650  -0.39 210.82   3.49  -0.12   77.3140  1.4370  0.19    192    192    192
 21.500   43.1420  0.6100  -0.64 211.35   3.62  -0.23   71.1250  1.3280  0.19    166    166    166
 22.000   39.7910  0.5910  -0.56 211.75   3.69  -0.21   65.4760  1.1740  0.45    154    154    154
 22.500   36.6870  0.5680  -0.57 212.26   3.83  -0.11   60.2230  1.1200  0.41    145    145    145
 23.000   33.8670  0.5610  -0.54 212.79   3.77  -0.21   55.4540  1.0020  0.35    134    134    134
 23.500   31.2720  0.5520  -0.49 213.32   3.86  -0.38   51.0770  0.9330  0.36    125    125    125
 24.000   28.8520  0.5330  -0.41 214.05   3.86  -0.30   46.9610  0.8490  0.14    123    123    123
 24.500   26.6650  0.5100  -0.48 214.35   3.89  -0.23   43.3390  0.7350  0.18    121    121    121
 25.000   24.6400  0.4980  -0.54 214.86   4.01  -0.24   39.9520  0.6970  0.24    115    115    115
 25.500   22.7380  0.4720  -0.49 215.54   4.18  -0.35   36.7510  0.6610  0.08    111    111    111
 26.000   21.0220  0.4590  -0.45 216.13   4.07  -0.36   33.8840  0.6180 -0.16    107    107    107
 26.500   19.4050  0.4440  -0.41 216.53   4.11  -0.42   31.2190  0.6340 -0.29    102    102    102
 27.000   17.9320  0.4150  -0.67 217.09   4.13  -0.55   28.7760  0.6080 -0.45     96     96     96
 27.500   16.5960  0.4040  -0.61 218.03   3.85  -0.49   26.5150  0.5890 -0.71     93     93     93
 28.000   15.3350  0.3810  -0.58 218.66   4.11  -0.58   24.4330  0.6130 -0.58     91     91     91
 28.500   14.1920  0.3760  -0.39 219.43   4.40  -0.26   22.5320  0.6060 -0.69     81     81     81
 29.000   13.1340  0.3660  -0.26 220.28   4.68  -0.29   20.7730  0.6250 -0.78     74     74     74
 29.500   12.1430  0.3490  -0.27 221.51   5.00  -0.06   19.1000  0.6030 -0.67     70     70     70
 30.000   11.2600  0.3520  -0.18 223.32   5.20  -0.10   17.5670  0.6270 -0.59     59     59     59
     T A B L E  II -   2.  T H E R M O D Y N A M I C  S T A T I S T I C A L  P A R A M E T E R S
                                  February
 Station =   72381      Edwards AFB, CA
    Z      MEAN P   SD P   SKEWP  MEAN T  SD T  SKEWT    MEAN D   SD D  SKEWD  NOBSP  NOBST  NOBSD
    KM       MB       MB             K      K             G/M3    G/M3                           
  0.000 1020.0000  5.0000   0.00 290.00   5.00   0.00 1221.0000 25.0000  0.00    100    100    100
  0.723  934.1770  5.2490  -0.41 281.45   6.11   0.56 1153.9340 26.2790 -0.20    887    887    887
  1.000  903.4060  5.2040  -0.45 282.35   4.72   0.36 1112.5179 17.9400 -0.21    887    887    887
  1.500  850.3720  5.2250  -0.45 279.81   5.01   0.15 1057.1090 16.8580  0.01    887    887    887
  2.000  799.8400  5.4130  -0.42 276.97   5.08   0.01 1004.7950 15.1280  0.16    887    887    887
  2.500  751.8670  5.6980  -0.37 274.56   5.02  -0.22  953.0270 12.9020  0.42    887    887    887
  3.000  706.4600  5.9940  -0.35 272.14   5.02  -0.49  903.6310 11.3620  0.75    887    887    887
  3.500  663.3450  6.2870  -0.35 269.27   5.02  -0.57  857.6240 10.1490  0.82    887    887    887
  4.000  622.4090  6.5470  -0.37 266.17   4.94  -0.62  814.1740  8.7750  0.84    885    885    885
  4.500  583.6000  6.7600  -0.39 262.90   4.89  -0.66  772.9830  7.8140  0.77    884    884    884
  5.000  546.7240  6.9480  -0.41 259.57   4.89  -0.67  733.5030  7.0880  0.58    882    882    882
  5.500  511.7300  7.0690  -0.44 256.22   4.86  -0.66  695.5810  6.5190  0.36    881    881    881
  6.000  478.5690  7.1580  -0.46 252.71   4.76  -0.62  659.5630  5.9190  0.13    881    881    881
  6.500  447.1850  7.2100  -0.48 249.13   4.74  -0.60  625.1950  5.4880 -0.05    879    879    879
  7.000  417.4160  7.2290  -0.49 245.43   4.73  -0.58  592.4170  5.1750 -0.19    878    878    878
  7.500  389.1810  7.2090  -0.48 241.67   4.59  -0.50  560.9460  5.0350 -0.44    873    873    873
  8.000  362.5180  7.1230  -0.47 237.89   4.40  -0.42  530.8330  5.2450 -0.91    868    868    868
  8.500  337.2800  7.0140  -0.45 234.14   4.14  -0.29  501.7910  5.7510 -1.33    865    865    865
  9.000  313.4180  6.8490  -0.41 230.47   3.81  -0.14  473.7140  6.6130 -1.48    862    862    862
  9.500  290.9930  6.6010  -0.36 227.04   3.51  -0.10  446.4860  7.9220 -1.49    846    846    846
 10.000  269.8220  6.2880  -0.30 223.89   3.43   0.11  419.8710  9.3940 -1.36    838    838    838
 10.500  249.9140  5.9080  -0.22 221.18   3.83   0.50  393.7160 10.9490 -1.14    827    827    827
 11.000  231.3420  5.4550  -0.14 218.94   4.59   0.83  368.2840 12.2400 -0.89    816    816    816
 11.500  213.9720  4.9810  -0.06 217.61   5.33   0.62  342.8020 13.0200 -0.52    809    809    809
 12.000  197.8410  4.4810   0.01 217.06   5.86   0.19  317.8250 12.9850 -0.17    802    802    802
 12.500  182.9670  4.0290   0.04 217.03   5.80  -0.20  293.9640 11.9440  0.13    783    783    783
 13.000  169.1570  3.6040   0.08 217.12   5.12  -0.53  271.6060 10.1240  0.33    776    776    776
 13.500  156.3680  3.2420   0.08 216.69   4.36  -0.67  251.5300  8.4810  0.33    754    754    754
 14.000  144.5170  2.9370   0.09 215.93   3.69  -0.39  233.2450  7.2630  0.19    744    744    744
 14.500  133.5560  2.6570   0.08 214.80   3.32  -0.18  216.6830  6.5160  0.14    733    733    733
 15.000  123.3640  2.4100   0.04 213.60   3.32  -0.01  201.2800  6.1150  0.13    714    714    714
 15.500  113.9160  2.1360   0.06 212.39   3.45   0.06  186.9290  5.7330  0.11    701    701    701
 16.000  105.1260  1.8990   0.05 211.34   3.55   0.12  173.3610  5.2850  0.15    679    679    679
 16.500   97.0200  1.6860  -0.12 210.29   3.70   0.22  160.8010  4.9300  0.09    624    624    624
 17.000   89.4970  1.5030  -0.20 209.58   3.88   0.19  148.8370  4.5950  0.04    594    594    594
 17.500   82.5870  1.3080  -0.29 209.19   4.01   0.28  137.6040  4.1530 -0.01    530    530    530
 18.000   76.1790  1.1620  -0.37 209.00   4.01   0.30  127.0400  3.7020 -0.02    464    464    464
 18.500   70.2270  1.0350  -0.45 209.06   3.84   0.10  117.0740  3.1970  0.04    430    430    430
 19.000   64.7540  0.9380  -0.50 209.16   3.54   0.05  107.8880  2.7080  0.11    380    380    380
 19.500   59.7030  0.8450  -0.57 209.56   3.47   0.03   99.2790  2.3240  0.01    344    344    344
 20.000   55.0690  0.7650  -0.67 210.05   3.21   0.24   91.3540  1.9590 -0.06    293    293    293
 20.500   50.7880  0.7130  -0.74 210.48   2.94   0.34   84.0750  1.6660 -0.18    233    233    233
 21.000   46.8310  0.6690  -0.70 211.00   2.76   0.29   77.3310  1.4210 -0.21    218    218    218
 21.500   43.1890  0.6240  -0.74 211.47   2.55   0.34   71.1550  1.2510 -0.21    199    199    199
 22.000   39.8730  0.5840  -0.61 212.07   2.52   0.34   65.5050  1.1020 -0.26    183    183    183
 22.500   36.7750  0.5550  -0.56 212.64   2.55  -0.00   60.2510  0.9850 -0.29    171    171    171
 23.000   33.9760  0.5240  -0.48 213.36   2.40  -0.13   55.4790  0.8830 -0.38    163    163    163
 23.500   31.3280  0.4700  -0.58 213.76   2.25  -0.51   51.0590  0.8350 -0.59    144    144    144
 24.000   28.9170  0.4500  -0.54 214.25   2.27  -0.61   47.0200  0.7770 -0.80    133    133    133
 24.500   26.7130  0.4360  -0.41 214.81   2.25  -0.69   43.3230  0.7170 -0.65    126    126    126
 25.000   24.6770  0.4120  -0.48 215.25   2.26  -0.92   39.9370  0.6550 -0.68    118    118    118
 25.500   22.7860  0.3900  -0.42 215.82   2.13  -0.83   36.7780  0.5900 -0.52    113    113    113
 26.000   21.0660  0.3700  -0.34 216.43   2.10  -0.19   33.9050  0.5280 -0.42    109    109    109
 26.500   19.4760  0.3370  -0.29 217.28   2.35  -0.62   31.2240  0.5010 -0.31    101    101    101
 27.000   18.0280  0.3180  -0.24 217.86   2.38  -0.39   28.8260  0.4480 -0.38     97     97     97
 27.500   16.7050  0.2760  -0.01 218.68   2.30  -0.34   26.6100  0.4010 -0.30     84     84     84
 28.000   15.4400  0.2630   0.00 219.49   2.35  -0.04   24.5040  0.3790 -0.24     79     79     79
 28.500   14.3040  0.2540   0.01 220.68   2.60  -0.33   22.5780  0.3800 -0.31     74     74     74
 29.000   13.2600  0.2450  -0.03 221.65   2.71  -0.25   20.8380  0.3660 -0.31     67     67     67
 29.500   12.2860  0.2190  -0.03 222.68   3.05  -0.02   19.2180  0.3150  0.26     64     64     64
 30.000   11.3930  0.2180   0.05 223.85   3.17   0.30   17.7280  0.3190  0.37     59     59     59
     T A B L E  II -   3.  T H E R M O D Y N A M I C  S T A T I S T I C A L  P A R A M E T E R S
                                     March
 Station =   72381      Edwards AFB, CA
    Z      MEAN P   SD P   SKEWP  MEAN T  SD T  SKEWT    MEAN D   SD D  SKEWD  NOBSP  NOBST  NOBSD
    KM       MB       MB             K      K             G/M3    G/M3                           
  0.000 1020.0000  5.0000   0.00 290.00   5.00   0.00 1221.0000 25.0000  0.00    100    100    100
  0.723  932.7640  4.4340  -0.23 284.41   6.72   0.52 1139.9650 27.7210 -0.27   1039   1039   1039
  1.000  902.3440  4.3950  -0.35 284.79   4.95   0.11 1101.4930 18.1670 -0.16   1039   1039   1039
  1.500  849.8050  4.5400  -0.52 282.28   5.02  -0.18 1047.0439 16.4490  0.13   1039   1039   1039
  2.000  799.7250  4.7820  -0.62 279.13   4.93  -0.31  996.7720 14.5920  0.25   1039   1039   1039
  2.500  752.0950  5.0700  -0.68 276.30   4.77  -0.50  947.2740 12.3760  0.40   1039   1039   1039
  3.000  706.9240  5.3690  -0.71 273.59   4.70  -0.72  899.4170 10.6230  0.65   1039   1039   1039
  3.500  664.0150  5.6580  -0.75 270.71   4.70  -0.85  853.9650  9.3760  0.80   1037   1037   1037
  4.000  623.2300  5.9170  -0.78 267.63   4.67  -0.99  810.8220  8.3690  0.94   1037   1037   1037
  4.500  584.5740  6.1360  -0.82 264.41   4.59  -1.05  769.8700  7.3540  0.88   1036   1036   1036
  5.000  547.8320  6.3020  -0.86 261.01   4.53  -1.09  730.9200  6.5680  0.79   1033   1033   1033
  5.500  512.9580  6.4330  -0.89 257.53   4.51  -1.07  693.7000  6.0290  0.51   1031   1031   1031
  6.000  479.8740  6.5280  -0.92 253.94   4.51  -1.04  658.1560  5.5900  0.13   1031   1031   1031
  6.500  448.5140  6.5990  -0.94 250.27   4.49  -0.99  624.2080  5.2750 -0.11   1023   1023   1023
  7.000  418.7780  6.6280  -0.95 246.51   4.45  -0.87  591.7350  5.1020 -0.47   1020   1020   1020
  7.500  390.5880  6.5890  -0.95 242.71   4.31  -0.61  560.5700  5.0360 -0.65   1017   1017   1017
  8.000  363.9240  6.5370  -0.91 238.90   4.16  -0.35  530.6280  5.2300 -0.93   1013   1013   1013
  8.500  338.6740  6.4380  -0.86 235.10   4.03  -0.13  501.8030  5.7370 -1.36   1008   1008   1008
  9.000  314.7960  6.2910  -0.79 231.30   3.83   0.05  474.1030  6.3180 -1.77   1003   1003   1003
  9.500  292.3020  6.1090  -0.71 227.63   3.63   0.22  447.3410  7.0980 -2.05    997    997    997
 10.000  271.0540  5.8580  -0.61 224.15   3.46   0.45  421.2780  7.9640 -2.01    993    993    993
 10.500  251.0740  5.5550  -0.49 221.02   3.49   0.66  395.7830  9.1150 -1.76    991    991    991
 11.000  232.3460  5.1940  -0.37 218.38   3.86   0.81  370.7560 10.3100 -1.41    981    981    981
 11.500  214.8480  4.7770  -0.25 216.63   4.63   0.72  345.6880 11.4020 -0.97    978    978    978
 12.000  198.5700  4.3370  -0.14 215.70   5.38   0.42  320.9410 11.9680 -0.53    972    972    972
 12.500  183.4900  3.9040  -0.05 215.49   5.65   0.02  296.8950 11.4880 -0.17    965    965    965
 13.000  169.5340  3.4860   0.01 215.65   5.20  -0.37  274.0720 10.0930  0.13    958    958    958
 13.500  156.6750  3.1030   0.01 215.56   4.45  -0.54  253.3480  8.5440  0.15    935    935    935
 14.000  144.7530  2.7780   0.05 215.04   3.73  -0.29  234.6030  7.2530  0.00    920    920    920
 14.500  133.7870  2.4390   0.11 214.17   3.41  -0.05  217.6980  6.4490  0.03    885    885    885
 15.000  123.5530  2.1810   0.12 213.18   3.40  -0.01  201.9890  5.9610  0.08    868    868    868
 15.500  114.0480  1.9340   0.13 212.09   3.41   0.05  187.4100  5.5060  0.08    855    855    855
 16.000  105.2510  1.6960   0.13 211.15   3.56   0.12  173.7240  5.1270  0.09    817    817    817
 16.500   97.0990  1.4960   0.12 210.47   3.75   0.10  160.7950  4.7390  0.11    775    775    775
 17.000   89.5560  1.3100   0.11 209.94   3.83   0.08  148.6790  4.3120  0.14    754    754    754
 17.500   82.6080  1.1520   0.07 209.76   3.77   0.06  137.2570  3.8280  0.14    703    703    703
 18.000   76.1740  1.0320   0.05 209.88   3.63  -0.00  126.4860  3.3280  0.18    642    642    642
 18.500   70.2540  0.9190   0.02 210.01   3.35  -0.01  116.5740  2.7960  0.18    602    602    602
 19.000   64.8250  0.8380  -0.11 210.22   3.26  -0.15  107.4590  2.4880  0.21    518    518    518
 19.500   59.7810  0.7640  -0.20 210.75   3.04  -0.14   98.8390  2.1010  0.14    482    482    482
 20.000   55.1330  0.7060  -0.30 211.45   2.86   0.04   90.8500  1.7580  0.10    408    408    408
 20.500   50.8820  0.6670  -0.38 211.88   2.80   0.49   83.6700  1.5390 -0.01    356    356    356
 21.000   46.9410  0.6270  -0.37 212.24   2.63   0.13   77.0560  1.2650  0.17    325    325    325
 21.500   43.3410  0.5920  -0.49 212.80   2.64   0.30   70.9590  1.1490  0.06    293    293    293
 22.000   40.0320  0.5670  -0.51 213.18   2.59   0.15   65.4240  1.0320 -0.13    273    273    273
 22.500   36.9300  0.5350  -0.55 213.90   2.43   0.07   60.1490  0.9250 -0.06    257    257    257
 23.000   34.1230  0.5080  -0.63 214.57   2.34   0.16   55.4030  0.8200 -0.14    240    240    240
 23.500   31.5450  0.4800  -0.70 215.33   2.31   0.28   51.0340  0.7440 -0.16    221    221    221
 24.000   29.1200  0.4520  -0.69 215.92   2.13   0.39   46.9810  0.6760 -0.19    214    214    214
 24.500   26.9330  0.4290  -0.65 216.48   2.11   0.46   43.3380  0.6350 -0.17    204    204    204
 25.000   24.9190  0.4040  -0.64 217.07   2.17   0.34   39.9890  0.5790 -0.06    196    196    196
 25.500   23.0140  0.3820  -0.61 217.65   2.24   1.01   36.8320  0.5440 -0.17    193    193    193
 26.000   21.3020  0.3610  -0.53 218.28   2.20   0.65   33.9940  0.5210 -0.45    187    187    187
 26.500   19.6840  0.3420  -0.47 219.11   2.32   0.61   31.2930  0.5120 -0.36    186    186    186
 27.000   18.2280  0.3390  -0.48 220.16   2.35   0.51   28.8380  0.5070 -0.17    164    164    164
 27.500   16.9000  0.3140  -0.44 221.15   2.36   0.56   26.6170  0.4700 -0.27    153    153    153
 28.000   15.6270  0.3000  -0.36 222.03   2.59   0.71   24.5140  0.4500 -0.22    149    149    149
 28.500   14.4960  0.2910  -0.33 223.15   2.69   0.78   22.6240  0.4290 -0.25    139    139    139
 29.000   13.4570  0.2730  -0.36 224.05   3.00   0.44   20.9170  0.4080 -0.20    128    128    128
 29.500   12.4550  0.2280  -0.28 225.27   2.97   0.27   19.2520  0.3450 -0.38    120    120    120
 30.000   11.5670  0.2350  -0.31 226.24   3.28   0.59   17.8020  0.3530 -0.37     98     98     98
     T A B L E  II -   4.  T H E R M O D Y N A M I C  S T A T I S T I C A L  P A R A M E T E R S
                                     April
 Station =   72381      Edwards AFB, CA
    Z      MEAN P   SD P   SKEWP  MEAN T  SD T  SKEWT    MEAN D   SD D  SKEWD  NOBSP  NOBST  NOBSD
    KM       MB       MB             K      K             G/M3    G/M3                           
  0.000 1020.0000  5.0000   0.00 290.00   5.00   0.00 1221.0000 25.0000  0.00    100    100    100
  0.723  931.4240  3.3660   0.26 287.58   6.96   0.52 1125.6160 27.4370 -0.35    938    938    938
  1.000  901.3370  3.3600   0.15 287.32   5.41   0.19 1090.4390 19.6860 -0.14    938    938    938
  1.500  849.2890  3.5830  -0.07 284.66   5.41  -0.11 1037.6090 17.7860  0.14    938    938    938
  2.000  799.6550  3.9430  -0.23 281.48   5.31  -0.28  988.3630 15.8970  0.30    938    938    938
  2.500  752.3810  4.3200  -0.34 278.36   5.08  -0.44  940.6010 13.8070  0.46    937    937    937
  3.000  707.4980  4.6780  -0.42 275.37   4.90  -0.66  894.2890 11.8680  0.65    937    937    937
  3.500  664.7980  5.0040  -0.51 272.40   4.78  -0.86  849.6110 10.3260  0.82    936    936    936
  4.000  624.2180  5.3000  -0.59 269.42   4.76  -1.00  806.6860  9.2190  0.89    935    935    935
  4.500  585.7560  5.5440  -0.66 266.27   4.66  -1.14  766.0320  8.0820  0.93    935    935    935
  5.000  549.2040  5.7500  -0.74 262.96   4.61  -1.22  727.3270  7.1790  0.85    935    935    935
  5.500  514.4930  5.9170  -0.80 259.51   4.54  -1.21  690.4540  6.3360  0.66    935    935    935
  6.000  481.5510  6.0260  -0.86 255.97   4.40  -1.15  655.2200  5.6200  0.36    934    934    934
  6.500  450.3360  6.0920  -0.88 252.37   4.22  -1.01  621.5290  4.9680  0.04    930    930    930
  7.000  420.7650  6.0790  -0.89 248.66   4.01  -0.84  589.3890  4.5490 -0.07    925    925    925
  7.500  392.6550  6.0690  -0.88 244.85   3.81  -0.67  558.5980  4.5050 -0.46    922    922    922
  8.000  366.1220  5.9560  -0.83 241.03   3.68  -0.56  529.1130  4.7680 -1.13    902    902    902
  8.500  340.9360  5.8620  -0.78 237.14   3.52  -0.41  500.8050  5.0830 -1.74    899    899    899
  9.000  317.0830  5.7390  -0.71 233.29   3.34  -0.31  473.4590  5.6310 -2.16    895    895    895
  9.500  294.6160  5.5580  -0.64 229.53   3.18  -0.18  447.1350  6.3350 -2.38    889    889    889
 10.000  273.3800  5.3240  -0.55 225.90   3.10   0.01  421.6030  7.1750 -2.27    889    889    889
 10.500  253.3580  5.0510  -0.45 222.43   3.15   0.39  396.8500  8.0480 -2.08    888    888    888
 11.000  234.6030  4.7410  -0.35 219.31   3.43   0.74  372.7440  9.1120 -1.76    877    877    877
 11.500  216.9570  4.3830  -0.23 216.71   3.98   1.04  348.8920 10.1240 -1.39    870    870    870
 12.000  200.4780  3.9810  -0.13 214.78   4.63   0.94  325.3550 10.8460 -0.95    868    868    868
 12.500  185.1870  3.5460  -0.06 213.91   5.25   0.56  301.8310 11.1370 -0.48    853    853    853
 13.000  171.0040  3.1140  -0.02 213.88   5.38   0.12  278.7750 10.4990 -0.05    850    850    850
 13.500  157.9190  2.7310  -0.02 214.05   5.04  -0.22  257.1990  9.1330  0.24    834    834    834
 14.000  145.8290  2.4170  -0.03 213.99   4.46  -0.40  237.5380  7.5940  0.37    809    809    809
 14.500  134.6650  2.1630  -0.03 213.61   3.93  -0.41  219.7190  6.3520  0.33    783    783    783
 15.000  124.3300  1.9380  -0.04 213.02   3.59  -0.19  203.4020  5.4960  0.20    773    773    773
 15.500  114.7650  1.7360  -0.05 212.17   3.49  -0.07  188.5050  4.9340  0.13    751    751    751
 16.000  105.9140  1.5660  -0.08 211.39   3.49  -0.02  174.6040  4.4520  0.10    712    712    712
 16.500   97.6990  1.3890  -0.02 210.82   3.61  -0.09  161.5010  4.0950  0.10    676    676    676
 17.000   90.1100  1.2490   0.01 210.48   3.65  -0.03  149.1910  3.7010  0.05    658    658    658
 17.500   83.1270  1.1370   0.02 210.37   3.50   0.09  137.6980  3.2300 -0.07    624    624    624
 18.000   76.6800  1.0500   0.04 210.29   3.26  -0.06  127.0630  2.8030 -0.01    590    590    590
 18.500   70.7360  0.9750   0.12 210.51   3.16  -0.03  117.0850  2.4840 -0.02    564    564    564
 19.000   65.2780  0.8940   0.25 211.03   3.13  -0.09  107.7820  2.2000 -0.02    515    515    515
 19.500   60.2150  0.8520   0.27 211.60   2.89  -0.14   99.1520  1.9290  0.11    471    471    471
 20.000   55.5980  0.8190   0.30 212.04   2.75  -0.04   91.3570  1.6500  0.05    394    394    394
 20.500   51.3640  0.7950   0.30 212.73   2.77   0.23   84.1250  1.5360  0.04    321    321    321
 21.000   47.3760  0.7640   0.34 213.43   2.75   0.25   77.3360  1.3700  0.17    293    293    293
 21.500   43.7220  0.7070   0.38 213.93   2.81   0.22   71.2040  1.1960  0.12    255    255    255
 22.000   40.3850  0.6680   0.46 214.54   2.71   0.10   65.5820  1.1040  0.09    226    226    226
 22.500   37.2600  0.6370   0.51 215.12   2.58  -0.01   60.3400  1.0200  0.03    214    214    214
 23.000   34.4300  0.6100   0.63 215.81   2.60   0.18   55.5790  0.9370 -0.05    205    205    205
 23.500   31.8400  0.5970   0.73 216.53   2.65   0.12   51.2270  0.8650  0.04    196    196    196
 24.000   29.4060  0.5670   0.71 217.31   2.60   0.22   47.1380  0.7710  0.04    193    193    193
 24.500   27.2370  0.5520   0.74 218.14   2.68   0.17   43.4960  0.7120 -0.03    179    179    179
 25.000   25.2030  0.5250   0.80 218.77   2.67  -0.04   40.1290  0.6720  0.04    176    176    176
 25.500   23.2810  0.5010   0.81 219.69   2.66  -0.23   36.9140  0.6390  0.31    173    173    173
 26.000   21.5460  0.4570   0.57 220.53   2.56  -0.32   34.0310  0.6000  0.29    165    165    165
 26.500   19.9160  0.4330   0.53 221.63   2.64  -0.03   31.3000  0.5940  0.26    163    163    163
 27.000   18.4610  0.3990   0.31 222.68   2.69  -0.02   28.8750  0.5420 -0.02    151    151    151
 27.500   17.1200  0.3900   0.33 223.61   2.94  -0.02   26.6650  0.5240 -0.27    141    141    141
 28.000   15.8410  0.3700   0.36 224.82   3.04  -0.09   24.5400  0.5040 -0.20    133    133    133
 28.500   14.7100  0.3530   0.38 225.67   3.12  -0.10   22.7000  0.4690 -0.11    119    119    119
 29.000   13.6770  0.3460   0.33 226.57   3.05  -0.02   21.0230  0.4340  0.12    107    107    107
 29.500   12.6770  0.3420   0.23 227.59   3.11   0.25   19.3960  0.4340  0.18     98     98     98
 30.000   11.8260  0.3080   0.35 228.67   3.21   0.29   18.0090  0.4020  0.13     80     80     80
     T A B L E  II -   5.  T H E R M O D Y N A M I C  S T A T I S T I C A L  P A R A M E T E R S
                                       May
 Station =   72381      Edwards AFB, CA
    Z      MEAN P   SD P   SKEWP  MEAN T  SD T  SKEWT    MEAN D   SD D  SKEWD  NOBSP  NOBST  NOBSD
    KM       MB       MB             K      K             G/M3    G/M3                           
  0.000 1020.0000  5.0000   0.00 290.00   5.00   0.00 1221.0000 25.0000  0.00    100    100    100
  0.723  929.5660  2.8550  -0.13 291.42   6.73   0.63 1107.9091 25.5280 -0.51    796    796    796
  1.000  899.9160  2.9050  -0.23 291.02   5.41   0.08 1074.2990 19.2770 -0.05    796    796    796
  1.500  848.6470  3.1360  -0.40 288.55   5.27  -0.18 1022.3070 17.0420  0.19    796    796    796
  2.000  799.7390  3.4930  -0.51 285.50   5.15  -0.33  974.1070 15.1240  0.31    796    796    796
  2.500  753.1380  3.8780  -0.59 282.34   4.84  -0.47  927.8950 12.8990  0.43    796    796    796
  3.000  708.8350  4.2180  -0.64 279.13   4.59  -0.62  883.5630 11.0520  0.54    796    796    796
  3.500  666.6170  4.4930  -0.70 275.96   4.37  -0.75  840.6950  9.4960  0.58    793    793    793
  4.000  626.4450  4.7140  -0.75 272.79   4.19  -0.88  799.3530  8.3860  0.49    792    792    792
  4.500  588.3190  4.9000  -0.80 269.55   4.12  -0.95  759.8360  7.5150  0.41    792    792    792
  5.000  552.0410  5.0050  -0.83 266.23   4.03  -0.96  721.9640  6.7620  0.26    783    783    783
  5.500  517.5820  5.1170  -0.86 262.86   3.98  -0.91  685.6530  6.2430  0.13    781    781    781
  6.000  484.8760  5.1950  -0.89 259.44   3.97  -0.91  650.8710  5.7490 -0.03    781    781    781
  6.500  453.8500  5.2820  -0.90 255.84   3.90  -0.90  617.8410  5.1900 -0.15    764    764    764
  7.000  424.4010  5.3190  -0.90 252.18   3.83  -0.86  586.1590  4.9130 -0.37    756    756    756
  7.500  396.4170  5.3050  -0.89 248.39   3.74  -0.86  555.8880  4.7740 -0.73    752    752    752
  8.000  369.9480  5.2770  -0.87 244.52   3.64  -0.82  527.0040  4.7520 -1.11    739    739    739
  8.500  344.8580  5.2070  -0.84 240.71   3.44  -0.63  499.0620  4.8310 -1.65    736    736    736
  9.000  321.0770  5.1120  -0.77 236.85   3.19  -0.32  472.2290  5.0650 -1.99    726    726    726
  9.500  298.6340  4.9500  -0.70 233.02   2.93   0.09  446.4460  5.6000 -2.13    723    723    723
 10.000  277.4010  4.7610  -0.59 229.23   2.83   0.35  421.5700  6.2290 -2.22    718    718    718
 10.500  257.3660  4.5350  -0.47 225.57   2.88   0.50  397.4980  6.7770 -2.17    715    715    715
 11.000  238.5530  4.2950  -0.34 222.07   2.97   0.67  374.2680  7.3490 -1.99    710    710    710
 11.500  220.7770  3.9850  -0.21 218.96   3.19   0.92  351.3180  8.0010 -1.70    705    705    705
 12.000  204.1760  3.6710  -0.07 216.42   3.69   0.94  328.7600  8.6890 -1.34    699    699    699
 12.500  188.6840  3.3330   0.07 214.56   4.30   0.77  306.5010  9.1930 -0.94    690    690    690
 13.000  174.2400  2.9860   0.20 213.72   4.70   0.39  284.1920  9.2010 -0.47    685    685    685
 13.500  160.8830  2.6660   0.28 213.39   4.82   0.05  262.8210  8.6810 -0.07    665    665    665
 14.000  148.5240  2.3510   0.31 213.32   4.52  -0.21  242.6950  7.6750  0.26    656    656    656
 14.500  137.1410  2.0780   0.31 212.99   4.13  -0.30  224.4200  6.6120  0.42    643    643    643
 15.000  126.6020  1.8580   0.29 212.46   3.71  -0.22  207.6690  5.6340  0.40    640    640    640
 15.500  116.8380  1.6430   0.28 211.80   3.56  -0.14  192.2450  5.0260  0.38    635    635    635
 16.000  107.8190  1.4650   0.26 211.22   3.55   0.07  177.8910  4.5170  0.26    625    625    625
 16.500   99.4590  1.3000   0.23 210.72   3.62   0.07  164.4870  4.1440  0.25    609    609    609
 17.000   91.7300  1.1550   0.21 210.60   3.54  -0.01  151.7940  3.7030  0.28    595    595    595
 17.500   84.6070  1.0200   0.20 210.55   3.52  -0.08  140.0380  3.2960  0.34    574    574    574
 18.000   78.0290  0.9250   0.19 210.40   3.31  -0.16  129.2340  2.8620  0.32    536    536    536
 18.500   71.9690  0.8400   0.21 210.67   3.06  -0.09  119.0350  2.3860  0.24    509    509    509
 19.000   66.3870  0.7660   0.19 211.21   2.99   0.19  109.5210  2.0550  0.06    456    456    456
 19.500   61.2610  0.7190   0.20 211.84   2.86   0.14  100.7590  1.7770 -0.01    427    427    427
 20.000   56.5600  0.6700   0.14 212.67   2.50   0.13   92.6570  1.4300 -0.27    365    365    365
 20.500   52.2470  0.6260   0.26 213.59   2.37   0.21   85.2220  1.2650 -0.35    309    309    309
 21.000   48.2370  0.5850   0.13 214.53   2.25   0.03   78.3350  1.1100 -0.26    278    278    278
 21.500   44.5620  0.5450   0.18 215.43   2.12   0.11   72.0610  0.9780 -0.23    234    234    234
 22.000   41.2140  0.5240   0.09 216.21   2.04   0.07   66.4070  0.8840 -0.09    212    212    212
 22.500   38.0590  0.5050   0.11 216.97   2.01   0.04   61.1090  0.8320 -0.30    203    203    203
 23.000   35.2140  0.4860   0.09 217.89   1.92   0.05   56.2990  0.7450 -0.17    192    192    192
 23.500   32.5950  0.4650   0.05 218.79   1.93   0.02   51.8990  0.6920 -0.32    181    181    181
 24.000   30.1350  0.4370   0.21 219.59   1.87   0.22   47.8040  0.6190 -0.29    176    176    176
 24.500   27.9140  0.4230   0.26 220.37   1.76   0.02   44.1240  0.6170  0.02    171    171    171
 25.000   25.8780  0.3990   0.30 221.38   1.90  -0.20   40.7170  0.5510  0.04    157    157    157
 25.500   23.9320  0.3850   0.29 222.42   1.89  -0.03   37.4780  0.5380  0.13    151    151    151
 26.000   22.2050  0.3590   0.33 223.50   2.02   0.20   34.6060  0.4900  0.24    147    147    147
 26.500   20.5440  0.3400   0.37 224.55   2.33  -0.06   31.8660  0.4610 -0.11    145    145    145
 27.000   19.0750  0.3330   0.29 225.56   2.17   0.29   29.4530  0.4370  0.11    137    137    137
 27.500   17.7110  0.3240   0.36 226.39   2.22   0.24   27.2470  0.4260  0.28    125    125    125
 28.000   16.3910  0.2980   0.27 227.32   2.19   0.25   25.1110  0.4150  0.29    122    122    122
 28.500   15.2400  0.2800   0.24 228.20   2.18   0.38   23.2580  0.3980  0.23    110    110    110
 29.000   14.1730  0.2720   0.34 229.11   2.25   0.42   21.5420  0.4030  0.01    100    100    100
 29.500   13.1340  0.2620   0.26 230.20   2.37   0.14   19.8670  0.4050  0.02     97     97     97
 30.000   12.2100  0.2390   0.28 231.20   2.39   0.07   18.3870  0.3670 -0.05     82     82     82
     T A B L E  II -   6.  T H E R M O D Y N A M I C  S T A T I S T I C A L  P A R A M E T E R S
                                      June
 Station =   72381      Edwards AFB, CA
    Z      MEAN P   SD P   SKEWP  MEAN T  SD T  SKEWT    MEAN D   SD D  SKEWD  NOBSP  NOBST  NOBSD
    KM       MB       MB             K      K             G/M3    G/M3                           
  0.000 1020.0000  5.0000   0.00 290.00   5.00   0.00 1221.0000 25.0000  0.00    100    100    100
  0.723  928.8380  2.2510  -0.17 295.52   7.01   0.43 1091.4139 25.9010 -0.33    799    799    799
  1.000  899.6010  2.3430  -0.36 295.23   5.47  -0.29 1058.4320 19.2040  0.36    799    799    799
  1.500  849.0840  2.5850  -0.24 292.86   5.23  -0.73 1007.6120 16.6930  0.80    799    799    799
  2.000  800.8710  3.0030  -0.35 289.88   5.14  -0.90  960.6190 14.8370  0.97    799    799    799
  2.500  754.8950  3.4450  -0.51 286.69   4.91  -1.04  915.8920 12.8380  1.09    799    799    799
  3.000  711.1370  3.8270  -0.66 283.35   4.59  -1.10  873.2010 10.7910  1.01    799    799    799
  3.500  669.4050  4.1410  -0.79 280.04   4.37  -1.13  831.8550  9.2750  0.92    798    798    798
  4.000  629.6300  4.3980  -0.89 276.78   4.18  -1.22  791.7990  8.0470  0.87    798    798    798
  4.500  591.8570  4.5970  -0.99 273.57   4.06  -1.27  753.1590  7.1430  0.78    798    798    798
  5.000  555.8890  4.7590  -1.06 270.21   3.96  -1.27  716.2750  6.4310  0.53    797    797    797
  5.500  521.6900  4.8750  -1.12 266.84   3.88  -1.25  680.7790  5.7990  0.26    797    797    797
  6.000  489.1940  4.9530  -1.18 263.32   3.74  -1.22  646.9840  5.0680  0.01    797    797    797
  6.500  458.3560  4.9920  -1.21 259.75   3.61  -1.11  614.5750  4.5750 -0.29    792    792    792
  7.000  429.0570  5.0020  -1.23 256.08   3.49  -0.99  583.5510  4.1670 -0.49    791    791    791
  7.500  401.2060  4.9890  -1.22 252.30   3.35  -0.75  553.8720  3.9700 -0.61    787    787    787
  8.000  374.8250  4.9740  -1.18 248.46   3.31  -0.65  525.4740  3.9790 -0.94    772    772    772
  8.500  349.7910  4.9260  -1.13 244.58   3.26  -0.59  498.1560  4.0400 -1.34    766    766    766
  9.000  326.0330  4.8460  -1.08 240.71   3.15  -0.48  471.8060  4.1130 -1.82    763    763    763
  9.500  303.6030  4.7450  -1.01 236.86   3.07  -0.36  446.4930  4.4460 -2.19    758    758    758
 10.000  282.3640  4.6200  -0.93 233.03   3.01  -0.23  422.0950  4.8770 -2.43    755    755    755
 10.500  262.2820  4.4670  -0.84 229.38   2.98  -0.15  398.3310  5.4720 -2.55    748    748    748
 11.000  243.4210  4.2880  -0.75 225.92   3.09   0.08  375.3700  6.0980 -2.39    738    738    738
 11.500  225.6270  4.0760  -0.65 222.77   3.20   0.40  352.8730  6.7060 -2.10    736    736    736
 12.000  208.8870  3.8340  -0.53 219.88   3.36   0.59  331.0070  7.2510 -1.74    730    730    730
 12.500  193.2510  3.5780  -0.42 217.49   3.63   0.64  309.6280  7.8110 -1.33    720    720    720
 13.000  178.6360  3.2840  -0.31 215.61   3.92   0.55  288.7340  8.1130 -1.01    716    716    716
 13.500  165.0240  2.9730  -0.22 214.24   3.98   0.38  268.4630  7.9500 -0.69    700    700    700
 14.000  152.3820  2.6670  -0.15 213.06   3.96   0.29  249.2700  7.5890 -0.43    696    696    696
 14.500  140.6320  2.3530  -0.14 211.98   3.95   0.26  231.2260  7.1260 -0.27    673    673    673
 15.000  129.7440  2.0650  -0.11 210.91   4.02   0.33  214.4150  6.6580 -0.18    664    664    664
 15.500  119.6570  1.8100  -0.12 209.86   4.09   0.34  198.7420  6.1400 -0.08    654    654    654
 16.000  110.3310  1.5800  -0.14 208.94   3.98   0.28  184.0520  5.5000  0.02    636    636    636
 16.500  101.6990  1.3660  -0.20 208.34   3.91   0.27  170.1390  4.8680  0.00    619    619    619
 17.000   93.7180  1.1950  -0.22 208.18   3.75   0.28  156.8970  4.2220 -0.13    605    605    605
 17.500   86.3980  1.0430  -0.22 208.36   3.50   0.31  144.5090  3.5820 -0.19    584    584    584
 18.000   79.6430  0.9240  -0.18 208.79   3.17   0.29  132.9240  2.9420 -0.20    558    558    558
 18.500   73.4180  0.8360  -0.11 209.69   2.69   0.18  121.9980  2.3450 -0.15    523    523    523
 19.000   67.7370  0.7500  -0.05 210.84   2.46   0.17  111.9390  1.8890 -0.24    463    463    463
 19.500   62.4770  0.6890  -0.00 211.85   2.29  -0.04  102.7460  1.5530 -0.11    450    450    450
 20.000   57.7090  0.6410   0.09 212.90   2.13   0.07   94.4350  1.3230 -0.13    388    388    388
 20.500   53.3550  0.5770   0.80 213.96   1.96   0.16   86.8750  1.0960 -0.04    319    319    319
 21.000   49.2440  0.5450   0.86 215.03   1.92   0.19   79.7820  0.9510  0.12    296    296    296
 21.500   45.5530  0.5190   0.88 216.17   1.79  -0.10   73.4110  0.8610  0.17    257    257    257
 22.000   42.1510  0.4860   0.93 217.12   1.73  -0.31   67.6300  0.7530  0.22    239    239    239
 22.500   38.9380  0.4620   0.94 218.08   1.78  -0.19   62.2000  0.7020  0.34    226    226    226
 23.000   36.0400  0.4360   0.93 219.10   1.75   0.17   57.3000  0.6210  0.31    211    211    211
 23.500   33.3610  0.4170   0.92 220.03   1.70   0.10   52.8160  0.5830  0.26    197    197    197
 24.000   30.8300  0.3970   0.89 221.09   1.67   0.11   48.5730  0.5490  0.42    188    188    188
 24.500   28.5710  0.3730   0.57 222.11   1.79  -0.03   44.8080  0.5230  0.17    177    177    177
 25.000   26.4980  0.3650   0.36 223.08   1.88   0.48   41.3750  0.5210  0.03    167    167    167
 25.500   24.5070  0.3550   0.22 223.93   1.82  -0.12   38.1190  0.4930 -0.20    164    164    164
 26.000   22.7540  0.3530  -0.08 224.82   1.82  -0.03   35.2510  0.4870 -0.51    159    159    159
 26.500   21.0540  0.3320  -0.14 225.74   1.83   0.09   32.4840  0.4800 -0.42    157    157    157
 27.000   19.5610  0.2930   0.64 226.65   1.70   0.19   30.0580  0.4120  0.53    147    147    147
 27.500   18.1760  0.2750   0.41 227.44   1.66   0.51   27.8310  0.4110  0.35    135    135    135
 28.000   16.8210  0.2600   0.53 228.41   1.81   0.23   25.6460  0.3870  0.50    133    133    133
 28.500   15.6380  0.2420   0.50 229.37   1.91   0.14   23.7400  0.3570  0.65    128    128    128
 29.000   14.5560  0.2290   0.39 230.27   1.91   0.29   22.0100  0.3500  0.34    116    116    116
 29.500   13.4770  0.2140   0.50 231.27   1.93   0.25   20.2880  0.3190  0.35    112    112    112
 30.000   12.5430  0.2040   0.35 232.04   1.96  -0.10   18.8180  0.2970  0.18    103    103    103
     T A B L E  II -   7.  T H E R M O D Y N A M I C  S T A T I S T I C A L  P A R A M E T E R S
                                      July
 Station =   72381      Edwards AFB, CA
    Z      MEAN P   SD P   SKEWP  MEAN T  SD T  SKEWT    MEAN D   SD D  SKEWD  NOBSP  NOBST  NOBSD
    KM       MB       MB             K      K             G/M3    G/M3                           
  0.000 1020.0000  5.0000   0.00 290.00   5.00   0.00 1221.0000 25.0000  0.00    100    100    100
  0.723  930.1440  2.2700  -0.05 299.69   6.59   0.36 1077.1300 23.5660 -0.31    844    844    844
  1.000  901.3350  2.2470  -0.09 299.50   3.94   0.03 1044.5649 13.4960 -0.05    844    844    844
  1.500  851.4570  2.2860  -0.21 297.15   3.22  -0.27  995.1690 10.1680  0.20    844    844    844
  2.000  803.8000  2.3880  -0.31 294.03   2.83  -0.35  949.8170  8.1770  0.26    844    844    844
  2.500  758.3160  2.4800  -0.36 290.60   2.51  -0.34  906.8790  6.8340  0.22    844    844    844
  3.000  714.9540  2.5390  -0.39 286.93   2.29  -0.22  866.1150  5.8220  0.08    844    844    844
  3.500  673.5140  2.5780  -0.39 283.24   2.11  -0.25  826.7340  5.0770  0.01    844    844    844
  4.000  633.9460  2.5920  -0.38 279.66   2.01  -0.41  788.3690  4.6860  0.11    844    844    844
  4.500  596.2970  2.5780  -0.40 276.13   1.92  -0.49  751.2460  4.4970  0.04    844    844    844
  5.000  560.4030  2.5470  -0.42 272.71   1.85  -0.42  715.0890  4.3230 -0.04    844    844    844
  5.500  526.2470  2.5110  -0.45 269.19   1.78  -0.12  680.4270  4.0490 -0.26    844    844    844
  6.000  493.7680  2.4660  -0.47 265.77   1.73  -0.03  646.7880  3.7200 -0.20    844    844    844
  6.500  462.9510  2.4250  -0.49 262.35   1.76  -0.06  614.4220  3.5390 -0.14    842    842    842
  7.000  433.6710  2.3940  -0.50 258.92   1.85  -0.25  583.2430  3.3660 -0.07    841    841    841
  7.500  405.8460  2.3810  -0.51 255.38   1.90  -0.37  553.4570  3.1830  0.03    838    838    838
  8.000  379.5090  2.3710  -0.52 251.76   2.03  -0.34  525.0240  3.1190  0.02    831    831    831
  8.500  354.5090  2.3600  -0.53 248.10   2.12  -0.31  497.6990  3.1000 -0.12    830    830    830
  9.000  330.8060  2.3460  -0.50 244.46   2.22  -0.17  471.3620  3.0860 -0.34    826    826    826
  9.500  308.4080  2.3320  -0.51 240.82   2.33  -0.15  446.1130  3.1280 -0.46    824    824    824
 10.000  287.1970  2.3150  -0.51 237.22   2.36  -0.13  421.7520  3.0900 -0.55    820    820    820
 10.500  267.1410  2.2960  -0.50 233.60   2.34  -0.16  398.3800  3.0040 -0.56    815    815    815
 11.000  248.2510  2.2610  -0.50 230.08   2.33  -0.19  375.8800  3.0130 -0.61    808    808    808
 11.500  230.4080  2.2140  -0.48 226.74   2.30  -0.31  354.0070  3.1900 -0.78    805    805    805
 12.000  213.6270  2.1480  -0.48 223.54   2.35  -0.15  332.9330  3.5870 -1.14    796    796    796
 12.500  197.8730  2.0620  -0.47 220.38   2.42   0.14  312.8140  3.8830 -1.15    785    785    785
 13.000  183.0580  1.9430  -0.45 217.36   2.37   0.47  293.4200  4.0280 -0.98    781    781    781
 13.500  169.1970  1.8140  -0.43 214.45   2.35   0.69  274.8850  4.1210 -0.81    775    775    775
 14.000  156.2110  1.6800  -0.40 211.83   2.40   0.63  256.9370  4.2160 -0.62    771    771    771
 14.500  144.1000  1.5430  -0.38 209.45   2.51   0.53  239.7100  4.1700 -0.60    758    758    758
 15.000  132.8130  1.4070  -0.33 207.56   2.63   0.45  222.9540  4.0380 -0.58    751    751    751
 15.500  122.3290  1.2750  -0.27 206.26   2.78   0.44  206.6570  3.8720 -0.49    746    746    746
 16.000  112.6310  1.1570  -0.22 205.55   2.75   0.40  190.9270  3.5520 -0.39    724    724    724
 16.500  103.6820  1.0540  -0.19 205.42   2.71   0.26  175.8670  3.2110 -0.30    700    700    700
 17.000   95.4440  0.9610  -0.13 205.78   2.63   0.10  161.6100  2.8150 -0.17    686    686    686
 17.500   87.8930  0.8810  -0.07 206.50   2.52  -0.02  148.2980  2.4570 -0.05    661    661    661
 18.000   80.9640  0.8190  -0.01 207.62   2.50  -0.11  135.8710  2.2100 -0.05    632    632    632
 18.500   74.6130  0.7550   0.11 208.97   2.49  -0.22  124.4020  1.9760  0.06    609    609    609
 19.000   68.8420  0.7040   0.22 210.46   2.26  -0.04  113.9670  1.6390 -0.23    553    553    553
 19.500   63.4750  0.6520   0.31 211.76   2.18  -0.01  104.4330  1.4270 -0.34    524    524    524
 20.000   58.6160  0.6300   0.43 213.01   1.89  -0.00   95.8670  1.2180 -0.41    463    463    463
 20.500   54.1550  0.6050   0.57 214.14   1.82   0.14   88.1020  1.0910 -0.52    417    417    417
 21.000   49.9750  0.5690   0.58 215.35   1.76  -0.14   80.8430  0.9960 -0.15    382    382    382
 21.500   46.2150  0.5400   0.59 216.49   1.65  -0.04   74.3670  0.8660 -0.10    350    350    350
 22.000   42.7650  0.5180   0.61 217.50   1.72   0.41   68.4950  0.8190 -0.17    329    329    329
 22.500   39.4950  0.4870   0.61 218.50   1.67  -0.10   62.9670  0.7710 -0.17    315    315    315
 23.000   36.5740  0.4680   0.66 219.47   1.73  -0.09   58.0500  0.7160 -0.11    293    293    293
 23.500   33.8780  0.4340   0.65 220.35   1.70   0.19   53.5580  0.6560  0.01    277    277    277
 24.000   31.2970  0.4110   0.57 221.35   1.71   0.32   49.2530  0.6130  0.10    267    267    267
 24.500   29.0200  0.3890   0.61 222.31   1.64  -0.02   45.4710  0.5670  0.07    246    246    246
 25.000   26.9240  0.3730   0.61 223.16   1.73   0.04   42.0230  0.5120  0.13    236    236    236
 25.500   24.9000  0.3590   0.58 224.09   1.69   0.16   38.7020  0.4830  0.32    231    231    231
 26.000   23.1170  0.3420   0.58 224.95   1.76   0.26   35.7930  0.4520  0.29    230    230    230
 26.500   21.3920  0.3260   0.56 225.78   1.78   0.05   32.9980  0.4210  0.29    227    227    227
 27.000   19.8710  0.3170   0.55 226.63   1.76   0.03   30.5350  0.4070  0.39    218    218    218
 27.500   18.4750  0.3000   0.42 227.60   1.89   0.16   28.2680  0.3920  0.14    214    214    214
 28.000   17.1050  0.2840   0.47 228.52   1.89   0.10   26.0650  0.3790  0.13    214    214    214
 28.500   15.9080  0.2720   0.45 229.43   2.01   0.25   24.1430  0.3560  0.20    202    202    202
 29.000   14.8040  0.2600   0.51 230.23   2.07   0.15   22.3880  0.3310  0.09    191    191    191
 29.500   13.7150  0.2450   0.47 231.13   2.12   0.03   20.6590  0.3110  0.02    185    185    185
 30.000   12.7630  0.2240   0.62 232.02   2.18   0.02   19.1480  0.2800  0.21    168    168    168
     T A B L E  II -   8.  T H E R M O D Y N A M I C  S T A T I S T I C A L  P A R A M E T E R S
                                    August
 Station =   72381      Edwards AFB, CA
    Z      MEAN P   SD P   SKEWP  MEAN T  SD T  SKEWT    MEAN D   SD D  SKEWD  NOBSP  NOBST  NOBSD
    KM       MB       MB             K      K             G/M3    G/M3                           
  0.000 1020.0000  5.0000   0.00 290.00   5.00   0.00 1221.0000 25.0000  0.00    100    100    100
  0.723  930.4550  2.2670  -0.19 298.77   6.88   0.56 1080.9010 25.0670 -0.49    840    840    840
  1.000  901.5950  2.2030  -0.15 299.47   4.04   0.16 1044.9930 14.0660 -0.23    840    840    840
  1.500  851.7120  2.2430  -0.16 297.18   3.44  -0.22  995.3070 11.0520  0.09    840    840    840
  2.000  804.0440  2.3540  -0.21 293.89   3.01  -0.33  950.4370  8.8850  0.22    840    840    840
  2.500  758.5150  2.4710  -0.27 290.25   2.59  -0.28  908.0440  7.0190  0.15    840    840    840
  3.000  715.0910  2.5570  -0.31 286.51   2.29  -0.32  867.4150  5.7210  0.15    840    840    840
  3.500  673.5940  2.6000  -0.34 282.84   2.02  -0.46  827.9150  4.7990  0.26    840    840    840
  4.000  633.9690  2.6030  -0.38 279.20   1.86  -0.34  789.6000  4.4280  0.03    838    838    838
  4.500  596.2640  2.5660  -0.40 275.74   1.78  -0.06  752.2310  4.2870 -0.40    838    838    838
  5.000  560.3410  2.5230  -0.42 272.51   1.81  -0.11  715.5430  4.2010 -0.23    836    836    836
  5.500  526.1780  2.4710  -0.46 269.20   1.84  -0.09  680.3560  4.0250 -0.19    835    835    835
  6.000  493.7130  2.4370  -0.47 265.96   1.89  -0.26  646.2860  3.7110 -0.10    834    834    834
  6.500  462.9200  2.4280  -0.49 262.67   2.02  -0.33  613.6650  3.5500 -0.13    830    830    830
  7.000  433.6770  2.4240  -0.50 259.25   2.12  -0.25  582.5390  3.4160 -0.34    827    827    827
  7.500  405.8890  2.4310  -0.52 255.73   2.11  -0.35  552.7680  3.0930 -0.49    824    824    824
  8.000  379.6070  2.4190  -0.55 252.10   2.15  -0.45  524.4560  2.9820 -0.26    816    816    816
  8.500  354.6300  2.4260  -0.58 248.39   2.23  -0.50  497.2840  2.8650 -0.11    813    813    813
  9.000  330.9400  2.4310  -0.61 244.69   2.31  -0.47  471.1180  2.8270 -0.14    807    807    807
  9.500  308.5580  2.4310  -0.63 241.00   2.39  -0.43  445.9920  2.8660 -0.12    804    804    804
 10.000  287.3440  2.4280  -0.64 237.32   2.44  -0.37  421.7830  2.7850 -0.16    800    800    800
 10.500  267.2920  2.4200  -0.63 233.76   2.45  -0.41  398.3290  2.7220 -0.18    796    796    796
 11.000  248.4230  2.4040  -0.63 230.26   2.44  -0.41  375.8510  2.8170 -0.31    791    791    791
 11.500  230.5760  2.3580  -0.63 226.83   2.37  -0.35  354.1260  2.9400 -0.50    790    790    790
 12.000  213.7890  2.2960  -0.61 223.56   2.19  -0.34  333.1400  3.1490 -0.67    787    787    787
 12.500  198.0460  2.2060  -0.59 220.44   2.06  -0.34  312.9850  3.5680 -0.87    780    780    780
 13.000  183.2190  2.0800  -0.55 217.42   2.02   0.22  293.5870  3.8970 -1.03    777    777    777
 13.500  169.3420  1.9350  -0.50 214.53   2.04   0.71  275.0100  4.1830 -1.01    771    771    771
 14.000  156.3590  1.7700  -0.43 211.77   2.23   0.87  257.2470  4.3850 -1.00    760    760    760
 14.500  144.2460  1.6010  -0.34 209.36   2.47   0.85  240.0600  4.4180 -0.91    752    752    752
 15.000  132.9300  1.4470  -0.24 207.36   2.70   0.70  223.3740  4.3780 -0.80    736    736    736
 15.500  122.4290  1.2970  -0.12 205.99   2.91   0.41  207.1050  4.2030 -0.61    723    723    723
 16.000  112.7440  1.1490   0.02 205.32   2.83   0.29  191.3390  3.7720 -0.48    696    696    696
 16.500  103.7860  1.0120   0.14 205.29   2.76   0.21  176.1630  3.2980 -0.28    662    662    662
 17.000   95.5480  0.9100   0.25 205.74   2.69   0.23  161.8180  2.8720 -0.19    644    644    644
 17.500   88.0030  0.8210   0.39 206.51   2.45   0.23  148.4760  2.3400 -0.19    611    611    611
 18.000   81.0780  0.7510   0.43 207.70   2.47   0.23  136.0050  2.0280 -0.17    572    572    572
 18.500   74.7160  0.6980   0.52 209.00   2.19   0.39  124.5500  1.6610 -0.36    545    545    545
 19.000   68.9220  0.6440   0.72 210.30   2.06   0.34  114.1780  1.3990 -0.13    500    500    500
 19.500   63.5600  0.6020   0.83 211.57   2.10   0.27  104.6630  1.2370 -0.17    479    479    479
 20.000   58.6980  0.5840   0.79 212.92   1.83   0.26   96.0430  1.0330 -0.08    433    433    433
 20.500   54.2420  0.5660   0.78 214.10   1.78   0.34   88.2590  0.9290 -0.06    388    388    388
 21.000   50.0710  0.5530   0.75 215.08   1.76   0.48   81.1010  0.8590 -0.16    352    352    352
 21.500   46.3200  0.5480   0.72 216.02   1.79   0.62   74.6960  0.7930 -0.12    309    309    309
 22.000   42.8570  0.5470   0.69 217.01   1.70   0.80   68.7970  0.7640 -0.32    260    260    260
 22.500   39.5810  0.5330   0.75 218.02   1.75   0.68   63.2410  0.6590 -0.19    240    240    240
 23.000   36.6340  0.5250   0.80 218.95   1.88   0.46   58.2850  0.6350 -0.11    206    206    206
 23.500   33.9350  0.5020   0.79 219.91   2.01   0.28   53.7530  0.6270 -0.06    185    185    185
 24.000   31.3700  0.4840   0.85 220.86   2.03   0.32   49.4750  0.5710 -0.10    172    172    172
 24.500   29.0740  0.4730   0.93 221.78   1.99   0.54   45.6620  0.5420  0.10    150    150    150
 25.000   26.9490  0.4450   0.91 222.40   1.82   0.31   42.2070  0.5290  0.47    141    141    141
 25.500   24.9150  0.4220   0.92 223.32   1.96   0.48   38.8600  0.5070  0.35    137    137    137
 26.000   23.1220  0.3930   0.61 224.15   1.82  -0.00   35.9290  0.4850  0.21    131    131    131
 26.500   21.3940  0.3680   0.60 225.13   1.98   0.20   33.0990  0.4710 -0.00    130    130    130
 27.000   19.8680  0.3550   0.60 225.90   1.82   0.37   30.6300  0.4430  0.14    128    128    128
 27.500   18.4620  0.3390   0.56 226.79   1.92   0.53   28.3500  0.4080  0.13    125    125    125
 28.000   17.0920  0.3230   0.61 227.66   2.12   0.24   26.1450  0.3900  0.05    125    125    125
 28.500   15.8900  0.3110   0.59 228.39   2.15  -0.01   24.2290  0.3920  0.11    124    124    124
 29.000   14.7980  0.2830   0.83 229.10   2.23  -0.13   22.4920  0.3610  0.42    117    117    117
 29.500   13.6980  0.2640   0.87 229.79   2.09   0.05   20.7560  0.3380  0.48    111    111    111
 30.000   12.7480  0.2460   0.85 230.54   2.20   0.25   19.2530  0.3020  0.54    104    104    104
     T A B L E  II -   9.  T H E R M O D Y N A M I C  S T A T I S T I C A L  P A R A M E T E R S
                                 September
 Station =   72381      Edwards AFB, CA
    Z      MEAN P   SD P   SKEWP  MEAN T  SD T  SKEWT    MEAN D   SD D  SKEWD  NOBSP  NOBST  NOBSD
    KM       MB       MB             K      K             G/M3    G/M3                           
  0.000 1020.0000  5.0000   0.00 290.00   5.00   0.00 1221.0000 25.0000  0.00    100    100    100
  0.723  930.1850  2.6610   0.03 296.02   7.20   0.39 1091.0031 27.0270 -0.28    909    909    909
  1.000  901.1010  2.6540   0.05 296.86   4.47  -0.18 1053.9180 15.6080  0.16    909    909    909
  1.500  850.7930  2.7350  -0.13 294.37   3.91  -0.56 1003.9520 12.4160  0.55    909    909    909
  2.000  802.7080  2.8880  -0.28 290.90   3.51  -0.68  958.8260 10.3120  0.70    909    909    909
  2.500  756.7770  3.0290  -0.39 287.22   3.11  -0.75  915.7890  8.5000  0.77    909    909    909
  3.000  712.9980  3.1280  -0.45 283.67   2.74  -0.67  873.8900  6.9850  0.47    909    909    909
  3.500  671.2190  3.1850  -0.49 280.31   2.56  -0.59  832.7760  6.2280  0.06    909    909    909
  4.000  631.3820  3.2050  -0.53 276.99   2.51  -0.42  792.9980  5.9270 -0.07    909    909    909
  4.500  593.5390  3.1960  -0.57 273.81   2.54  -0.43  754.3390  5.8780 -0.05    909    909    909
  5.000  557.5240  3.1800  -0.60 270.65   2.58  -0.40  717.0370  5.6910 -0.08    907    907    907
  5.500  523.2940  3.1670  -0.61 267.44   2.59  -0.53  681.2340  5.2940 -0.01    906    906    906
  6.000  490.7900  3.1620  -0.63 264.12   2.56  -0.60  647.0570  4.7010 -0.18    906    906    906
  6.500  459.9570  3.1650  -0.65 260.67   2.59  -0.50  614.5010  4.3650 -0.22    899    899    899
  7.000  430.6750  3.1680  -0.67 257.11   2.61  -0.43  583.3890  4.1030 -0.23    898    898    898
  7.500  402.8370  3.1720  -0.69 253.41   2.63  -0.35  553.6760  3.9100 -0.39    897    897    897
  8.000  376.5320  3.1520  -0.69 249.71   2.70  -0.27  525.2220  3.7580 -0.50    864    864    864
  8.500  351.5310  3.1460  -0.69 245.93   2.75  -0.19  497.8920  3.7270 -0.51    858    858    858
  9.000  327.8050  3.1400  -0.67 242.15   2.82  -0.05  471.5550  3.7140 -0.53    850    850    850
  9.500  305.4040  3.1160  -0.63 238.42   2.91   0.01  446.2190  3.8790 -0.49    842    842    842
 10.000  284.1920  3.0770  -0.56 234.82   3.02   0.12  421.6070  4.1750 -0.76    842    842    842
 10.500  264.1690  3.0200  -0.49 231.41   3.07   0.14  397.7000  4.4420 -0.79    839    839    839
 11.000  245.3280  2.9450  -0.39 228.17   3.12   0.18  374.5890  4.7680 -0.91    836    836    836
 11.500  227.5600  2.8470  -0.29 225.18   3.09   0.11  352.0780  4.9140 -0.81    832    832    832
 12.000  210.8960  2.7320  -0.22 222.45   3.04  -0.08  330.3110  4.9860 -0.71    827    827    827
 12.500  195.3320  2.6190  -0.14 219.84   2.92  -0.22  309.5660  4.9480 -0.64    813    813    813
 13.000  180.6660  2.4490  -0.11 217.23   2.75  -0.29  289.7680  4.8870 -0.56    807    807    807
 13.500  166.9930  2.2510   0.03 214.71   2.65  -0.25  270.9890  4.8740 -0.43    795    795    795
 14.000  154.2150  2.0750   0.05 212.36   2.62   0.08  253.0310  4.9050 -0.36    788    788    788
 14.500  142.2950  1.8840   0.08 210.18   2.62   0.42  235.8970  4.8430 -0.22    779    779    779
 15.000  131.1830  1.6970   0.12 208.36   2.80   0.42  219.3800  4.7990 -0.11    769    769    769
 15.500  120.8670  1.5130   0.12 206.95   2.99   0.37  203.5180  4.6350  0.00    758    758    758
 16.000  111.3350  1.3360   0.09 206.07   3.04   0.29  188.2680  4.3260  0.09    743    743    743
 16.500  102.5050  1.1810   0.09 205.80   3.09   0.16  173.5660  3.8810  0.11    721    721    721
 17.000   94.3730  1.0550   0.10 205.79   2.96   0.01  159.8010  3.3740  0.18    705    705    705
 17.500   86.9140  0.9440   0.10 206.20   2.90   0.08  146.8700  2.9830  0.20    683    683    683
 18.000   80.0460  0.8540   0.10 207.09   2.96   0.21  134.6860  2.6270  0.17    654    654    654
 18.500   73.7470  0.7780   0.10 208.28   2.71   0.16  123.3740  2.1810  0.19    622    622    622
 19.000   68.0080  0.7230   0.17 209.57   2.44   0.23  113.0680  1.8000  0.19    575    575    575
 19.500   62.6880  0.6740   0.16 210.78   2.25   0.09  103.6170  1.5530  0.12    547    547    547
 20.000   57.8700  0.6560   0.16 212.04   2.15   0.12   95.0830  1.3710 -0.05    473    473    473
 20.500   53.4670  0.6280   0.17 213.20   2.05   0.19   87.3720  1.2530 -0.20    418    418    418
 21.000   49.3340  0.5850   0.20 214.23   1.93   0.22   80.2270  1.0920 -0.23    398    398    398
 21.500   45.6140  0.5560   0.22 215.28   1.79   0.14   73.8140  0.9810 -0.34    356    356    356
 22.000   42.1930  0.5240   0.13 216.41   1.67   0.01   67.9200  0.8760 -0.31    323    323    323
 22.500   38.9640  0.5030   0.11 217.37   1.68  -0.09   62.4430  0.8160 -0.26    302    302    302
 23.000   36.0400  0.4630   0.02 218.16   1.62  -0.10   57.5480  0.7280 -0.28    280    280    280
 23.500   33.3440  0.4340   0.01 219.05   1.66  -0.06   53.0260  0.7060 -0.26    250    250    250
 24.000   30.8100  0.4130   0.02 219.99   1.66   0.14   48.7890  0.6890 -0.32    245    245    245
 24.500   28.5330  0.3820  -0.10 220.91   1.73   0.16   44.9920  0.6190 -0.44    229    229    229
 25.000   26.4490  0.3670  -0.13 221.73   1.79   0.29   41.5510  0.5850 -0.35    213    213    213
 25.500   24.4510  0.3490  -0.09 222.58   1.92   0.29   38.2660  0.5500 -0.16    211    211    211
 26.000   22.6840  0.3300  -0.20 223.37   1.93   0.15   35.3740  0.4980 -0.26    209    209    209
 26.500   20.9850  0.3130  -0.20 224.11   1.92   0.06   32.6150  0.4610 -0.14    204    204    204
 27.000   19.4900  0.2930  -0.28 224.91   1.97   0.03   30.1820  0.4130 -0.29    197    197    197
 27.500   18.0960  0.2840  -0.34 225.56   1.93   0.03   27.9430  0.3970 -0.38    194    194    194
 28.000   16.7490  0.2700  -0.32 226.27   1.92  -0.08   25.7800  0.3810 -0.40    191    191    191
 28.500   15.5610  0.2590  -0.40 226.91   1.79  -0.14   23.8830  0.3610 -0.61    181    181    181
 29.000   14.4590  0.2450  -0.49 227.57   2.01   0.35   22.1260  0.3490 -0.76    169    169    169
 29.500   13.3950  0.2370  -0.47 228.25   2.13   0.61   20.4360  0.3270 -0.63    159    159    159
 30.000   12.4530  0.2320  -0.49 228.88   2.31   0.57   18.9450  0.3190 -0.66    143    143    143
     T A B L E  II -  10.  T H E R M O D Y N A M I C  S T A T I S T I C A L  P A R A M E T E R S
                                   October
 Station =   72381      Edwards AFB, CA
    Z      MEAN P   SD P   SKEWP  MEAN T  SD T  SKEWT    MEAN D   SD D  SKEWD  NOBSP  NOBST  NOBSD
    KM       MB       MB             K      K             G/M3    G/M3                           
  0.000 1020.0000  5.0000   0.00 290.00   5.00   0.00 1221.0000 25.0000  0.00    100    100    100
  0.723  932.2560  3.8550  -0.05 289.57   7.29   0.42 1118.9320 29.4530 -0.22    917    917    917
  1.000  902.4750  3.7940  -0.22 291.46   4.85  -0.12 1075.9950 17.7810  0.06    917    917    917
  1.500  851.1640  3.8090  -0.36 289.27   4.84  -0.50 1022.9390 15.9470  0.43    917    917    917
  2.000  802.1910  3.9740  -0.49 285.99   4.67  -0.66  975.4550 14.0080  0.55    917    917    917
  2.500  755.5070  4.1900  -0.59 282.83   4.39  -0.81  929.1480 11.8160  0.62    917    917    917
  3.000  711.1550  4.4100  -0.67 279.95   4.19  -0.81  883.7860 10.0230  0.55    917    917    917
  3.500  668.9330  4.6090  -0.74 277.13   4.17  -0.79  839.9730  8.9830  0.38    909    909    909
  4.000  628.7690  4.8060  -0.80 274.15   4.15  -0.79  798.3040  8.1010  0.35    906    906    906
  4.500  590.6800  4.9640  -0.84 271.05   4.18  -0.80  758.6570  7.4930  0.36    904    904    904
  5.000  554.4540  5.1190  -0.88 267.78   4.11  -0.81  720.9380  6.6700  0.34    899    899    899
  5.500  520.0450  5.2370  -0.90 264.42   4.04  -0.95  684.8650  6.0020  0.41    893    893    893
  6.000  487.3620  5.3300  -0.93 260.95   4.01  -1.05  650.4050  5.3990  0.28    891    891    891
  6.500  456.3660  5.3980  -0.95 257.31   4.01  -1.10  617.6960  5.0500  0.01    887    887    887
  7.000  426.9320  5.4440  -0.98 253.64   3.99  -1.00  586.2550  4.6660 -0.34    885    885    885
  7.500  398.9490  5.4640  -0.99 249.88   3.88  -0.84  556.0920  4.3730 -0.61    882    882    882
  8.000  372.4780  5.4490  -0.98 246.10   3.78  -0.70  527.1930  4.3440 -0.84    866    866    866
  8.500  347.3630  5.4060  -0.97 242.22   3.72  -0.55  499.5400  4.3390 -0.94    860    860    860
  9.000  323.5630  5.3330  -0.94 238.38   3.53  -0.40  472.8230  4.5740 -1.24    858    858    858
  9.500  301.0760  5.2270  -0.90 234.65   3.32  -0.20  446.9650  5.1200 -1.45    849    849    849
 10.000  279.8430  5.0420  -0.85 231.07   3.17  -0.06  421.8960  5.8350 -1.65    844    844    844
 10.500  259.8080  4.8240  -0.78 227.70   3.13   0.11  397.5050  6.6210 -1.60    841    841    841
 11.000  240.9980  4.5790  -0.70 224.53   3.27   0.28  373.9520  7.3460 -1.47    833    833    833
 11.500  223.2720  4.3090  -0.62 221.75   3.34   0.35  350.8180  7.8900 -1.25    831    831    831
 12.000  206.6890  4.0090  -0.54 219.36   3.50   0.24  328.3300  8.2210 -1.03    826    826    826
 12.500  191.2270  3.7040  -0.47 217.27   3.62   0.13  306.7080  8.2430 -0.82    819    819    819
 13.000  176.7260  3.3900  -0.40 215.36   3.63   0.07  285.9650  7.9690 -0.70    815    815    815
 13.500  163.2090  3.0860  -0.32 213.60   3.41   0.17  266.2790  7.4620 -0.63    795    795    795
 14.000  150.6480  2.7950  -0.27 211.78   3.30   0.39  247.8930  7.0290 -0.57    790    790    790
 14.500  138.9990  2.5160  -0.24 210.11   3.27   0.45  230.5540  6.6020 -0.45    779    779    779
 15.000  128.1360  2.2460  -0.19 208.71   3.29   0.57  213.9650  6.2410 -0.37    757    757    757
 15.500  118.0750  1.9710  -0.16 207.41   3.49   0.54  198.4080  5.8820 -0.28    743    743    743
 16.000  108.7620  1.7300  -0.20 206.55   3.58   0.39  183.5220  5.4650 -0.19    713    713    713
 16.500  100.1450  1.5200  -0.24 206.05   3.79   0.22  169.3980  5.1180 -0.11    680    680    680
 17.000   92.1840  1.3230  -0.26 205.94   3.75   0.15  156.0110  4.5410 -0.10    666    666    666
 17.500   84.8970  1.1500  -0.28 206.08   3.63   0.02  143.5760  3.9400 -0.05    638    638    638
 18.000   78.1910  1.0020  -0.24 206.60   3.43   0.03  131.8900  3.3140 -0.14    595    595    595
 18.500   72.0100  0.8880  -0.19 207.54   3.01  -0.01  120.9050  2.6730 -0.24    560    560    560
 19.000   66.3920  0.8060  -0.20 208.51   2.79   0.14  110.9510  2.2280 -0.25    517    517    517
 19.500   61.1770  0.7260  -0.22 209.55   2.68   0.19  101.7240  1.8700 -0.19    492    492    492
 20.000   56.4310  0.7060  -0.35 210.59   2.46   0.22   93.3610  1.5550 -0.33    423    423    423
 20.500   52.0870  0.6790  -0.52 211.78   2.42   0.08   85.6880  1.3280 -0.34    373    373    373
 21.000   48.0190  0.6490  -0.57 212.82   2.37   0.18   78.6070  1.1700 -0.40    344    344    344
 21.500   44.3500  0.6510  -0.70 213.87   2.46   0.03   72.2440  1.1100 -0.35    295    295    295
 22.000   40.9890  0.6250  -0.67 214.95   2.61   0.19   66.4320  1.0340 -0.41    269    269    269
 22.500   37.8230  0.6000  -0.68 215.80   2.58   0.18   61.0580  0.9520 -0.43    255    255    255
 23.000   34.9890  0.5500  -0.02 216.71   2.52   0.31   56.2440  0.7850 -0.00    229    229    229
 23.500   32.3640  0.5290  -0.15 217.57   2.27   0.02   51.8190  0.7480 -0.10    216    216    216
 24.000   29.8820  0.4900  -0.09 218.46   2.25  -0.26   47.6480  0.7060 -0.16    209    209    209
 24.500   27.6730  0.4750  -0.13 219.17   2.33  -0.29   43.9820  0.6820 -0.20    199    199    199
 25.000   25.6260  0.4570  -0.09 219.99   2.30  -0.12   40.5770  0.6390 -0.13    189    189    189
 25.500   23.6740  0.4340  -0.04 220.81   2.41  -0.11   37.3460  0.5830 -0.13    183    183    183
 26.000   21.9410  0.4140  -0.07 221.39   2.53  -0.23   34.5210  0.5450 -0.30    180    180    180
 26.500   20.2780  0.3940  -0.08 221.99   2.54  -0.22   31.8160  0.5160 -0.26    178    178    178
 27.000   18.8110  0.3860  -0.06 222.62   2.49   0.04   29.4290  0.4770 -0.31    167    167    167
 27.500   17.4690  0.3550  -0.11 223.35   2.54   0.03   27.2400  0.4300 -0.48    157    157    157
 28.000   16.1600  0.3330  -0.01 223.80   2.59  -0.09   25.1480  0.4140 -0.57    154    154    154
 28.500   15.0250  0.3210  -0.06 224.34   2.71  -0.09   23.3230  0.3740 -0.54    144    144    144
 29.000   13.9520  0.2970   0.09 224.84   2.68  -0.18   21.6100  0.3470 -0.43    131    131    131
 29.500   12.9090  0.2820   0.08 225.26   2.83  -0.08   19.9560  0.3310 -0.61    122    122    122
 30.000   12.0040  0.2700   0.14 225.66   2.84   0.14   18.5230  0.2930 -0.65    111    111    111
     T A B L E  II -  11.  T H E R M O D Y N A M I C  S T A T I S T I C A L  P A R A M E T E R S
                                  November
 Station =   72381      Edwards AFB, CA
    Z      MEAN P   SD P   SKEWP  MEAN T  SD T  SKEWT    MEAN D   SD D  SKEWD  NOBSP  NOBST  NOBSD
    KM       MB       MB             K      K             G/M3    G/M3                           
  0.000 1020.0000  5.0000   0.00 290.00   5.00   0.00 1221.0000 25.0000  0.00    100    100    100
  0.723  934.7110  4.5960  -0.14 283.25   6.69   0.36 1147.5170 29.2830 -0.07    828    828    828
  1.000  904.2410  4.4110  -0.29 285.53   4.76   0.05 1101.1340 18.7960  0.18    828    828    828
  1.500  851.7600  4.3680  -0.55 283.40   5.06  -0.13 1045.3510 17.7750  0.30    828    828    828
  2.000  801.8100  4.5050  -0.69 280.87   5.00  -0.30  993.2080 15.5300  0.38    828    828    828
  2.500  754.3770  4.7790  -0.72 278.58   4.91  -0.53  942.3500 13.2060  0.56    826    826    826
  3.000  709.4700  5.0970  -0.73 276.30   4.84  -0.73  893.7470 11.3240  0.79    826    826    826
  3.500  666.8310  5.4030  -0.74 273.74   4.82  -0.81  848.0340  9.9800  0.86    826    826    826
  4.000  626.3210  5.6860  -0.76 270.82   4.76  -0.87  805.1740  8.7670  0.82    825    825    825
  4.500  587.9320  5.9140  -0.78 267.80   4.66  -0.86  764.4180  7.6940  0.74    823    823    823
  5.000  551.4510  6.1000  -0.79 264.58   4.54  -0.86  725.7790  6.7480  0.52    821    821    821
  5.500  516.8210  6.2340  -0.80 261.34   4.45  -0.82  688.6800  6.2230  0.24    821    821    821
  6.000  483.9850  6.3110  -0.81 257.93   4.40  -0.74  653.5070  5.8630  0.02    820    820    820
  6.500  452.8660  6.3620  -0.81 254.38   4.34  -0.67  620.0570  5.4260 -0.17    816    816    816
  7.000  423.3320  6.3750  -0.81 250.75   4.27  -0.65  588.0340  5.2110 -0.24    814    814    814
  7.500  395.2860  6.3530  -0.80 246.96   4.22  -0.63  557.5240  5.1100 -0.44    810    810    810
  8.000  368.7920  6.2870  -0.77 243.18   4.18  -0.56  528.2590  5.1350 -0.62    800    800    800
  8.500  343.6080  6.2020  -0.75 239.39   4.12  -0.43  499.9920  5.2510 -0.92    790    790    790
  9.000  319.8010  6.0860  -0.71 235.68   3.93  -0.23  472.6810  5.5770 -1.22    787    787    787
  9.500  297.3770  5.9240  -0.68 232.03   3.73  -0.15  446.4590  6.1490 -1.42    782    782    782
 10.000  276.1680  5.7340  -0.62 228.52   3.61   0.01  420.9990  6.8800 -1.47    779    779    779
 10.500  256.1870  5.4840  -0.55 225.21   3.48   0.13  396.3020  7.9200 -1.49    777    777    777
 11.000  237.4440  5.1930  -0.48 222.12   3.58   0.32  372.4560  8.8760 -1.36    770    770    770
 11.500  219.7940  4.8580  -0.40 219.37   3.84   0.44  349.1310  9.5260 -1.13    769    769    769
 12.000  203.2840  4.4850  -0.32 216.96   4.15   0.41  326.5390  9.8880 -0.88    764    764    764
 12.500  187.8800  4.1160  -0.22 215.00   4.45   0.29  304.5750 10.0850 -0.63    759    759    759
 13.000  173.5130  3.7400  -0.14 213.55   4.53   0.08  283.2260  9.8050 -0.42    749    749    749
 13.500  160.1570  3.3610  -0.06 212.22   4.49  -0.05  263.0630  9.1710 -0.28    735    735    735
 14.000  147.7680  3.0000   0.01 211.16   4.28   0.05  243.9260  8.3560 -0.25    724    724    724
 14.500  136.3020  2.6680   0.07 210.05   3.99   0.19  226.1790  7.5480 -0.24    711    711    711
 15.000  125.6600  2.3630   0.12 209.09   3.84   0.34  209.4750  6.8440 -0.20    703    703    703
 15.500  115.7590  2.0760   0.17 208.24   3.88   0.39  193.7550  6.2780 -0.15    681    681    681
 16.000  106.6470  1.8070   0.21 207.35   3.96   0.30  179.2780  5.7770 -0.08    652    652    652
 16.500   98.2600  1.5500   0.32 206.75   4.01   0.24  165.6550  5.2130  0.05    605    605    605
 17.000   90.4810  1.3420   0.40 206.71   3.98   0.16  152.5720  4.6230  0.14    589    589    589
 17.500   83.3600  1.1720   0.41 206.75   3.86  -0.01  140.5270  4.0420  0.24    558    558    558
 18.000   76.7900  1.0370   0.36 207.06   3.66  -0.02  129.2500  3.4580  0.24    517    517    517
 18.500   70.7370  0.9250   0.28 207.67   3.50  -0.02  118.7050  2.9210  0.18    497    497    497
 19.000   65.2000  0.8390   0.22 208.29   3.25  -0.13  109.0770  2.3960  0.21    446    446    446
 19.500   60.0570  0.7620   0.19 209.03   3.03  -0.11  100.1110  1.9680  0.09    412    412    412
 20.000   55.3970  0.7200   0.30 209.80   2.83  -0.26   92.0030  1.6640 -0.02    360    360    360
 20.500   51.0950  0.6700   0.20 210.53   2.69  -0.14   84.5610  1.4170 -0.16    328    328    328
 21.000   47.0890  0.6390   0.29 211.18   2.62  -0.27   77.6900  1.2480 -0.17    299    299    299
 21.500   43.4700  0.6150   0.27 211.93   2.59  -0.51   71.4610  1.0800  0.02    272    272    272
 22.000   40.1560  0.5910   0.27 212.52   2.60  -0.59   65.8280  0.9640 -0.13    252    252    252
 22.500   37.0300  0.5700   0.27 213.29   2.76  -0.83   60.4850  0.9350 -0.27    242    242    242
 23.000   34.2080  0.5430   0.23 214.03   2.91  -0.59   55.6830  0.8540 -0.21    226    226    226
 23.500   31.6180  0.5400   0.25 214.67   2.83  -0.46   51.3090  0.7700  0.17    211    211    211
 24.000   29.1720  0.5170   0.26 215.25   2.98  -0.62   47.2130  0.6820  0.14    204    204    204
 24.500   26.9780  0.4980   0.20 215.93   3.08  -0.61   43.5230  0.6570 -0.12    193    193    193
 25.000   24.9330  0.4690   0.09 216.44   3.26  -0.47   40.1290  0.6280  0.11    183    183    183
 25.500   23.0200  0.4470   0.03 217.12   3.25  -0.57   36.9330  0.5540  0.09    182    182    182
 26.000   21.3110  0.4190   0.24 217.68   3.43  -0.58   34.1020  0.4680  0.61    174    174    174
 26.500   19.6870  0.3980   0.17 218.28   3.60  -0.59   31.4150  0.4260  0.54    173    173    173
 27.000   18.2400  0.3930   0.13 219.10   3.34  -0.54   28.9960  0.4000  0.46    169    169    169
 27.500   16.8960  0.3800   0.03 219.56   3.43  -0.44   26.8040  0.3890  0.07    162    162    162
 28.000   15.6130  0.3640   0.02 220.01   3.50  -0.35   24.7150  0.3900  0.03    159    159    159
 28.500   14.4770  0.3580   0.01 220.56   3.50  -0.25   22.8590  0.3810  0.17    148    148    148
 29.000   13.4300  0.3590  -0.06 221.31   3.33   0.18   21.1340  0.3950  0.00    135    135    135
 29.500   12.4150  0.3470  -0.04 221.99   3.39   0.18   19.4760  0.4020 -0.08    126    126    126
 30.000   11.5190  0.3370  -0.06 222.67   3.19   0.11   18.0150  0.4020  0.03    107    107    107
     T A B L E  II -  12.  T H E R M O D Y N A M I C  S T A T I S T I C A L  P A R A M E T E R S
                                  December
 Station =   72381      Edwards AFB, CA
    Z      MEAN P   SD P   SKEWP  MEAN T  SD T  SKEWT    MEAN D   SD D  SKEWD  NOBSP  NOBST  NOBSD
    KM       MB       MB             K      K             G/M3    G/M3                           
  0.000 1020.0000  5.0000   0.00 290.00   5.00   0.00 1221.0000 25.0000  0.00    100    100    100
  0.723  935.8690  4.7580  -0.18 279.66   6.70   0.05 1164.0160 30.2320  0.17    790    790    790
  1.000  904.9460  4.6130  -0.22 281.78   4.13  -0.05 1116.8010 16.9690  0.08    790    790    790
  1.500  851.7560  4.5590  -0.36 280.04   4.51  -0.26 1058.0380 16.2290  0.23    790    790    790
  2.000  801.2400  4.6990  -0.52 278.09   5.01  -0.26 1002.5510 15.7100  0.30    790    790    790
  2.500  753.4020  5.0060  -0.63 276.10   5.21  -0.44  949.7050 14.3790  0.51    790    790    790
  3.000  708.1480  5.3740  -0.71 273.82   5.16  -0.62  900.2380 12.5090  0.63    790    790    790
  3.500  665.2030  5.6990  -0.71 271.23   5.06  -0.69  853.8390 10.8680  0.65    789    789    789
  4.000  624.4240  5.9670  -0.71 268.35   4.86  -0.74  810.1310  9.2450  0.65    788    788    788
  4.500  585.8120  6.1820  -0.72 265.25   4.72  -0.77  768.9910  8.0640  0.56    788    788    788
  5.000  549.1230  6.3430  -0.74 261.98   4.62  -0.73  729.8930  7.2820  0.32    788    788    788
  5.500  514.2880  6.4590  -0.74 258.59   4.54  -0.70  692.6030  6.7890  0.06    786    786    786
  6.000  481.2580  6.5250  -0.75 255.11   4.45  -0.64  657.0190  6.2800 -0.06    786    786    786
  6.500  449.9780  6.5410  -0.75 251.51   4.39  -0.52  623.1270  5.9370 -0.23    781    781    781
  7.000  420.2920  6.5410  -0.74 247.83   4.27  -0.39  590.6990  5.6000 -0.42    776    776    776
  7.500  392.1280  6.5000  -0.71 244.08   4.17  -0.25  559.6010  5.3970 -0.64    775    775    775
  8.000  365.5440  6.4340  -0.67 240.36   4.05  -0.09  529.7550  5.4550 -0.92    767    767    767
  8.500  340.3390  6.3260  -0.61 236.62   3.92   0.10  501.0220  5.7840 -1.10    764    764    764
  9.000  316.5000  6.1870  -0.55 232.93   3.83   0.20  473.3220  6.3360 -1.31    761    761    761
  9.500  294.0400  6.0130  -0.47 229.34   3.81   0.26  446.6480  7.1090 -1.38    757    757    757
 10.000  272.8540  5.7790  -0.39 225.91   3.78   0.41  420.7790  7.9510 -1.37    754    754    754
 10.500  252.8700  5.5240  -0.30 222.68   3.87   0.54  395.6580  8.8430 -1.30    753    753    753
 11.000  234.1430  5.1930  -0.18 219.74   4.11   0.61  371.2930  9.6580 -1.10    743    743    743
 11.500  216.5820  4.8280  -0.07 217.45   4.41   0.59  347.1230 10.5710 -0.83    732    732    732
 12.000  200.1830  4.4530   0.04 215.70   4.82   0.42  323.4990 11.1240 -0.53    717    717    717
 12.500  184.9530  4.0290   0.11 214.53   5.18   0.17  300.5600 11.1320 -0.22    710    710    710
 13.000  170.8050  3.6230   0.17 213.86   5.12  -0.12  278.4480 10.4540  0.08    707    707    707
 13.500  157.7170  3.2460   0.21 213.29   4.99  -0.39  257.7960  9.6120  0.27    701    701    701
 14.000  145.5860  2.8850   0.29 212.70   4.60  -0.44  238.5990  8.4470  0.31    697    697    697
 14.500  134.3860  2.5670   0.40 211.89   4.23  -0.35  221.0710  7.4180  0.22    685    685    685
 15.000  123.9500  2.2070   0.12 210.97   3.95  -0.34  204.7820  6.5810  0.22    675    675    675
 15.500  114.3360  1.9000   0.39 210.07   3.87  -0.25  189.7000  5.8570  0.28    656    656    656
 16.000  105.4420  1.6850   0.42 209.40   3.84  -0.18  175.5060  5.3500  0.31    627    627    627
 16.500   97.2010  1.4920   0.46 208.90   3.85  -0.13  162.1740  4.8640  0.29    600    600    600
 17.000   89.5720  1.2930   0.47 208.54   3.82  -0.15  149.6980  4.3020  0.33    583    583    583
 17.500   82.5790  1.1370   0.51 208.45   3.80  -0.08  138.0680  3.8330  0.32    546    546    546
 18.000   76.1360  1.0090   0.58 208.70   3.70  -0.19  127.1400  3.3290  0.41    499    499    499
 18.500   70.1840  0.9000   0.52 209.06   3.51  -0.40  116.9920  2.8470  0.48    457    457    457
 19.000   64.7200  0.8160   0.57 209.49   3.39  -0.50  107.6570  2.4260  0.38    414    414    414
 19.500   59.6560  0.7440   0.62 210.16   3.20  -0.43   98.9140  2.0470  0.28    386    386    386
 20.000   55.0450  0.7180   0.66 211.04   2.87  -0.33   90.8810  1.7030  0.22    313    313    313
 20.500   50.8180  0.6960   0.63 211.84   2.82  -0.58   83.5810  1.5070  0.37    272    272    272
 21.000   46.8830  0.6560   0.61 212.58   2.70  -0.49   76.8370  1.3340  0.43    251    251    251
 21.500   43.3100  0.6340   0.47 213.33   2.63  -0.49   70.7330  1.2130  0.53    218    218    218
 22.000   39.9950  0.6070   0.50 213.97   2.69  -0.68   65.1210  1.1080  0.65    196    196    196
 22.500   36.9100  0.5680   0.44 214.59   2.59  -0.59   59.9220  0.9840  0.66    185    185    185
 23.000   34.1020  0.5470   0.48 215.04   2.63  -0.36   55.2460  0.8080  0.65    166    166    166
 23.500   31.5150  0.5270   0.48 215.58   2.83  -0.04   50.9260  0.7250  0.45    154    154    154
 24.000   29.0760  0.4930   0.47 216.24   2.88  -0.02   46.8400  0.6880  0.52    146    146    146
 24.500   26.9070  0.4800   0.50 216.73   3.09  -0.07   43.2490  0.6610  0.56    141    141    141
 25.000   24.9070  0.4700   0.43 217.22   3.46  -0.08   39.9430  0.6250  0.50    136    136    136
 25.500   22.9970  0.4430   0.42 217.65   3.61  -0.17   36.8070  0.5770  0.53    132    132    132
 26.000   21.2790  0.4380   0.41 218.03   3.77  -0.06   33.9990  0.5560  0.69    130    130    130
 26.500   19.6630  0.4160   0.30 218.37   4.03   0.17   31.3670  0.5210  0.69    126    126    126
 27.000   18.2070  0.3990   0.29 218.95   4.26   0.26   28.9670  0.4890  0.78    119    119    119
 27.500   16.8940  0.3880   0.35 219.74   4.40   0.25   26.7820  0.4790  0.55    106    106    106
 28.000   15.6170  0.3690   0.35 220.44   4.77   0.06   24.6790  0.5070  0.35    101    101    101
 28.500   14.4820  0.3750   0.34 220.89   4.91  -0.03   22.8380  0.4670  0.52     96     96     96
 29.000   13.4240  0.3800   0.34 221.32   5.14  -0.10   21.1270  0.4470  0.53     88     88     88
 29.500   12.4210  0.3620   0.26 221.77   5.16  -0.35   19.5090  0.4290  0.48     81     81     81
 30.000   11.5340  0.3650   0.28 222.24   5.08  -0.46   18.0760  0.4220  0.27     70     70     70
     T A B L E  II -  13.  T H E R M O D Y N A M I C  S T A T I S T I C A L  P A R A M E T E R S
                                    Annual
 Station =   72381      Edwards AFB, CA
    Z      MEAN P   SD P   SKEWP  MEAN T  SD T  SKEWT    MEAN D   SD D  SKEWD  NOBSP  NOBST  NOBSD
    KM       MB       MB             K      K             G/M3    G/M3                           
  0.000 1020.0000  5.0000   0.00 290.00   5.00   0.00 1221.0000 25.0000  0.00    100    100    100
  0.723  932.1620  4.4510   0.47 288.98   9.69   0.26 1121.5240 40.5840  0.01  10292  10292  10292
  1.000  902.2460  4.1040   0.20 289.79   7.96   0.10 1082.4280 31.3170  0.00  10292  10292  10292
  1.500  850.6180  3.9590  -0.37 287.48   7.88  -0.05 1029.1340 27.9270  0.12  10292  10292  10292
  2.000  801.3900  4.2730  -0.71 284.53   7.61  -0.14  979.8820 24.2650  0.16  10292  10292  10292
  2.500  754.5360  4.8090  -0.78 281.60   7.14  -0.25  932.3830 20.2750  0.22  10289  10289  10289
  3.000  710.0400  5.3740  -0.77 278.63   6.68  -0.38  886.8710 16.7330  0.32  10289  10289  10289
  3.500  667.6800  5.8920  -0.76 275.57   6.39  -0.50  843.3510 14.0650  0.41  10272  10272  10272
  4.000  627.3740  6.3410  -0.75 272.41   6.19  -0.57  801.7520 11.9970  0.46  10261  10261  10261
  4.500  589.1340  6.7210  -0.75 269.19   6.10  -0.61  762.0020 10.4470  0.45  10255  10255  10255
  5.000  552.7590  7.0460  -0.75 265.88   6.08  -0.60  723.9490  9.2350  0.40  10229  10229  10229
  5.500  518.2080  7.3210  -0.74 262.50   6.07  -0.60  687.5030  8.1970  0.35  10213  10213  10213
  6.000  485.4100  7.5460  -0.74 259.04   6.09  -0.56  652.6570  7.3040  0.30  10208  10208  10208
  6.500  454.3240  7.7350  -0.72 255.49   6.13  -0.51  619.3900  6.5590  0.22  10140  10140  10140
  7.000  424.8190  7.8810  -0.70 251.86   6.17  -0.44  587.5500  5.9590  0.13  10107  10107  10107
  7.500  396.7960  7.9850  -0.67 248.13   6.17  -0.36  557.0660  5.4600 -0.02  10071  10071  10071
  8.000  370.2860  8.0550  -0.63 244.35   6.15  -0.27  527.8920  5.1800 -0.31   9927   9927   9927
  8.500  345.1530  8.0820  -0.59 240.57   6.11  -0.17  499.8110  5.1300 -0.79   9877   9877   9877
  9.000  321.3500  8.0620  -0.54 236.80   6.03  -0.07  472.7340  5.3470 -1.34   9821   9821   9821
  9.500  298.9180  7.9870  -0.48 233.13   5.92   0.01  446.6590  5.8960 -1.80   9746   9746   9746
 10.000  277.6980  7.8640  -0.41 229.58   5.81   0.07  421.3730  6.6540 -2.00   9704   9704   9704
 10.500  257.6870  7.6910  -0.34 226.25   5.68   0.09  396.7870  7.5860 -1.98   9660   9660   9660
 11.000  238.9230  7.4680  -0.26 223.20   5.57   0.07  372.9390  8.6230 -1.80   9567   9567   9567
 11.500  221.2730  7.1800  -0.18 220.62   5.40  -0.00  349.4440  9.6550 -1.50   9516   9516   9516
 12.000  204.7630  6.8350  -0.10 218.52   5.22  -0.14  326.5160 10.5340 -1.17   9439   9439   9439
 12.500  189.3880  6.4400  -0.03 216.89   4.96  -0.27  304.3000 11.1340 -0.85   9316   9316   9316
 13.000  175.0400  5.9880   0.04 215.61   4.55  -0.33  282.9380 11.3060 -0.55   9257   9257   9257
 13.500  161.7270  5.5210   0.08 214.40   4.20  -0.25  262.9170 11.1900 -0.33   9090   9090   9090
 14.000  149.3540  5.0430   0.11 213.17   4.00   0.00  244.2190 10.8850 -0.15   8975   8975   8975
 14.500  137.8890  4.5580   0.13 211.86   3.98   0.16  226.8880 10.4060 -0.03   8792   8792   8792
 15.000  127.2140  4.0950   0.14 210.63   4.10   0.20  210.5620  9.8190  0.05   8646   8646   8646
 15.500  117.3230  3.6620   0.15 209.52   4.22   0.18  195.2290  9.0850  0.09   8486   8486   8486
 16.000  108.1840  3.2710   0.15 208.66   4.21   0.20  180.7610  8.2170  0.09   8168   8168   8168
 16.500   99.7330  2.9180   0.14 208.13   4.16   0.22  167.0560  7.2960  0.05   7775   7775   7775
 17.000   91.9060  2.6130   0.15 207.95   4.01   0.23  154.0660  6.3800  0.01   7560   7560   7560
 17.500   84.7420  2.3430   0.15 208.05   3.82   0.22  141.9730  5.5130 -0.04   7152   7152   7152
 18.000   78.1350  2.1250   0.14 208.43   3.57   0.11  130.6480  4.6940 -0.08   6662   6662   6662
 18.500   72.0330  1.9390   0.15 209.09   3.26  -0.03  120.0530  3.9350 -0.10   6291   6291   6291
 19.000   66.4600  1.7870   0.16 209.87   3.09  -0.14  110.3390  3.3220 -0.14   5661   5661   5661
 19.500   61.2990  1.6520   0.15 210.74   2.96  -0.24  101.3460  2.8440 -0.16   5312   5312   5312
 20.000   56.6090  1.5580   0.14 211.66   2.81  -0.31   93.1750  2.4590 -0.17   4556   4556   4556
 20.500   52.2940  1.4810   0.12 212.56   2.80  -0.34   85.7060  2.1840 -0.15   3943   3943   3943
 21.000   48.2440  1.3880   0.11 213.40   2.83  -0.43   78.7530  1.9260 -0.09   3628   3628   3628
 21.500   44.5740  1.3330   0.11 214.25   2.91  -0.51   72.4720  1.7610 -0.06   3204   3204   3204
 22.000   41.1920  1.2710   0.11 215.03   3.04  -0.56   66.7280  1.6040 -0.03   2916   2916   2916
 22.500   38.0180  1.2000   0.11 215.83   3.13  -0.62   61.3550  1.4670 -0.03   2755   2755   2755
 23.000   35.1470  1.1400   0.12 216.61   3.21  -0.56   56.5140  1.3440  0.03   2545   2545   2545
 23.500   32.5060  1.0890   0.11 217.39   3.31  -0.57   52.0800  1.2590  0.07   2357   2357   2357
 24.000   30.0190  1.0240   0.10 218.20   3.42  -0.57   47.9160  1.1520  0.08   2270   2270   2270
 24.500   27.7780  0.9750   0.10 218.91   3.58  -0.57   44.1920  1.0690  0.09   2136   2136   2136
 25.000   25.7200  0.9390   0.10 219.61   3.75  -0.59   40.7860  1.0170  0.14   2027   2027   2027
 25.500   23.7670  0.8870   0.09 220.40   3.88  -0.59   37.5530  0.9460  0.16   1981   1981   1981
 26.000   22.0320  0.8550   0.07 221.15   4.00  -0.59   34.6910  0.9020  0.15   1928   1928   1928
 26.500   20.3750  0.8050   0.06 221.96   4.15  -0.62   31.9650  0.8510  0.11   1892   1892   1892
 27.000   18.9050  0.7780   0.02 222.80   4.19  -0.64   29.5460  0.8230  0.09   1790   1790   1790
 27.500   17.5590  0.7460  -0.01 223.66   4.23  -0.61   27.3350  0.7970  0.02   1689   1689   1689
 28.000   16.2520  0.7040  -0.03 224.48   4.38  -0.65   25.2060  0.7590 -0.05   1651   1651   1651
 28.500   15.1020  0.6770  -0.08 225.31   4.46  -0.67   23.3360  0.7340 -0.09   1546   1546   1546
 29.000   14.0380  0.6540  -0.11 226.10   4.53  -0.67   21.6150  0.7170 -0.15   1423   1423   1423
 29.500   13.0030  0.6130  -0.13 226.99   4.61  -0.68   19.9410  0.6790 -0.19   1345   1345   1345
 30.000   12.1050  0.5850  -0.21 227.89   4.62  -0.63   18.4890  0.6560 -0.34   1184   1184   1184
