      72391      34.12N  119.12W
     T A B L E  II -   1.  T H E R M O D Y N A M I C  S T A T I S T I C A L  P A R A M E T E R S
                                   January
 STATION =   723910     Pt. Mugu Naval Air Station, CA
    Z      MEAN P   SD P   SKEWP  MEAN T  SD T  SKEWT    MEAN D   SD D  SKEWD  NOBSP  NOBST  NOBSD
    KM       MB       MB             K      K             G/M3    G/M3                           
  0.000 1020.0000  5.0000   0.00 290.00   5.00   0.00 1221.0000 25.0000  0.00    100    100    100
  0.004 1017.6210  4.4390  -0.58 287.27   4.90   0.15 1230.0890 21.4220  0.25    846    846    846
  0.500  959.3620  4.3690  -0.73 286.48   4.55   0.35 1163.7930 16.9240 -0.16    846    846    846
  1.000  903.7590  4.4500  -0.69 284.21   4.85   0.09 1105.7419 16.3890  0.06    846    846    846
  1.500  850.9840  4.6880  -0.64 281.85   4.83  -0.17 1050.3311 14.7030  0.30    846    846    846
  2.000  800.8550  4.9780  -0.60 279.30   4.75  -0.38  997.7190 12.9160  0.51    846    846    846
  2.500  753.2390  5.2900  -0.57 276.69   4.73  -0.53  947.4810 11.6400  0.70    846    846    846
  3.000  708.0850  5.5810  -0.56 273.89   4.71  -0.65  899.9020 10.4010  0.81    846    846    846
  3.500  665.1180  5.8530  -0.57 270.95   4.60  -0.76  854.6070  9.0950  0.87    846    846    846
  4.000  624.2860  6.0750  -0.58 267.83   4.61  -0.83  811.5890  8.2750  0.89    846    846    846
  4.500  585.5560  6.2710  -0.61 264.63   4.58  -0.90  770.5060  7.4510  0.84    846    846    846
  5.000  548.8480  6.4110  -0.65 261.29   4.53  -0.88  731.4760  6.7760  0.58    845    845    845
  5.500  514.0630  6.5070  -0.67 257.81   4.53  -0.84  694.4240  6.2840  0.31    845    845    845
  6.000  481.0070  6.6530  -0.68 254.24   4.52  -0.78  658.9420  5.8510  0.08    844    844    844
  6.500  449.5820  6.6860  -0.69 250.58   4.57  -0.70  624.9230  5.6870  0.08    843    843    843
  7.000  419.8540  6.6660  -0.69 246.85   4.63  -0.68  592.4520  5.6540  0.23    842    842    842
  7.500  391.7960  6.6870  -0.69 243.17   4.53  -0.53  561.2570  5.5770 -0.35    841    841    841
  8.000  364.9900  6.5840  -0.67 239.41   4.42  -0.34  531.0890  5.7160 -0.94    839    839    839
  8.500  339.7580  6.5050  -0.65 235.58   4.30  -0.19  502.4160  6.0810 -1.34    837    837    837
  9.000  315.8940  6.3420  -0.61 231.80   4.15   0.02  474.7680  6.5510 -1.59    834    834    834
  9.500  293.4470  6.1980  -0.56 228.19   3.97   0.25  448.0090  7.4460 -1.67    833    833    833
 10.000  272.1380  5.9420  -0.46 224.83   3.92   0.65  421.7090  8.7170 -1.55    831    831    831
 10.500  252.2600  5.5870  -0.40 221.95   4.12   0.94  396.0390 10.0970 -1.31    829    829    829
 11.000  233.5680  5.2380  -0.30 219.65   4.71   0.82  370.6150 11.4040 -1.01    827    827    827
 11.500  216.0550  4.7980  -0.21 218.07   5.44   0.58  345.3890 12.1970 -0.68    824    824    824
 12.000  199.8540  4.3750  -0.12 217.23   5.89   0.23  320.7730 12.1750 -0.31    819    819    819
 12.500  184.7610  3.9700  -0.05 216.92   5.80  -0.10  296.9640 11.2520 -0.03    815    815    815
 13.000  170.8040  3.6050   0.00 216.61   5.20  -0.29  274.8860  9.7180  0.13    810    810    810
 13.500  157.8710  3.2650   0.06 215.95   4.45  -0.43  254.8120  8.2690  0.16    801    801    801
 14.000  145.9200  2.9720   0.07 214.99   3.95  -0.31  236.5470  7.2950  0.06    791    791    791
 14.500  134.7530  2.6860   0.14 213.86   3.65  -0.10  219.5950  6.5940  0.03    784    784    784
 15.000  124.4000  2.4210   0.16 212.59   3.57   0.00  203.9310  6.1050  0.06    765    765    765
 15.500  114.7910  2.1930   0.19 211.31   3.65   0.09  189.3240  5.7800  0.06    755    755    755
 16.000  105.8940  1.9630   0.20 210.22   3.91   0.10  175.5680  5.5440  0.11    731    731    731
 16.500   98.2360  2.0990   0.15 207.56   3.74   0.28  164.9600  5.4440 -0.12    241    241    241
 17.000   89.6110  1.3080  -0.20 207.20   3.96   0.06  150.7400  4.5070  0.16    169    169    169
 17.500   82.5120  1.1120  -0.35 206.82   4.04  -0.15  139.0520  4.0370  0.22    163    163    163
 18.000   76.0270  0.9830  -0.51 206.88   3.70  -0.12  128.0790  3.4050  0.13    154    154    154
 18.500   70.0560  0.8450  -0.65 207.11   3.64   0.14  117.8840  2.9170 -0.07    146    146    146
 19.000   64.5690  0.7780  -0.69 207.65   3.54   0.21  108.3620  2.5800 -0.26    137    137    137
 19.500   59.4820  0.7180  -0.75 208.31   3.63   0.13   99.5090  2.2510 -0.29    117    117    117
 20.000   54.7910  0.6810  -0.61 208.88   3.65  -0.09   91.4050  1.9340 -0.20    103    103    103
 20.500   50.5170  0.6160  -0.47 209.86   3.50  -0.33   83.8780  1.5370 -0.20     96     96     96
 21.000   46.6060  0.5950  -0.52 210.36   3.18  -0.27   77.1940  1.2730  0.10     91     91     91
 21.500   42.9450  0.5510  -0.54 210.52   3.27  -0.45   71.0760  1.1420  0.18     85     85     85
 22.000   39.6150  0.5370  -0.51 211.09   3.35  -0.54   65.3860  0.9510  0.26     80     80     80
 22.500   36.5320  0.5140  -0.54 211.63   3.42  -0.41   60.1420  0.8540  0.25     77     77     77
 23.000   33.7210  0.5060  -0.52 212.33   3.50  -0.31   55.3310  0.8230  0.12     74     74     74
 23.500   31.1130  0.4800  -0.52 212.93   3.61  -0.26   50.9090  0.7750  0.01     73     73     73
 24.000   28.7590  0.4680  -0.43 213.49   3.32  -0.24   46.9300  0.6920 -0.28     72     72     72
 24.500   26.5710  0.4440  -0.41 214.05   3.20  -0.20   43.2450  0.6260 -0.38     71     71     71
 25.000   24.5530  0.4350  -0.35 214.82   3.21  -0.27   39.8200  0.5720 -0.43     70     70     70
 25.500   22.6940  0.4240  -0.34 215.59   3.06  -0.31   36.6700  0.4870 -0.27     68     68     68
 26.000   20.9610  0.4070  -0.30 216.27   3.20  -0.34   33.7620  0.4760  0.05     66     66     66
 26.500   19.4170  0.3850  -0.31 216.93   3.10  -0.53   31.1790  0.4350 -0.09     61     61     61
 27.000   17.9550  0.3730  -0.23 217.54   3.30  -0.23   28.7510  0.4160 -0.48     60     60     60
 27.500   16.6160  0.3630  -0.23 218.35   3.59  -0.01   26.5080  0.4520 -0.50     59     59     59
 28.000   15.3800  0.3470  -0.26 219.49   3.42   0.03   24.4090  0.4720 -0.53     59     59     59
 28.500   14.2440  0.3290  -0.24 220.75   3.28  -0.20   22.4770  0.4610 -0.57     59     59     59
 29.000   13.1970  0.3050  -0.24 222.04   3.39   0.19   20.7030  0.4650 -0.54     58     58     58
 29.500   12.2280  0.2920  -0.22 222.89   3.61   0.27   19.1110  0.4670 -0.57     57     57     57
 30.000   11.3290  0.2750  -0.21 223.59   3.55   0.03   17.6500  0.4690 -0.56     55     55     55
     T A B L E  II -   2.  T H E R M O D Y N A M I C  S T A T I S T I C A L  P A R A M E T E R S
                                  February
 STATION =   723910     Pt. Mugu Naval Air Station, CA
    Z      MEAN P   SD P   SKEWP  MEAN T  SD T  SKEWT    MEAN D   SD D  SKEWD  NOBSP  NOBST  NOBSD
    KM       MB       MB             K      K             G/M3    G/M3                           
  0.000 1020.0000  5.0000   0.00 290.00   5.00   0.00 1221.0000 25.0000  0.00    100    100    100
  0.004 1017.0600  4.2760  -0.75 287.06   4.50   0.11 1229.8280 20.5500  0.26    959    959    959
  0.500  958.7530  4.2010  -0.74 286.50   4.72   0.36 1162.9130 18.0410 -0.08    959    959    959
  1.000  903.0990  4.3080  -0.73 284.27   5.16   0.16 1104.7371 17.8690 -0.01    959    959    959
  1.500  850.2010  4.6410  -0.62 281.59   5.22  -0.04 1050.3420 16.4660  0.16    959    959    959
  2.000  800.1380  4.8990  -0.57 278.90   5.07  -0.22  998.3370 14.1940  0.34    959    959    959
  2.500  752.5400  5.2160  -0.52 276.24   4.87  -0.38  948.2180 12.0920  0.55    959    959    959
  3.000  707.3530  5.5350  -0.50 273.44   4.61  -0.46  900.5340 10.0790  0.51    959    959    959
  3.500  664.3560  5.7820  -0.49 270.46   4.47  -0.51  855.2370  8.6930  0.49    959    959    959
  4.000  623.4870  5.9860  -0.49 267.35   4.43  -0.61  812.0330  7.8130  0.57    959    959    959
  4.500  584.7250  6.1600  -0.50 264.07   4.39  -0.68  771.0810  7.0340  0.64    959    959    959
  5.000  547.9890  6.3020  -0.52 260.67   4.35  -0.68  732.1250  6.1900  0.53    959    959    959
  5.500  513.2060  6.4040  -0.54 257.20   4.36  -0.61  694.9380  5.7390  0.30    959    959    959
  6.000  480.1330  6.5410  -0.55 253.63   4.40  -0.60  659.3350  5.4580  0.08    959    959    959
  6.500  448.6900  6.5670  -0.56 249.95   4.41  -0.59  625.2670  5.1420 -0.14    958    958    958
  7.000  418.9660  6.5450  -0.55 246.18   4.37  -0.50  592.7960  4.8650 -0.19    958    958    958
  7.500  390.8840  6.5890  -0.55 242.44   4.28  -0.39  561.6270  4.8070 -0.44    957    957    957
  8.000  364.0820  6.4950  -0.53 238.65   4.17  -0.26  531.4420  4.9990 -0.60    956    956    956
  8.500  338.8390  6.4180  -0.51 234.86   4.02  -0.07  502.5730  5.4280 -1.00    954    954    954
  9.000  315.0060  6.2530  -0.46 231.13   3.87   0.02  474.7900  6.1080 -1.36    950    950    950
  9.500  292.5410  6.1000  -0.40 227.54   3.77   0.13  447.8920  7.2140 -1.49    946    946    946
 10.000  271.2270  5.8050  -0.32 224.17   3.84   0.32  421.5330  8.3440 -1.46    944    944    944
 10.500  251.3670  5.4830  -0.27 221.24   4.12   0.58  395.8950  9.6890 -1.27    939    939    939
 11.000  232.6610  5.1800  -0.18 219.06   4.72   0.70  370.1630 11.1400 -0.92    931    931    931
 11.500  215.1970  4.7650  -0.11 217.79   5.41   0.48  344.4600 12.0550 -0.53    928    928    928
 12.000  199.0540  4.3520  -0.06 217.21   5.80   0.04  319.5100 12.0380 -0.14    924    924    924
 12.500  184.0450  3.9750   0.01 217.06   5.58  -0.41  295.6120 10.9510  0.17    922    922    922
 13.000  170.1710  3.5870   0.06 216.78   4.90  -0.70  273.6370  9.4100  0.31    915    915    915
 13.500  157.2850  3.2570   0.10 216.19   4.22  -0.74  253.5730  8.0840  0.28    909    909    909
 14.000  145.4410  2.9540   0.12 215.21   3.65  -0.44  235.5200  7.1100  0.17    892    892    892
 14.500  134.2960  2.6530   0.14 213.94   3.44  -0.19  218.7650  6.5610  0.16    876    876    876
 15.000  123.9500  2.3640   0.12 212.62   3.45  -0.04  203.1650  6.1190  0.16    853    853    853
 15.500  114.3830  2.1230   0.12 211.33   3.63  -0.07  188.6380  5.8520  0.22    835    835    835
 16.000  105.4960  1.8850   0.10 210.26   3.70  -0.08  174.8720  5.4000  0.24    809    809    809
 16.500   97.8090  2.0340  -0.09 207.62   3.54   0.01  164.1950  5.4760  0.10    247    247    247
 17.000   89.5660  1.5460  -0.16 207.41   3.48  -0.22  150.4990  4.5460  0.36    199    199    199
 17.500   82.4560  1.3720  -0.20 207.27   3.43  -0.04  138.6470  3.9950  0.37    186    186    186
 18.000   75.9250  1.2160  -0.31 207.22   3.29  -0.17  127.6880  3.4640  0.43    175    175    175
 18.500   69.9820  1.0530  -0.48 207.67   3.21  -0.18  117.4310  2.9970  0.15    168    168    168
 19.000   64.4810  0.9400  -0.66 207.95   3.10  -0.22  108.0540  2.6290  0.06    155    155    155
 19.500   59.3810  0.8290  -0.81 208.47   3.11  -0.32   99.2580  2.3140  0.01    132    132    132
 20.000   54.7320  0.7440  -0.73 209.29   3.18  -0.46   91.1300  2.0400  0.07    114    114    114
 20.500   50.3970  0.6830  -0.65 209.85   3.03  -0.19   83.6850  1.7750 -0.23     98     98     98
 21.000   46.4910  0.6400  -0.62 210.97   2.89  -0.40   76.7850  1.4990 -0.07     90     90     90
 21.500   42.8970  0.5940  -0.61 211.55   2.87  -0.62   70.6500  1.2940 -0.29     84     84     84
 22.000   39.5750  0.5640  -0.52 212.20   2.75  -0.39   64.9770  1.1200 -0.28     78     78     78
 22.500   36.5430  0.5380  -0.53 213.02   2.76  -0.59   59.7680  0.9410  0.18     76     76     76
 23.000   33.7440  0.5090  -0.51 213.40   2.78  -0.96   55.0900  0.8510  0.10     74     74     74
 23.500   31.1850  0.4730  -0.38 214.41   2.86  -0.69   50.6730  0.8010 -0.30     71     71     71
 24.000   28.8310  0.4470  -0.37 215.29   2.58  -0.37   46.6550  0.7510 -0.53     70     70     70
 24.500   26.6820  0.3940  -0.21 216.48   2.52  -0.06   42.9410  0.6550 -0.51     68     68     68
 25.000   24.6860  0.3730  -0.18 217.47   2.68  -0.27   39.5450  0.6030 -0.57     67     67     67
 25.500   22.8410  0.3480  -0.21 218.06   2.70  -0.46   36.4900  0.5500 -0.78     66     66     66
 26.000   21.1270  0.3350  -0.22 218.89   2.78  -0.65   33.6250  0.5210 -0.70     65     65     65
 26.500   19.5740  0.3090  -0.34 219.70   2.75  -0.44   31.0370  0.4740 -0.70     62     62     62
 27.000   18.1340  0.2910  -0.26 220.69   2.68  -0.42   28.6250  0.4680 -0.37     60     60     60
 27.500   16.7900  0.2800  -0.22 221.56   3.11  -0.31   26.3990  0.4700 -0.36     58     58     58
 28.000   15.5500  0.2580  -0.26 222.18   3.43   0.09   24.3820  0.4580 -0.21     55     55     55
 28.500   14.4120  0.2500  -0.25 223.07   3.72   0.31   22.5080  0.4720  0.03     54     54     54
 29.000   13.3630  0.2390  -0.26 224.10   4.09   0.26   20.7740  0.4770 -0.02     53     53     53
 29.500   12.3870  0.2230  -0.43 225.47   4.45   0.50   19.1410  0.4450 -0.15     53     53     53
 30.000   11.4880  0.2140  -0.48 226.43   4.69   0.61   17.6760  0.3950 -0.22     44     44     44
     T A B L E  II -   3.  T H E R M O D Y N A M I C  S T A T I S T I C A L  P A R A M E T E R S
                                     March
 STATION =   723910     Pt. Mugu Naval Air Station, CA
    Z      MEAN P   SD P   SKEWP  MEAN T  SD T  SKEWT    MEAN D   SD D  SKEWD  NOBSP  NOBST  NOBSD
    KM       MB       MB             K      K             G/M3    G/M3                           
  0.000 1020.0000  5.0000   0.00 290.00   5.00   0.00 1221.0000 25.0000  0.00    100    100    100
  0.004 1016.0860  3.8310  -0.48 287.19   4.16  -0.38 1227.7140 18.3770  0.67   1106   1106   1106
  0.500  957.7430  3.7840  -0.52 285.88   4.37   0.53 1163.8420 16.1610 -0.42   1106   1106   1106
  1.000  902.1070  4.0030  -0.52 283.98   5.12   0.20 1104.4189 17.2890 -0.19   1106   1106   1106
  1.500  849.3630  4.3780  -0.51 281.57   5.20  -0.12 1049.3420 15.9180  0.10   1106   1106   1106
  2.000  799.2930  4.7440  -0.51 278.92   5.03  -0.31  997.1880 13.8740  0.31   1106   1106   1106
  2.500  751.6880  5.1190  -0.51 276.18   4.85  -0.44  947.3580 11.8300  0.43   1106   1106   1106
  3.000  706.5470  5.4690  -0.54 273.34   4.77  -0.58  899.8740 10.3320  0.57   1106   1106   1106
  3.500  663.5720  5.7910  -0.57 270.42   4.70  -0.67  854.3980  9.0870  0.52   1105   1105   1105
  4.000  622.7350  6.0500  -0.59 267.29   4.66  -0.74  811.3030  8.0510  0.52   1105   1105   1105
  4.500  584.0030  6.2660  -0.62 264.01   4.64  -0.81  770.3490  7.2610  0.46   1105   1105   1105
  5.000  547.3170  6.4460  -0.66 260.61   4.65  -0.89  731.4120  6.6950  0.48   1104   1104   1104
  5.500  512.5570  6.5590  -0.70 257.07   4.68  -0.90  694.4530  6.2350  0.33   1104   1104   1104
  6.000  479.4700  6.7120  -0.73 253.42   4.63  -0.85  659.0020  5.6440  0.07   1104   1104   1104
  6.500  448.0380  6.7420  -0.74 249.67   4.63  -0.79  625.0740  5.4150 -0.16   1103   1103   1103
  7.000  418.3350  6.7380  -0.76 245.91   4.59  -0.66  592.5710  5.2950 -0.30   1103   1103   1103
  7.500  390.2660  6.7930  -0.75 242.12   4.51  -0.49  561.4820  5.3790 -0.63   1101   1101   1101
  8.000  363.4520  6.6830  -0.73 238.33   4.38  -0.26  531.2440  5.5580 -0.94   1101   1101   1101
  8.500  338.2220  6.5920  -0.69 234.53   4.22  -0.08  502.3730  5.9820 -1.29   1100   1100   1100
  9.000  314.3980  6.4220  -0.62 230.84   3.99   0.09  474.4690  6.6130 -1.54   1098   1098   1098
  9.500  291.9550  6.2550  -0.54 227.31   3.76   0.27  447.4610  7.5750 -1.62   1096   1096   1096
 10.000  270.6640  5.9360  -0.45 223.97   3.59   0.32  421.0430  8.6270 -1.56   1093   1093   1093
 10.500  250.8120  5.5840  -0.37 221.08   3.65   0.39  395.2910  9.8940 -1.34   1086   1086   1086
 11.000  232.1340  5.2220  -0.25 218.73   4.10   0.51  369.8580 11.1600 -1.05   1083   1083   1083
 11.500  214.6840  4.7550  -0.17 217.19   4.78   0.46  344.5580 11.9940 -0.68   1083   1083   1083
 12.000  198.5480  4.2760  -0.09 216.39   5.42   0.20  319.9090 12.3580 -0.28   1082   1082   1082
 12.500  183.5090  3.8450  -0.02 216.15   5.57  -0.20  296.0160 11.6250  0.05   1073   1073   1073
 13.000  169.6060  3.4150   0.03 216.14   5.10  -0.55  273.5760 10.1210  0.27   1068   1068   1068
 13.500  156.7530  3.0540   0.06 215.89   4.39  -0.66  253.0860  8.5570  0.30   1055   1055   1055
 14.000  144.8810  2.7340   0.08 215.29   3.73  -0.34  234.5370  7.2670  0.15   1046   1046   1046
 14.500  133.8030  2.4370   0.08 214.29   3.53  -0.12  217.6110  6.5920  0.12   1036   1036   1036
 15.000  123.5420  2.1450   0.08 213.15   3.60  -0.07  202.0050  6.1120  0.14   1026   1026   1026
 15.500  114.0290  1.8940   0.09 212.07   3.64  -0.01  187.4050  5.6590  0.16   1012   1012   1012
 16.000  105.2100  1.6580   0.08 211.18   3.72  -0.00  173.6380  5.1830  0.19    993    993    993
 16.500   97.6720  1.5140   0.19 208.91   3.46   0.00  162.9400  4.6720  0.18    290    290    290
 17.000   89.8040  1.1530  -0.08 208.53   3.66  -0.20  150.0890  4.0560  0.19    261    261    261
 17.500   82.7750  1.0050  -0.12 208.39   3.61   0.00  138.4290  3.5800  0.11    256    256    256
 18.000   76.2960  0.8820  -0.17 208.48   3.45   0.18  127.5330  3.0520  0.02    247    247    247
 18.500   70.3320  0.7410  -0.17 208.62   3.13   0.07  117.4770  2.5070  0.12    236    236    236
 19.000   64.8500  0.6670  -0.25 208.88   2.99  -0.30  108.1810  2.1440  0.26    223    223    223
 19.500   59.8070  0.6140  -0.34 209.47   2.77  -0.61   99.4840  1.7960  0.45    201    201    201
 20.000   55.1690  0.5410  -0.31 209.85   2.70  -0.69   91.5990  1.5550  0.47    183    183    183
 20.500   50.8810  0.5010  -0.36 210.36   2.69  -0.18   84.2730  1.3550  0.07    170    170    170
 21.000   46.9650  0.4750  -0.48 211.13   2.74  -0.09   77.5050  1.2210  0.05    158    158    158
 21.500   43.3540  0.4380  -0.58 211.83   2.52  -0.21   71.3080  1.0240 -0.02    150    150    150
 22.000   40.0140  0.4160  -0.59 212.57   2.38  -0.28   65.5840  0.9020  0.02    139    139    139
 22.500   36.9250  0.3820  -0.67 213.29   2.36  -0.47   60.3130  0.7900 -0.19    131    131    131
 23.000   34.1040  0.3660  -0.68 214.02   2.22  -0.50   55.5160  0.6880 -0.21    124    124    124
 23.500   31.5000  0.3390  -0.55 214.76   2.10  -0.34   51.0980  0.5800 -0.21    119    119    119
 24.000   29.1450  0.3190  -0.53 215.42   1.96  -0.36   47.1320  0.5180 -0.31    116    116    116
 24.500   26.9570  0.2980  -0.52 215.97   1.98  -0.28   43.4830  0.4570 -0.39    114    114    114
 25.000   24.9220  0.2870  -0.47 216.64   1.79  -0.22   40.0750  0.3910 -0.30    111    111    111
 25.500   23.0460  0.2750  -0.43 217.35   1.66   0.23   36.9360  0.3840 -0.20    109    109    109
 26.000   21.3160  0.2610  -0.40 218.12   1.54  -0.28   34.0430  0.3870 -0.39    107    107    107
 26.500   19.7520  0.2410  -0.57 218.86   1.56  -0.23   31.4380  0.3780 -0.31    101    101    101
 27.000   18.2880  0.2300  -0.57 219.58   1.67  -0.10   29.0130  0.3600 -0.10    100    100    100
 27.500   16.9350  0.2100  -0.48 220.38   1.78   0.17   26.7690  0.3470 -0.00     98     98     98
 28.000   15.6870  0.1990  -0.53 221.27   1.89   0.01   24.6970  0.3480 -0.06     95     95     95
 28.500   14.5380  0.1900  -0.54 222.14   2.07  -0.00   22.7960  0.3370 -0.26     94     94     94
 29.000   13.4730  0.1760  -0.57 223.18   2.14   0.09   21.0280  0.3160 -0.37     91     91     91
 29.500   12.4930  0.1610  -0.53 224.22   2.28   0.11   19.4080  0.2980 -0.35     89     89     89
 30.000   11.5870  0.1540  -0.53 225.17   2.32   0.05   17.9240  0.2800 -0.48     85     85     85
     T A B L E  II -   4.  T H E R M O D Y N A M I C  S T A T I S T I C A L  P A R A M E T E R S
                                     April
 STATION =   723910     Pt. Mugu Naval Air Station, CA
    Z      MEAN P   SD P   SKEWP  MEAN T  SD T  SKEWT    MEAN D   SD D  SKEWD  NOBSP  NOBST  NOBSD
    KM       MB       MB             K      K             G/M3    G/M3                           
  0.000 1020.0000  5.0000   0.00 290.00   5.00   0.00 1221.0000 25.0000  0.00    100    100    100
  0.004 1014.8710  2.8340  -0.23 287.92   4.01   0.11 1222.7720 17.7340  0.16   1059   1059   1059
  0.500  956.7690  2.7520  -0.33 286.96   4.59   0.73 1157.9840 17.3780 -0.60   1059   1059   1059
  1.000  901.4740  2.9290  -0.42 285.96   5.34   0.18 1095.9150 18.5790 -0.13   1059   1059   1059
  1.500  849.1630  3.3170  -0.40 284.16   5.43  -0.21 1039.5950 17.4890  0.19   1059   1059   1059
  2.000  799.5510  3.6610  -0.50 281.61   5.18  -0.41  988.0660 15.1680  0.37   1059   1059   1059
  2.500  752.3690  4.0900  -0.56 278.82   4.91  -0.61  939.2900 12.8790  0.56   1059   1059   1059
  3.000  707.6020  4.5020  -0.63 275.91   4.73  -0.81  892.8680 11.0610  0.74   1059   1059   1059
  3.500  664.9250  4.8010  -0.68 272.91   4.53  -0.91  848.3260  9.4280  0.80   1059   1059   1059
  4.000  624.3580  5.0620  -0.74 269.78   4.42  -1.01  805.9030  8.2990  0.84   1059   1059   1059
  4.500  585.8850  5.3120  -0.77 266.53   4.37  -0.99  765.5210  7.6010  0.54   1059   1059   1059
  5.000  549.3930  5.4790  -0.84 263.10   4.28  -1.19  727.2630  6.7710  0.86   1058   1058   1058
  5.500  514.8390  5.6180  -0.89 259.58   4.22  -1.25  690.7830  6.0450  0.79   1057   1057   1057
  6.000  481.9660  5.7730  -0.91 255.95   4.17  -1.16  655.8840  5.4780  0.52   1057   1057   1057
  6.500  450.6400  5.7980  -0.96 252.21   4.16  -1.15  622.3770  5.0880  0.24   1057   1057   1057
  7.000  421.0450  5.7970  -0.98 248.40   4.13  -1.12  590.4390  4.8170  0.23   1057   1057   1057
  7.500  393.1120  5.8580  -1.00 244.61   3.97  -0.99  559.8250  4.4960 -0.43   1055   1055   1055
  8.000  366.3010  5.7800  -0.97 240.77   3.79  -0.81  529.9640  4.5920 -1.01   1053   1053   1053
  8.500  341.1230  5.6860  -0.96 236.93   3.63  -0.59  501.5470  5.0000 -1.59   1052   1052   1052
  9.000  317.3430  5.5530  -0.92 233.13   3.38  -0.33  474.1990  5.5870 -1.92   1051   1051   1051
  9.500  294.9610  5.3980  -0.84 229.40   3.20  -0.13  447.9420  6.4270 -2.15   1048   1048   1048
 10.000  273.5890  5.1260  -0.74 225.77   3.12   0.23  422.1740  7.2210 -2.28   1047   1047   1047
 10.500  253.6620  4.8270  -0.65 222.28   3.17   0.62  397.6020  7.9820 -2.15   1045   1045   1045
 11.000  234.8540  4.5650  -0.50 219.11   3.40   0.97  373.4840  8.8490 -1.90   1041   1041   1041
 11.500  217.1740  4.1850  -0.39 216.46   3.91   1.16  349.6510  9.6960 -1.62   1040   1040   1040
 12.000  200.7690  3.7760  -0.28 214.53   4.48   1.04  326.1940 10.2630 -1.17   1031   1031   1031
 12.500  185.4520  3.4030  -0.15 213.57   4.99   0.62  302.7190 10.4730 -0.63   1025   1025   1025
 13.000  171.2510  3.0080  -0.08 213.44   5.15   0.12  279.7240  9.9210 -0.16   1020   1020   1020
 13.500  158.1310  2.6680  -0.02 213.67   4.73  -0.22  257.9840  8.5880  0.11   1017   1017   1017
 14.000  146.0530  2.3700   0.02 213.70   3.99  -0.26  238.2080  6.9870  0.09   1004   1004   1004
 14.500  134.8180  2.1090   0.05 213.16   3.51  -0.10  220.4130  5.9370  0.03    990    990    990
 15.000  124.4500  1.8820   0.07 212.51   3.32  -0.01  204.0810  5.2760  0.04    981    981    981
 15.500  114.8580  1.6830   0.10 211.81   3.28   0.02  188.9690  4.7740  0.07    971    971    971
 16.000  105.9770  1.5030   0.12 211.26   3.28  -0.06  174.8130  4.3280  0.15    945    945    945
 16.500   98.1330  1.6260   0.17 209.57   3.24  -0.09  163.1830  4.2480  0.13    282    282    282
 17.000   89.9200  1.0700  -0.03 209.10   3.33  -0.08  149.8620  3.6460  0.31    219    219    219
 17.500   82.8670  0.9140  -0.17 209.07   3.31   0.01  138.1250  3.1480  0.24    212    212    212
 18.000   76.4070  0.8110  -0.28 209.13   3.19   0.10  127.3120  2.6980  0.23    206    206    206
 18.500   70.4470  0.7200  -0.31 209.48   3.08  -0.14  117.1820  2.3020  0.36    199    199    199
 19.000   64.9810  0.6590  -0.38 209.75   2.93  -0.05  107.9480  1.9740  0.41    188    188    188
 19.500   59.9190  0.6100  -0.45 210.14   2.77   0.03   99.3530  1.7110  0.35    179    179    179
 20.000   55.2820  0.5700  -0.57 210.58   2.61   0.05   91.4710  1.5300  0.14    163    163    163
 20.500   51.0320  0.5080  -0.57 210.95   2.34  -0.11   84.2860  1.2070  0.19    151    151    151
 21.000   47.1050  0.4760  -0.60 211.49   2.21  -0.36   77.5960  1.0330  0.46    143    143    143
 21.500   43.4710  0.4510  -0.61 212.23   2.03   0.23   71.3600  0.9170  0.19    134    134    134
 22.000   40.1340  0.4320  -0.60 213.24   1.87  -0.14   65.5690  0.7590  0.10    129    129    129
 22.500   37.0580  0.4070  -0.55 214.30   1.86  -0.35   60.2450  0.6770 -0.17    125    125    125
 23.000   34.2270  0.3880  -0.56 215.09   2.12  -0.34   55.4370  0.6160  0.03    119    119    119
 23.500   31.6300  0.3730  -0.56 215.84   2.11  -0.14   51.0510  0.5510 -0.09    118    118    118
 24.000   29.2770  0.3490  -0.58 216.65   2.10  -0.18   47.0780  0.5100  0.01    113    113    113
 24.500   27.0810  0.3360  -0.59 217.46   2.23  -0.08   43.3830  0.4820  0.19    112    112    112
 25.000   25.0480  0.3200  -0.62 218.24   2.30  -0.27   39.9840  0.4360  0.22    110    110    110
 25.500   23.1700  0.3100  -0.62 218.90   2.53  -0.15   36.8740  0.4120  0.03    108    108    108
 26.000   21.4440  0.2910  -0.65 219.68   2.56  -0.02   34.0050  0.3690 -0.07    106    106    106
 26.500   19.8700  0.2710  -0.71 220.61   2.71   0.17   31.3760  0.3450 -0.08    105    105    105
 27.000   18.4160  0.2690  -0.64 221.49   2.78   0.08   28.9650  0.3380 -0.14    104    104    104
 27.500   17.0610  0.2600  -0.60 222.43   3.09  -0.15   26.7200  0.3360  0.04    103    103    103
 28.000   15.8190  0.2510  -0.57 223.59   3.15  -0.10   24.6470  0.3260 -0.08    102    102    102
 28.500   14.6680  0.2460  -0.54 224.58   3.17  -0.05   22.7520  0.2960 -0.24    100    100    100
 29.000   13.6050  0.2390  -0.53 225.57   3.18  -0.02   21.0100  0.2620 -0.43     98     98     98
 29.500   12.6170  0.2340  -0.48 226.55   3.01  -0.24   19.3980  0.2480 -0.54     96     96     96
 30.000   11.7030  0.2230  -0.54 227.79   2.75  -0.39   17.8930  0.2550 -0.58     85     85     85
     T A B L E  II -   5.  T H E R M O D Y N A M I C  S T A T I S T I C A L  P A R A M E T E R S
                                       May
 STATION =   723910     Pt. Mugu Naval Air Station, CA
    Z      MEAN P   SD P   SKEWP  MEAN T  SD T  SKEWT    MEAN D   SD D  SKEWD  NOBSP  NOBST  NOBSD
    KM       MB       MB             K      K             G/M3    G/M3                           
  0.000 1020.0000  5.0000   0.00 290.00   5.00   0.00 1221.0000 25.0000  0.00    100    100    100
  0.004 1013.7090  2.4120  -0.19 288.87   3.32   0.17 1216.6010 14.6400  0.09    967    967    967
  0.500  955.7220  2.2980  -0.25 286.93   3.96   1.40 1155.7030 15.2070 -1.17    967    967    967
  1.000  900.6380  2.4120  -0.28 287.21   5.25   0.43 1089.4611 18.3160 -0.37    967    967    967
  1.500  848.7050  2.7420  -0.19 286.58   5.28  -0.22 1029.8550 17.0390  0.26    967    967    967
  2.000  799.5970  3.0670  -0.29 284.33   4.82  -0.49  978.4600 14.1990  0.50    967    967    967
  2.500  752.8410  3.4490  -0.37 281.44   4.48  -0.69  930.9680 12.0230  0.67    967    967    967
  3.000  708.4520  3.7880  -0.48 278.43   4.17  -0.80  885.6930 10.0950  0.67    967    967    967
  3.500  666.1410  4.0790  -0.58 275.38   4.05  -0.84  842.1510  8.8870  0.59    967    967    967
  4.000  625.8870  4.3120  -0.66 272.21   3.98  -0.89  800.5660  7.9600  0.54    967    967    967
  4.500  587.6490  4.5020  -0.75 268.98   3.94  -0.90  760.7880  7.2220  0.40    967    967    967
  5.000  551.3690  4.6330  -0.83 265.64   3.88  -0.91  722.8430  6.4570  0.28    966    966    966
  5.500  516.9850  4.7440  -0.87 262.21   3.88  -0.95  686.7010  5.9070  0.23    966    966    966
  6.000  484.3290  4.8880  -0.89 258.68   3.92  -1.00  652.1330  5.5290  0.13    966    966    966
  6.500  453.1880  4.9480  -0.91 255.07   3.93  -1.00  618.8790  5.1810 -0.09    966    966    966
  7.000  423.7400  4.9820  -0.94 251.35   3.88  -0.98  587.2480  4.7500 -0.23    965    965    965
  7.500  395.9700  5.0350  -0.98 247.59   3.79  -0.92  557.1070  4.4290 -0.49    965    965    965
  8.000  369.2530  5.0060  -0.93 243.74   3.72  -0.77  527.7290  4.2320 -0.73    965    965    965
  8.500  344.1380  4.9400  -0.93 239.88   3.55  -0.58  499.7650  4.1950 -0.89    965    965    965
  9.000  320.4270  4.8590  -0.91 236.02   3.34  -0.40  472.9430  4.2850 -1.37    965    965    965
  9.500  298.1280  4.8140  -0.86 232.25   3.09  -0.23  447.1720  4.7770 -1.85    965    965    965
 10.000  276.7970  4.6570  -0.75 228.49   2.90  -0.13  422.0260  5.4440 -2.08    964    964    964
 10.500  256.8410  4.4130  -0.68 224.89   2.82   0.02  397.8820  6.1900 -2.11    961    961    961
 11.000  238.0470  4.2240  -0.59 221.61   2.82   0.41  374.2410  7.0280 -1.86    959    959    959
 11.500  220.2870  3.9020  -0.50 218.73   3.10   0.78  350.9180  7.8030 -1.55    959    959    959
 12.000  203.7790  3.5840  -0.40 216.38   3.67   0.80  328.1860  8.6080 -1.16    952    952    952
 12.500  188.3600  3.2730  -0.32 214.73   4.36   0.61  305.7490  9.2120 -0.78    947    947    947
 13.000  173.9680  2.9180  -0.26 213.75   4.80   0.26  283.7080  9.1500 -0.43    945    945    945
 13.500  160.6380  2.5960  -0.19 213.49   4.77  -0.10  262.2950  8.4500 -0.13    942    942    942
 14.000  148.3800  2.2960  -0.16 213.45   4.33  -0.27  242.2980  7.2710  0.09    937    937    937
 14.500  136.9830  2.0480  -0.12 212.99   3.90  -0.29  224.1530  6.2500  0.13    929    929    929
 15.000  126.4370  1.8150  -0.10 212.41   3.57  -0.18  207.4420  5.4030  0.09    907    907    907
 15.500  116.7040  1.6260  -0.10 211.83   3.49  -0.10  191.9920  4.8610  0.07    894    894    894
 16.000  107.6950  1.4500  -0.11 211.23   3.54  -0.09  177.6740  4.4190  0.07    880    880    880
 16.500  100.0500  1.1610  -0.55 209.97   3.45   0.01  166.0440  3.5170  0.00    475    475    475
 17.000   91.5250  0.9790   0.01 209.30   3.48  -0.24  152.3910  3.5210  0.40    225    225    225
 17.500   84.3680  0.8570  -0.05 209.28   3.35  -0.38  140.4830  3.0480  0.50    221    221    221
 18.000   77.7800  0.7500  -0.17 209.65   3.08  -0.46  129.2800  2.5590  0.41    218    218    218
 18.500   71.7330  0.6820  -0.18 209.92   2.75   0.19  119.0630  2.1000  0.09    216    216    216
 19.000   66.2040  0.6080  -0.28 210.46   2.68   0.37  109.6060  1.7900  0.03    207    207    207
 19.500   61.0870  0.5700  -0.31 211.13   2.57   0.55  100.8100  1.5580  0.10    199    199    199
 20.000   56.3900  0.5320  -0.33 211.58   2.48   0.16   92.8570  1.3520  0.05    191    191    191
 20.500   52.0440  0.5040  -0.29 212.32   2.27   0.39   85.3990  1.1070 -0.09    184    184    184
 21.000   48.0770  0.4680  -0.26 213.15   2.25   0.23   78.5820  0.9620 -0.06    170    170    170
 21.500   44.3990  0.4450  -0.22 214.01   2.18   0.09   72.2770  0.8240 -0.08    155    155    155
 22.000   41.0160  0.4350  -0.11 214.96   2.13   0.17   66.4720  0.7190 -0.03    148    148    148
 22.500   37.9090  0.4200  -0.07 215.73   2.16   0.24   61.2180  0.6550 -0.18    136    136    136
 23.000   35.0470  0.4070  -0.05 216.77   2.15  -0.05   56.3260  0.6320 -0.31    131    131    131
 23.500   32.4090  0.3890  -0.01 217.85   2.11  -0.14   51.8270  0.6060 -0.29    129    129    129
 24.000   29.9920  0.3560   0.08 218.98   2.08  -0.27   47.7150  0.5580 -0.07    125    125    125
 24.500   27.7680  0.3490   0.15 219.82   2.14  -0.34   44.0070  0.5520 -0.34    121    121    121
 25.000   25.7080  0.3310   0.20 220.69   2.04  -0.16   40.5810  0.5140 -0.31    119    119    119
 25.500   23.8000  0.3140   0.30 221.64   2.08   0.11   37.4080  0.5090 -0.31    115    115    115
 26.000   22.0500  0.2980   0.27 222.64   2.33   0.13   34.5030  0.5040 -0.25    110    110    110
 26.500   20.4300  0.2800   0.33 223.67   2.44   0.20   31.8210  0.4720 -0.17    109    109    109
 27.000   18.9610  0.2630   0.35 224.79   2.52  -0.05   29.3860  0.4390 -0.03    106    106    106
 27.500   17.5840  0.2540   0.33 225.88   2.58  -0.19   27.1190  0.4340  0.24    101    101    101
 28.000   16.3130  0.2410   0.32 226.82   2.74  -0.29   25.0560  0.4280  0.28    100    100    100
 28.500   15.1420  0.2260   0.35 227.74   2.87  -0.34   23.1630  0.3960  0.29     97     97     97
 29.000   14.0560  0.2170   0.32 228.67   3.00  -0.13   21.4130  0.3730  0.42     95     95     95
 29.500   13.0560  0.1950   0.13 229.80   2.88   0.03   19.7910  0.3410  0.47     88     88     88
 30.000   12.1320  0.1860   0.10 230.97   2.94  -0.17   18.2960  0.3170  0.36     83     83     83
     T A B L E  II -   6.  T H E R M O D Y N A M I C  S T A T I S T I C A L  P A R A M E T E R S
                                      June
 STATION =   723910     Pt. Mugu Naval Air Station, CA
    Z      MEAN P   SD P   SKEWP  MEAN T  SD T  SKEWT    MEAN D   SD D  SKEWD  NOBSP  NOBST  NOBSD
    KM       MB       MB             K      K             G/M3    G/M3                           
  0.000 1020.0000  5.0000   0.00 290.00   5.00   0.00 1221.0000 25.0000  0.00    100    100    100
  0.004 1012.5820  2.3820  -0.18 290.38   3.11   0.25 1208.1410 14.0790 -0.20   1028   1028   1028
  0.500  955.0720  2.1240  -0.16 290.09   5.03   0.79 1141.9160 19.3700 -0.69   1028   1028   1028
  1.000  900.8190  2.1120  -0.25 292.38   5.82  -0.10 1070.4399 20.2260  0.14   1028   1028   1028
  1.500  849.7930  2.4310  -0.22 292.08   5.02  -0.47 1011.7100 16.0300  0.50   1028   1028   1028
  2.000  801.5220  2.6940  -0.27 289.71   4.45  -0.54  962.4380 13.0110  0.57   1028   1028   1028
  2.500  755.5080  3.0440  -0.27 286.74   4.04  -0.60  916.7850 10.6250  0.59   1028   1028   1028
  3.000  711.7800  3.3290  -0.35 283.66   3.68  -0.61  873.2300  8.6740  0.49   1028   1028   1028
  3.500  670.0160  3.5630  -0.38 280.57   3.41  -0.50  831.2070  7.2600  0.25   1027   1027   1027
  4.000  630.2180  3.7410  -0.42 277.38   3.27  -0.52  790.9290  6.4200  0.26   1027   1027   1027
  4.500  592.4220  3.8710  -0.44 274.13   3.17  -0.46  752.4310  5.7930  0.19   1027   1027   1027
  5.000  556.5300  3.9380  -0.48 270.75   3.12  -0.37  715.7290  5.4080  0.05   1027   1027   1027
  5.500  522.5000  3.9640  -0.51 267.34   3.04  -0.43  680.6260  4.9460  0.10   1027   1027   1027
  6.000  490.1820  4.0160  -0.51 263.82   2.97  -0.53  647.0920  4.5340  0.09   1027   1027   1027
  6.500  459.2250  4.0270  -0.51 260.19   2.95  -0.61  614.7100  4.2590  0.03   1026   1026   1026
  7.000  429.9410  4.0150  -0.52 256.49   2.94  -0.61  583.8440  3.8970 -0.17   1026   1026   1026
  7.500  402.3120  3.9780  -0.56 252.74   2.95  -0.55  554.4620  3.7340 -0.41   1026   1026   1026
  8.000  375.7560  4.0330  -0.51 248.91   2.99  -0.44  525.8580  3.6340 -0.53   1025   1025   1025
  8.500  350.6400  3.9830  -0.49 245.00   3.00  -0.37  498.5390  3.5290 -0.70   1025   1025   1025
  9.000  326.9480  3.9280  -0.47 241.09   3.01  -0.36  472.4120  3.4600 -0.97   1025   1025   1025
  9.500  304.6570  3.8390  -0.49 237.22   2.99  -0.34  447.3890  3.4600 -1.34   1023   1023   1023
 10.000  283.4250  3.8530  -0.46 233.35   2.95  -0.29  423.1170  3.5670 -1.55   1023   1023   1023
 10.500  263.3230  3.7370  -0.42 229.59   2.95  -0.22  399.5600  3.7890 -1.59   1023   1023   1023
 11.000  244.4910  3.6600  -0.41 226.02   3.01  -0.06  376.8480  4.3150 -1.53   1023   1023   1023
 11.500  226.5310  3.5080  -0.36 222.69   3.06   0.13  354.4010  4.8030 -1.41   1021   1021   1021
 12.000  209.7960  3.3380  -0.33 219.72   3.13   0.27  332.6700  5.3490 -1.24   1020   1020   1020
 12.500  194.1900  3.2090  -0.28 217.22   3.26   0.28  311.4840  5.9760 -0.97   1017   1017   1017
 13.000  179.4600  2.9610  -0.24 215.18   3.37   0.26  290.6070  6.4010 -0.69   1011   1011   1011
 13.500  165.7890  2.7240  -0.19 213.64   3.43   0.06  270.4140  6.6060 -0.39   1002   1002   1002
 14.000  153.0860  2.4740  -0.16 212.36   3.55  -0.08  251.2180  6.6270 -0.19    996    996    996
 14.500  141.3090  2.2480  -0.13 211.19   3.67  -0.13  233.1900  6.4530 -0.08    988    988    988
 15.000  130.3050  2.0020  -0.10 210.13   3.75  -0.08  216.1290  6.1430  0.00    971    971    971
 15.500  120.1570  1.7750  -0.06 209.10   3.90  -0.06  200.2830  5.7900  0.05    965    965    965
 16.000  110.7450  1.5610  -0.03 208.26   3.98   0.01  185.3440  5.3060  0.05    946    946    946
 16.500  102.1970  1.2500   0.31 207.57   3.86   0.09  171.5890  4.4150  0.12    889    889    889
 17.000   93.8880  1.0210  -0.30 205.98   3.43   0.38  158.8490  3.9420 -0.19    244    244    244
 17.500   86.4600  0.8830  -0.32 206.33   2.97   0.39  146.0210  3.2020 -0.28    233    233    233
 18.000   79.6280  0.7740  -0.32 207.09   2.70   0.43  133.9790  2.5880 -0.29    228    228    228
 18.500   73.3640  0.6830  -0.34 208.06   2.44   0.44  122.8580  2.0730 -0.25    224    224    224
 19.000   67.6480  0.6060  -0.39 209.08   2.10   0.29  112.7240  1.6190 -0.24    219    219    219
 19.500   62.3920  0.5550  -0.38 210.43   1.96   0.03  103.2990  1.3720 -0.20    216    216    216
 20.000   57.5570  0.5230  -0.37 211.55   1.86   0.31   94.7900  1.1840 -0.36    204    204    204
 20.500   53.1250  0.4880  -0.39 212.67   1.68   0.02   87.0270  1.0130 -0.22    197    197    197
 21.000   49.0970  0.4450  -0.46 213.69   1.51  -0.07   80.0430  0.8610 -0.25    187    187    187
 21.500   45.3720  0.4160  -0.48 214.70   1.55  -0.24   73.6230  0.7790 -0.01    171    171    171
 22.000   41.9430  0.3940  -0.49 215.68   1.56  -0.17   67.7490  0.6930 -0.13    164    164    164
 22.500   38.7770  0.3670  -0.62 216.85   1.47  -0.03   62.2980  0.6010 -0.19    151    151    151
 23.000   35.8740  0.3450  -0.69 217.93   1.50  -0.09   57.3450  0.5520 -0.25    146    146    146
 23.500   33.1940  0.3230  -0.76 218.95   1.54   0.08   52.8130  0.5100 -0.35    142    142    142
 24.000   30.7160  0.3050  -0.70 219.90   1.54   0.34   48.6600  0.4700 -0.38    140    140    140
 24.500   28.4680  0.2910  -0.67 220.85   1.47   0.53   44.9030  0.4150 -0.49    139    139    139
 25.000   26.3670  0.2780  -0.68 221.90   1.57   0.07   41.3930  0.3820 -0.58    137    137    137
 25.500   24.4300  0.2610  -0.65 222.90   1.50   0.03   38.1790  0.3560 -0.60    136    136    136
 26.000   22.6470  0.2470  -0.72 223.89   1.63   0.41   35.2360  0.3410 -0.25    135    135    135
 26.500   21.0000  0.2380  -0.67 224.94   1.65   0.23   32.5210  0.3180 -0.22    133    133    133
 27.000   19.4840  0.2250  -0.65 225.93   1.83   0.04   30.0400  0.3020 -0.15    128    128    128
 27.500   18.0790  0.2150  -0.65 226.95   2.06   0.03   27.7480  0.3080 -0.05    128    128    128
 28.000   16.7790  0.2050  -0.65 227.79   1.99   0.16   25.6580  0.2850 -0.24    127    127    127
 28.500   15.5810  0.1840  -0.42 228.55   1.99  -0.10   23.7450  0.2530 -0.06    121    121    121
 29.000   14.4720  0.1730  -0.46 229.49   1.90  -0.20   21.9630  0.2300 -0.18    120    120    120
 29.500   13.4410  0.1670  -0.47 230.28   1.76  -0.34   20.3260  0.2370 -0.12    111    111    111
 30.000   12.4950  0.1600  -0.54 231.23   1.68  -0.44   18.8160  0.2440 -0.25    107    107    107
     T A B L E  II -   7.  T H E R M O D Y N A M I C  S T A T I S T I C A L  P A R A M E T E R S
                                      July
 STATION =   723910     Pt. Mugu Naval Air Station, CA
    Z      MEAN P   SD P   SKEWP  MEAN T  SD T  SKEWT    MEAN D   SD D  SKEWD  NOBSP  NOBST  NOBSD
    KM       MB       MB             K      K             G/M3    G/M3                           
  0.000 1020.0000  5.0000   0.00 290.00   5.00   0.00 1221.0000 25.0000  0.00    100    100    100
  0.004 1013.2740  2.3090  -0.14 292.02   2.99   0.04 1201.3110 12.8690 -0.06    977    977    977
  0.500  956.0740  2.1840   0.03 292.32   4.62   0.29 1133.8710 17.4330 -0.25    977    977    977
  1.000  902.2560  2.0990   0.03 295.41   4.48  -0.43 1060.7629 15.5900  0.40    977    977    977
  1.500  851.6790  2.1950  -0.07 295.14   3.67  -0.49 1002.8360 11.8710  0.42    977    977    977
  2.000  803.7970  2.2790  -0.10 292.74   3.18  -0.45  954.5390  9.4980  0.39    977    977    977
  2.500  758.1560  2.3830  -0.15 289.73   2.76  -0.44  909.8720  7.6210  0.35    977    977    977
  3.000  714.7170  2.4630  -0.22 286.43   2.48  -0.54  867.7740  6.3620  0.45    977    977    977
  3.500  673.1870  2.5380  -0.27 283.06   2.25  -0.46  827.2380  5.4710  0.23    977    977    977
  4.000  633.5720  2.6310  -0.35 279.64   2.11  -0.44  788.2350  4.9380  0.09    977    977    977
  4.500  595.8940  2.6480  -0.37 276.19   2.05  -0.47  750.7870  4.7140  0.11    977    977    977
  5.000  560.0550  2.5980  -0.38 272.77   2.02  -0.41  714.6410  4.6220  0.11    977    977    977
  5.500  526.0340  2.5280  -0.43 269.38   2.03  -0.34  679.7910  4.4520  0.19    977    977    977
  6.000  493.7840  2.4670  -0.46 266.02   2.00  -0.44  646.2860  4.1030  0.27    977    977    977
  6.500  462.9210  2.4510  -0.44 262.60   1.97  -0.58  613.8660  3.7420  0.41    975    975    975
  7.000  433.6740  2.4330  -0.47 259.12   2.01  -0.59  582.8650  3.3880  0.40    975    975    975
  7.500  406.0150  2.3780  -0.52 255.54   2.04  -0.57  553.3800  3.1270  0.33    975    975    975
  8.000  379.5910  2.4210  -0.54 251.87   2.09  -0.55  524.9430  2.9380  0.15    975    975    975
  8.500  354.5030  2.4320  -0.51 248.16   2.16  -0.49  497.5990  2.7970  0.05    975    975    975
  9.000  330.8490  2.4280  -0.51 244.41   2.23  -0.42  471.5470  2.7350 -0.07    975    975    975
  9.500  308.5530  2.3710  -0.56 240.65   2.26  -0.37  446.6500  2.6730 -0.13    975    975    975
 10.000  287.4280  2.3740  -0.60 236.93   2.28  -0.35  422.6200  2.6260 -0.19    970    970    970
 10.500  267.3370  2.3430  -0.60 233.25   2.30  -0.29  399.2780  2.6140 -0.31    969    969    969
 11.000  248.5090  2.3150  -0.63 229.75   2.30  -0.24  376.8240  2.7010 -0.43    968    968    968
 11.500  230.4990  2.2590  -0.57 226.31   2.23  -0.30  354.8240  2.9460 -0.45    967    967    967
 12.000  213.6810  2.1670  -0.55 223.01   2.19  -0.34  333.8140  3.2670 -0.73    965    965    965
 12.500  198.0420  2.0950  -0.59 219.88   2.16  -0.18  313.7910  3.6370 -0.94    961    961    961
 13.000  183.0950  1.9770  -0.47 216.85   2.20   0.12  294.1600  3.9390 -1.04    961    961    961
 13.500  169.2000  1.8500  -0.38 213.98   2.27   0.42  275.4920  4.1580 -1.09    953    953    953
 14.000  156.2240  1.6920  -0.34 211.26   2.43   0.60  257.6490  4.2920 -1.03    948    948    948
 14.500  144.1550  1.5530  -0.31 208.86   2.62   0.66  240.4850  4.3050 -0.95    937    937    937
 15.000  132.7990  1.3830  -0.21 206.90   2.81   0.79  223.6450  4.1630 -0.93    918    918    918
 15.500  122.3220  1.2630  -0.09 205.63   3.00   0.75  207.2830  4.0110 -0.77    901    901    901
 16.000  112.6110  1.1350  -0.02 205.20   3.03   0.78  191.2240  3.6500 -0.71    879    879    879
 16.500  103.6660  1.0160   0.10 205.42   2.99   0.63  175.8440  3.2140 -0.58    853    853    853
 17.000   95.2530  0.7700  -0.21 204.79   2.36   0.34  162.0590  2.4340 -0.43    215    215    215
 17.500   87.6540  0.6840  -0.14 205.54   2.14  -0.13  148.5780  2.0300 -0.20    201    201    201
 18.000   80.7200  0.6220  -0.02 206.79   2.12  -0.29  136.0020  1.7640  0.13    199    199    199
 18.500   74.3650  0.5730   0.00 207.95   2.00  -0.44  124.5900  1.5520  0.20    198    198    198
 19.000   68.5850  0.5260   0.11 209.38   1.85  -0.58  114.1180  1.3560  0.26    197    197    197
 19.500   63.2580  0.4850   0.16 210.62   1.65  -0.19  104.6360  1.1310 -0.05    193    193    193
 20.000   58.3620  0.4330  -0.18 211.96   1.47  -0.00   95.9230  0.9230 -0.47    190    190    190
 20.500   53.8630  0.3970  -0.13 213.17   1.50   0.30   88.0260  0.8430 -0.05    181    181    181
 21.000   49.7590  0.3600  -0.11 214.25   1.46   0.18   80.9120  0.7510 -0.16    172    172    172
 21.500   45.9920  0.3500  -0.01 215.42   1.50   0.40   74.3770  0.7170 -0.22    160    160    160
 22.000   42.5040  0.3200  -0.03 216.45   1.59   0.43   68.4100  0.6670 -0.44    147    147    147
 22.500   39.3040  0.3010  -0.05 217.37   1.64   0.47   62.9940  0.6180 -0.38    141    141    141
 23.000   36.3560  0.2810  -0.10 218.30   1.65   0.13   58.0200  0.5720 -0.25    130    130    130
 23.500   33.6340  0.2640  -0.09 219.32   1.64  -0.03   53.4250  0.5250 -0.02    122    122    122
 24.000   31.1380  0.2500  -0.18 220.38   1.70  -0.03   49.2220  0.5050  0.19    116    116    116
 24.500   28.8730  0.2230  -0.01 221.41   1.57   0.31   45.4290  0.4290  0.08    111    111    111
 25.000   26.7410  0.2070  -0.10 222.24   1.64   0.68   41.9180  0.4080 -0.06    106    106    106
 25.500   24.7840  0.1970  -0.13 223.14   1.77   0.60   38.6940  0.3790 -0.16    103    103    103
 26.000   22.9710  0.1840  -0.11 224.04   1.79   0.15   35.7190  0.3300 -0.12    102    102    102
 26.500   21.2910  0.1800   0.00 224.91   1.84  -0.07   32.9780  0.3060 -0.32     99     99     99
 27.000   19.7720  0.1680  -0.10 225.68   1.86   0.08   30.5210  0.2810 -0.52     91     91     91
 27.500   18.3530  0.1600   0.03 226.73   1.86   0.27   28.1990  0.2400 -0.23     86     86     86
 28.000   17.0230  0.1540  -0.03 227.56   1.82   0.29   26.0590  0.2270  0.42     81     81     81
 28.500   15.8020  0.1470  -0.04 228.35   1.76   0.51   24.1060  0.2100  0.18     80     80     80
 29.000   14.6760  0.1450   0.03 229.19   1.94   0.37   22.3060  0.2020 -0.16     78     78     78
 29.500   13.6280  0.1390   0.01 229.93   2.10   0.07   20.6450  0.2140  0.03     76     76     76
 30.000   12.6600  0.1380  -0.10 230.77   2.30   0.10   19.1100  0.2330 -0.15     74     74     74
     T A B L E  II -   8.  T H E R M O D Y N A M I C  S T A T I S T I C A L  P A R A M E T E R S
                                    August
 STATION =   723910     Pt. Mugu Naval Air Station, CA
    Z      MEAN P   SD P   SKEWP  MEAN T  SD T  SKEWT    MEAN D   SD D  SKEWD  NOBSP  NOBST  NOBSD
    KM       MB       MB             K      K             G/M3    G/M3                           
  0.000 1020.0000  5.0000   0.00 290.00   5.00   0.00 1221.0000 25.0000  0.00    100    100    100
  0.004 1012.8720  2.4470  -0.30 292.59   2.90  -0.02 1198.2950 12.7870  0.08   1014   1014   1014
  0.500  955.8480  2.2240  -0.13 293.35   4.78   0.30 1129.6050 18.0350 -0.27   1014   1014   1014
  1.000  902.2410  2.1050  -0.03 296.04   4.32  -0.40 1058.4930 15.0080  0.30   1014   1014   1014
  1.500  851.7030  2.2050  -0.04 295.04   3.58  -0.46 1003.0890 11.5930  0.33   1013   1013   1013
  2.000  803.8210  2.2560  -0.12 292.47   2.98  -0.41  955.3370  8.9760  0.27   1013   1013   1013
  2.500  758.0890  2.3540  -0.22 289.29   2.57  -0.46  911.0580  7.0710  0.28   1013   1013   1013
  3.000  714.5740  2.4360  -0.31 285.90   2.24  -0.43  869.0460  5.6510  0.27   1013   1013   1013
  3.500  673.0100  2.4880  -0.35 282.46   2.01  -0.46  828.6620  4.8920  0.24   1013   1013   1013
  4.000  633.3540  2.5460  -0.37 279.05   1.89  -0.32  789.6040  4.5520  0.15   1013   1013   1013
  4.500  595.6170  2.5480  -0.42 275.61   1.84  -0.14  751.9980  4.4110  0.01   1012   1012   1012
  5.000  559.7040  2.4880  -0.47 272.20   1.83  -0.11  715.6900  4.2500  0.02   1012   1012   1012
  5.500  525.6270  2.4030  -0.52 268.86   1.85  -0.14  680.6220  3.9940  0.06   1012   1012   1012
  6.000  493.3270  2.3660  -0.55 265.61   1.88  -0.22  646.7240  3.7570  0.09   1012   1012   1012
  6.500  462.4490  2.4030  -0.52 262.28   1.94  -0.34  614.0270  3.4360  0.14   1012   1012   1012
  7.000  433.2090  2.3980  -0.51 258.82   2.03  -0.33  582.9480  3.2100  0.08   1012   1012   1012
  7.500  405.5580  2.3550  -0.55 255.23   2.12  -0.33  553.4620  3.0980  0.00   1012   1012   1012
  8.000  379.1180  2.4280  -0.58 251.54   2.22  -0.26  524.9800  2.9700 -0.14   1011   1011   1011
  8.500  354.0160  2.4630  -0.58 247.79   2.33  -0.16  497.6690  2.9050 -0.19   1010   1010   1010
  9.000  330.3490  2.4620  -0.56 244.00   2.43  -0.14  471.6210  2.8210 -0.17   1009   1009   1009
  9.500  308.0610  2.4040  -0.53 240.27   2.53  -0.12  446.6380  2.7890 -0.07   1009   1009   1009
 10.000  286.9340  2.4090  -0.53 236.58   2.56  -0.13  422.5090  2.8300 -0.09   1003   1003   1003
 10.500  266.8360  2.4000  -0.48 232.96   2.55  -0.21  399.0440  2.8860 -0.41    999    999    999
 11.000  248.0270  2.3890  -0.47 229.48   2.54  -0.26  376.5330  3.0020 -0.57    998    998    998
 11.500  230.0280  2.3430  -0.40 226.07   2.43  -0.25  354.4740  3.1170 -0.84    995    995    995
 12.000  213.2320  2.2570  -0.37 222.79   2.30  -0.23  333.4410  3.2630 -1.04    993    993    993
 12.500  197.6280  2.1750  -0.38 219.73   2.04   0.04  313.3350  3.4410 -1.08    985    985    985
 13.000  182.7040  2.0470  -0.28 216.82   1.85   0.37  293.5700  3.7280 -0.91    982    982    982
 13.500  168.8330  1.9040  -0.24 214.05   1.91   0.52  274.8030  4.0360 -0.80    978    978    978
 14.000  155.8880  1.7270  -0.20 211.49   2.23   0.62  256.8220  4.3700 -0.73    971    971    971
 14.500  143.8630  1.5730  -0.13 209.25   2.65   0.57  239.5560  4.5800 -0.58    950    950    950
 15.000  132.5570  1.3940  -0.08 207.33   3.06   0.49  222.7860  4.5480 -0.48    932    932    932
 15.500  122.1290  1.2590   0.00 206.06   3.34   0.36  206.5350  4.3830 -0.33    911    911    911
 16.000  112.4470  1.1220   0.09 205.58   3.34   0.27  190.6020  3.9350 -0.19    885    885    885
 16.500  103.5150  1.0030   0.17 205.72   3.18   0.20  175.3420  3.3500 -0.15    866    866    866
 17.000   95.1630  0.7640  -0.31 204.63   2.58  -0.09  162.0410  2.8020  0.19    238    238    238
 17.500   87.6160  0.6760  -0.32 205.61   2.49  -0.08  148.4770  2.3720  0.13    226    226    226
 18.000   80.6880  0.6140  -0.29 207.00   2.41  -0.16  135.8120  2.0100  0.13    219    219    219
 18.500   74.3380  0.5540  -0.26 208.42   2.19  -0.13  124.2700  1.6880  0.17    218    218    218
 19.000   68.5710  0.5060  -0.26 209.85   2.10  -0.23  113.8450  1.4700  0.14    213    213    213
 19.500   63.2660  0.4620  -0.21 211.07   1.75  -0.16  104.4250  1.1340  0.13    210    210    210
 20.000   58.3800  0.4270  -0.21 212.05   1.68  -0.07   95.9160  0.9780 -0.09    202    202    202
 20.500   53.8990  0.4020  -0.25 213.19   1.46  -0.13   88.0760  0.8110 -0.22    194    194    194
 21.000   49.8000  0.3610  -0.25 214.24   1.41  -0.24   80.9810  0.7120 -0.25    187    187    187
 21.500   46.0260  0.3560  -0.20 215.12   1.52  -0.10   74.5390  0.6920 -0.18    175    175    175
 22.000   42.5420  0.3340  -0.23 215.91   1.53  -0.02   68.6420  0.6290 -0.10    167    167    167
 22.500   39.3190  0.3080  -0.18 216.79   1.61   0.10   63.1850  0.6000 -0.44    156    156    156
 23.000   36.3620  0.2950  -0.16 217.75   1.57  -0.27   58.1750  0.5690 -0.00    142    142    142
 23.500   33.6410  0.2810  -0.22 218.78   1.48   0.11   53.5680  0.5250 -0.20    135    135    135
 24.000   31.1230  0.2700  -0.26 219.81   1.45   0.43   49.3270  0.4810 -0.28    127    127    127
 24.500   28.8510  0.2500  -0.25 220.72   1.44   0.06   45.5360  0.4240  0.07    124    124    124
 25.000   26.7300  0.2370  -0.32 221.53   1.49  -0.23   42.0350  0.3900 -0.25    120    120    120
 25.500   24.7600  0.2220  -0.37 222.39   1.58  -0.35   38.7860  0.3660 -0.28    117    117    117
 26.000   22.9450  0.2120  -0.46 223.23   1.71  -0.21   35.8070  0.3350 -0.25    114    114    114
 26.500   21.2600  0.2040  -0.49 224.13   1.88  -0.41   33.0430  0.3210 -0.23    114    114    114
 27.000   19.7380  0.1810  -0.28 225.01   1.82  -0.40   30.5580  0.2720 -0.11    112    112    112
 27.500   18.3070  0.1730  -0.21 225.89   1.80  -0.52   28.2320  0.2630  0.21    109    109    109
 28.000   16.9860  0.1670  -0.25 226.62   1.81  -0.24   26.1090  0.2420  0.11    105    105    105
 28.500   15.7640  0.1630  -0.35 227.36   1.74  -0.24   24.1520  0.2400 -0.01    101    101    101
 29.000   14.6350  0.1520  -0.49 228.18   1.76  -0.27   22.3410  0.2190  0.06     99     99     99
 29.500   13.5810  0.1450  -0.54 228.92   1.90   0.10   20.6640  0.2080 -0.13     94     94     94
 30.000   12.6090  0.1430  -0.66 229.57   2.00   0.29   19.1310  0.1930 -0.39     89     89     89
     T A B L E  II -   9.  T H E R M O D Y N A M I C  S T A T I S T I C A L  P A R A M E T E R S
                                 September
 STATION =   723910     Pt. Mugu Naval Air Station, CA
    Z      MEAN P   SD P   SKEWP  MEAN T  SD T  SKEWT    MEAN D   SD D  SKEWD  NOBSP  NOBST  NOBSD
    KM       MB       MB             K      K             G/M3    G/M3                           
  0.000 1020.0000  5.0000   0.00 290.00   5.00   0.00 1221.0000 25.0000  0.00    100    100    100
  0.004 1011.9570  2.3850  -0.28 292.44   3.35   0.12 1197.8660 14.6820 -0.03    298    298    298
  0.500  955.0380  2.2160  -0.25 293.36   5.12   0.44 1129.2690 18.9090 -0.38    298    298    298
  1.000  901.1700  2.1660  -0.20 294.26   5.40  -0.09 1063.7629 18.4430  0.01    298    298    298
  1.500  850.3490  2.4220  -0.28 292.88   4.51  -0.36 1009.1690 14.2910  0.18    298    298    298
  2.000  802.1150  2.5630  -0.41 289.97   3.99  -0.50  961.7870 11.6760  0.26    298    298    298
  2.500  756.1630  2.7970  -0.53 286.77   3.52  -0.58  917.0030  9.3000  0.34    298    298    298
  3.000  712.4260  3.0030  -0.63 283.55   3.01  -0.62  874.0130  7.2620  0.29    298    298    298
  3.500  670.6660  3.1460  -0.63 280.31   2.73  -0.57  832.5130  6.2770  0.34    298    298    298
  4.000  630.8720  3.2650  -0.65 277.08   2.71  -0.52  792.4530  5.9440  0.30    298    298    298
  4.500  593.0380  3.3410  -0.67 273.97   2.70  -0.54  753.5670  5.6500  0.23    298    298    298
  5.000  557.1070  3.3640  -0.68 270.88   2.75  -0.56  716.0860  5.4460  0.28    298    298    298
  5.500  523.0300  3.3620  -0.71 267.70   2.78  -0.54  680.3870  4.9380  0.33    298    298    298
  6.000  490.6810  3.3880  -0.75 264.37   2.92  -0.68  646.4110  4.5390  0.23    298    298    298
  6.500  459.7650  3.4550  -0.75 260.82   3.02  -0.74  613.9670  4.2130  0.32    298    298    298
  7.000  430.5360  3.4990  -0.76 257.15   3.11  -0.77  583.1790  3.9980  0.35    298    298    298
  7.500  402.9000  3.5340  -0.80 253.38   3.17  -0.81  553.8990  3.8910  0.15    298    298    298
  8.000  376.4100  3.6560  -0.80 249.65   3.24  -0.62  525.2340  3.7000 -0.28    298    298    298
  8.500  351.3280  3.6590  -0.79 245.86   3.20  -0.34  497.7950  3.4230 -0.56    298    298    298
  9.000  327.6960  3.6390  -0.77 242.19   3.15  -0.17  471.3620  3.4800 -0.60    298    298    298
  9.500  305.4290  3.5730  -0.75 238.57   3.19  -0.06  446.0130  4.0060 -1.02    297    297    297
 10.000  284.3190  3.5610  -0.71 235.02   3.27   0.00  421.4660  4.5250 -1.50    297    297    297
 10.500  264.3180  3.4780  -0.62 231.58   3.30   0.03  397.6530  4.8080 -1.64    297    297    297
 11.000  245.5590  3.3860  -0.55 228.39   3.28  -0.05  374.5920  5.1120 -1.62    295    295    295
 11.500  227.7110  3.2390  -0.46 225.33   3.18  -0.11  352.0790  5.2490 -1.53    295    295    295
 12.000  211.0630  3.0780  -0.37 222.40   3.10  -0.25  330.6520  5.3550 -1.34    295    295    295
 12.500  195.5330  2.9670  -0.31 219.63   2.90  -0.29  310.1850  5.2960 -1.14    293    293    293
 13.000  180.7860  2.7640  -0.26 217.13   2.63   0.04  290.0860  5.1930 -0.90    293    293    293
 13.500  167.0980  2.5710  -0.25 214.72   2.51   0.60  271.1350  5.2460 -0.65    292    292    292
 14.000  154.3430  2.3410  -0.25 212.35   2.66   0.81  253.2550  5.3840 -0.47    292    292    292
 14.500  142.4530  2.1560  -0.25 210.29   2.96   0.80  236.0510  5.5920 -0.31    284    284    284
 15.000  131.2950  1.9430  -0.25 208.48   3.20   0.51  219.4650  5.4720 -0.09    272    272    272
 15.500  121.0050  1.7530  -0.31 207.08   3.50   0.20  203.6420  5.3000  0.04    266    266    266
 16.000  111.4190  1.5570  -0.30 206.38   3.60   0.01  188.1510  4.8740  0.14    254    254    254
 16.500  102.6960  1.2700   0.05 206.09   3.58  -0.10  173.6590  4.1080  0.24    234    234    234
 17.000   94.7160  1.0520  -0.04 204.89   3.81  -0.12  161.1140  4.2510  0.03     31     31     31
 17.500   87.4900  0.7980  -0.13 204.39   3.60   0.45  149.1720  3.4440 -0.49     21     21     21
 18.000   80.5210  0.7080   0.04 205.68   3.24   1.04  136.4200  2.8850 -0.76     18     18     18
 18.500   74.1480  0.6210   0.17 206.74   2.72   0.83  124.9640  2.0810 -0.51     18     18     18
 19.000   68.2910  0.5740   0.25 208.26   1.99   0.99  114.2470  1.4540 -0.30     17     17     17
 19.500   62.9160  0.5320   0.21 210.03   1.86   0.29  104.3620  1.2540  0.28     17     17     17
 20.000   58.0480  0.4900   0.12 211.06   1.84  -0.01   95.8190  1.1810  0.35     17     17     17
 20.500   53.5690  0.4310  -0.01 212.17   1.40  -0.32   87.9600  0.8010  1.35     16     16     16
 21.000   49.4440  0.3820  -0.13 212.68   1.44   0.22   80.9910  0.7150  1.21     15     15     15
 21.500   45.7080  0.3730  -0.23 213.99   1.74  -0.65   74.4130  0.6300  1.98     13     13     13
 22.000 -999.9900 -9.9900  99.99 999.90 999.90  99.99 -999.9900 99.9900 99.99      0      0      0
 22.500 -999.9900 -9.9900  99.99 999.90 999.90  99.99 -999.9900 99.9900 99.99      0      0      0
 23.000 -999.9900 -9.9900  99.99 999.90 999.90  99.99 -999.9900 99.9900 99.99      0      0      0
 23.500 -999.9900 -9.9900  99.99 999.90 999.90  99.99 -999.9900 99.9900 99.99      0      0      0
 24.000 -999.9900 -9.9900  99.99 999.90 999.90  99.99 -999.9900 99.9900 99.99      0      0      0
 24.500 -999.9900 -9.9900  99.99 999.90 999.90  99.99 -999.9900 99.9900 99.99      0      0      0
 25.000 -999.9900 -9.9900  99.99 999.90 999.90  99.99 -999.9900 99.9900 99.99      0      0      0
 25.500 -999.9900 -9.9900  99.99 999.90 999.90  99.99 -999.9900 99.9900 99.99      0      0      0
 26.000 -999.9900 -9.9900  99.99 999.90 999.90  99.99 -999.9900 99.9900 99.99      0      0      0
 26.500 -999.9900 -9.9900  99.99 999.90 999.90  99.99 -999.9900 99.9900 99.99      0      0      0
 27.000 -999.9900 -9.9900  99.99 999.90 999.90  99.99 -999.9900 99.9900 99.99      0      0      0
 27.500 -999.9900 -9.9900  99.99 999.90 999.90  99.99 -999.9900 99.9900 99.99      0      0      0
 28.000 -999.9900 -9.9900  99.99 999.90 999.90  99.99 -999.9900 99.9900 99.99      0      0      0
 28.500 -999.9900 -9.9900  99.99 999.90 999.90  99.99 -999.9900 99.9900 99.99      0      0      0
 29.000 -999.9900 -9.9900  99.99 999.90 999.90  99.99 -999.9900 99.9900 99.99      0      0      0
 29.500 -999.9900 -9.9900  99.99 999.90 999.90  99.99 -999.9900 99.9900 99.99      0      0      0
 30.000 -999.9900 -9.9900  99.99 999.90 999.90  99.99 -999.9900 99.9900 99.99      0      0      0
     T A B L E  II -  10.  T H E R M O D Y N A M I C  S T A T I S T I C A L  P A R A M E T E R S
                                   October
 STATION =   723910     Pt. Mugu Naval Air Station, CA
    Z      MEAN P   SD P   SKEWP  MEAN T  SD T  SKEWT    MEAN D   SD D  SKEWD  NOBSP  NOBST  NOBSD
    KM       MB       MB             K      K             G/M3    G/M3                           
  0.000 1020.0000  5.0000   0.00 290.00   5.00   0.00 1221.0000 25.0000  0.00    100    100    100
  0.004 1014.3520  2.7780   0.43 291.19   4.58   0.21 1207.1840 20.3370  0.22    308    308    308
  0.500  957.1500  2.6450   0.52 292.26   5.10   0.44 1137.3760 18.6010 -0.35    308    308    308
  1.000  902.8290  2.6930   0.22 291.97   5.89   0.09 1075.1479 20.2020 -0.07    308    308    308
  1.500  851.4620  2.9780  -0.16 289.60   5.53  -0.18 1022.7410 17.6400  0.21    308    308    308
  2.000  802.5480  3.2600  -0.37 286.64   4.92  -0.38  974.2230 14.3380  0.41    308    308    308
  2.500  755.9970  3.6220  -0.48 283.61   4.49  -0.67  927.7680 11.7730  0.73    308    308    308
  3.000  711.8050  3.9530  -0.59 280.55   4.06  -0.93  883.1480  9.4530  0.97    308    308    308
  3.500  669.6130  4.1870  -0.66 277.50   3.77  -0.87  840.0290  7.9140  0.61    308    308    308
  4.000  629.4640  4.3880  -0.71 274.42   3.73  -0.89  798.6380  7.1420  0.48    308    308    308
  4.500  591.3220  4.5730  -0.75 271.27   3.88  -0.96  759.0490  6.7200  0.52    308    308    308
  5.000  555.1190  4.7230  -0.80 268.04   3.98  -1.01  721.2760  6.2730  0.51    307    307    307
  5.500  520.8190  4.8510  -0.88 264.67   4.01  -1.00  685.3820  5.7220  0.38    307    307    307
  6.000  488.2390  4.9880  -0.93 261.17   4.03  -0.95  651.1440  5.3100  0.18    306    306    306
  6.500  457.1230  5.0420  -0.95 257.48   4.07  -0.88  618.3950  5.0200 -0.04    306    306    306
  7.000  427.6740  5.1300  -0.96 253.67   4.07  -0.84  587.2700  4.5690 -0.19    306    306    306
  7.500  399.8600  5.1690  -0.99 249.80   4.02  -0.79  557.6080  4.1190 -0.44    306    306    306
  8.000  373.1960  5.2180  -0.95 245.94   4.00  -0.77  528.6080  3.8210 -0.58    306    306    306
  8.500  347.9780  5.1730  -0.91 242.09   4.00  -0.62  500.7380  3.7900 -0.79    305    305    305
  9.000  324.2140  5.1570  -0.91 238.24   3.93  -0.44  474.0870  3.8790 -1.07    305    305    305
  9.500  301.8360  5.1060  -0.92 234.54   3.79  -0.22  448.3270  4.2830 -1.37    305    305    305
 10.000  280.5290  5.0610  -0.82 230.98   3.68  -0.04  423.1090  4.8010 -1.52    305    305    305
 10.500  260.4710  4.8930  -0.75 227.61   3.60   0.13  398.6830  5.4970 -1.55    304    304    304
 11.000  241.6670  4.7550  -0.70 224.52   3.44   0.24  375.0020  6.3290 -1.54    304    304    304
 11.500  223.8580  4.4860  -0.63 221.77   3.27   0.23  351.6790  6.8140 -1.32    304    304    304
 12.000  207.2620  4.2140  -0.56 219.33   3.20   0.08  329.2420  7.2970 -1.14    302    302    302
 12.500  191.7950  3.9700  -0.49 217.10   3.09   0.02  307.8170  7.5330 -1.00    300    300    300
 13.000  177.2420  3.6460  -0.38 215.25   2.88   0.23  286.9130  7.4200 -0.88    300    300    300
 13.500  163.7510  3.3380  -0.31 213.47   2.87   0.28  267.2970  7.2070 -0.78    294    294    294
 14.000  151.2370  3.0090  -0.28 211.77   2.97   0.42  248.8630  6.9520 -0.72    289    289    289
 14.500  139.5080  2.7520  -0.20 210.20   3.06   0.49  231.2810  6.6790 -0.63    285    285    285
 15.000  128.5850  2.4780  -0.11 208.72   3.20   0.49  214.6980  6.2960 -0.51    278    278    278
 15.500  118.5080  2.2330  -0.06 207.48   3.34   0.48  199.0620  5.9000 -0.48    275    275    275
 16.000  109.1280  2.0240   0.05 206.79   3.36   0.54  183.9150  5.4630 -0.42    255    255    255
 16.500  101.4750  1.3440   0.95 205.46   2.75   0.11  172.0940  3.5700  0.24    158    158    158
 17.000   93.0840  1.1820   0.12 205.05   2.53   0.21  158.1800  3.4100  0.27     23     23     23
 17.500   85.7010  1.0860   0.13 205.45   3.12  -0.45  145.3590  3.4210  0.75     13     13     13
 18.000 -999.9900 -9.9900  99.99 999.90 999.90  99.99 -999.9900 99.9900 99.99      0      0      0
 18.500 -999.9900 -9.9900  99.99 999.90 999.90  99.99 -999.9900 99.9900 99.99      0      0      0
 19.000 -999.9900 -9.9900  99.99 999.90 999.90  99.99 -999.9900 99.9900 99.99      0      0      0
 19.500 -999.9900 -9.9900  99.99 999.90 999.90  99.99 -999.9900 99.9900 99.99      0      0      0
 20.000 -999.9900 -9.9900  99.99 999.90 999.90  99.99 -999.9900 99.9900 99.99      0      0      0
 20.500 -999.9900 -9.9900  99.99 999.90 999.90  99.99 -999.9900 99.9900 99.99      0      0      0
 21.000 -999.9900 -9.9900  99.99 999.90 999.90  99.99 -999.9900 99.9900 99.99      0      0      0
 21.500 -999.9900 -9.9900  99.99 999.90 999.90  99.99 -999.9900 99.9900 99.99      0      0      0
 22.000 -999.9900 -9.9900  99.99 999.90 999.90  99.99 -999.9900 99.9900 99.99      0      0      0
 22.500 -999.9900 -9.9900  99.99 999.90 999.90  99.99 -999.9900 99.9900 99.99      0      0      0
 23.000 -999.9900 -9.9900  99.99 999.90 999.90  99.99 -999.9900 99.9900 99.99      0      0      0
 23.500 -999.9900 -9.9900  99.99 999.90 999.90  99.99 -999.9900 99.9900 99.99      0      0      0
 24.000 -999.9900 -9.9900  99.99 999.90 999.90  99.99 -999.9900 99.9900 99.99      0      0      0
 24.500 -999.9900 -9.9900  99.99 999.90 999.90  99.99 -999.9900 99.9900 99.99      0      0      0
 25.000 -999.9900 -9.9900  99.99 999.90 999.90  99.99 -999.9900 99.9900 99.99      0      0      0
 25.500 -999.9900 -9.9900  99.99 999.90 999.90  99.99 -999.9900 99.9900 99.99      0      0      0
 26.000 -999.9900 -9.9900  99.99 999.90 999.90  99.99 -999.9900 99.9900 99.99      0      0      0
 26.500 -999.9900 -9.9900  99.99 999.90 999.90  99.99 -999.9900 99.9900 99.99      0      0      0
 27.000 -999.9900 -9.9900  99.99 999.90 999.90  99.99 -999.9900 99.9900 99.99      0      0      0
 27.500 -999.9900 -9.9900  99.99 999.90 999.90  99.99 -999.9900 99.9900 99.99      0      0      0
 28.000 -999.9900 -9.9900  99.99 999.90 999.90  99.99 -999.9900 99.9900 99.99      0      0      0
 28.500 -999.9900 -9.9900  99.99 999.90 999.90  99.99 -999.9900 99.9900 99.99      0      0      0
 29.000 -999.9900 -9.9900  99.99 999.90 999.90  99.99 -999.9900 99.9900 99.99      0      0      0
 29.500 -999.9900 -9.9900  99.99 999.90 999.90  99.99 -999.9900 99.9900 99.99      0      0      0
 30.000 -999.9900 -9.9900  99.99 999.90 999.90  99.99 -999.9900 99.9900 99.99      0      0      0
     T A B L E  II -  11.  T H E R M O D Y N A M I C  S T A T I S T I C A L  P A R A M E T E R S
                                  November
 STATION =   723910     Pt. Mugu Naval Air Station, CA
    Z      MEAN P   SD P   SKEWP  MEAN T  SD T  SKEWT    MEAN D   SD D  SKEWD  NOBSP  NOBST  NOBSD
    KM       MB       MB             K      K             G/M3    G/M3                           
  0.000 1020.0000  5.0000   0.00 290.00   5.00   0.00 1221.0000 25.0000  0.00    100    100    100
  0.004 1017.3520  3.5600  -0.02 288.66   5.34  -0.10 1223.7150 23.1150  0.23    257    257    257
  0.500  959.6410  3.5040  -0.15 290.21   4.72   0.34 1149.5210 17.5540 -0.47    257    257    257
  1.000  904.6840  3.6100  -0.36 288.49   4.98   0.02 1090.8950 17.3630 -0.11    257    257    257
  1.500  852.5870  3.8350  -0.56 286.05   4.72  -0.21 1037.1470 15.2380  0.08    257    257    257
  2.000  803.0150  3.9730  -0.62 283.60   4.48  -0.43  985.5630 13.2700  0.29    257    257    257
  2.500  756.0100  4.1970  -0.71 281.13   4.23  -0.66  936.1880 11.3710  0.50    257    257    257
  3.000  711.4330  4.4010  -0.75 278.38   4.23  -0.77  889.7760 10.3660  0.60    257    257    257
  3.500  668.9080  4.6390  -0.79 275.62   4.18  -0.85  845.0280  9.0990  0.64    257    257    257
  4.000  628.4600  4.8300  -0.81 272.65   4.07  -0.71  802.6220  7.8440  0.38    257    257    257
  4.500  590.1160  5.0180  -0.82 269.41   4.03  -0.61  762.7670  6.9790  0.25    257    257    257
  5.000  553.7720  5.1650  -0.84 266.01   4.11  -0.55  724.9910  6.5090  0.15    257    257    257
  5.500  519.3390  5.2630  -0.86 262.48   4.10  -0.47  689.0710  6.0370  0.05    257    257    257
  6.000  486.5630  5.3680  -0.82 258.82   3.95  -0.67  654.7410  5.2680  0.38    257    257    257
  6.500  455.2580  5.3910  -0.80 255.08   3.87  -0.55  621.6550  4.7830  0.33    255    255    255
  7.000  425.6730  5.3930  -0.77 251.32   3.88  -0.57  589.9810  4.7160 -0.15    255    255    255
  7.500  397.7790  5.4250  -0.81 247.43   3.92  -0.54  560.0070  4.6830 -0.51    253    253    253
  8.000  370.9690  5.4190  -0.76 243.51   3.95  -0.40  530.6760  4.6090 -0.77    253    253    253
  8.500  345.7330  5.3570  -0.74 239.67   3.87  -0.28  502.5220  4.5610 -0.86    253    253    253
  9.000  321.8450  5.2960  -0.69 235.86   3.78  -0.31  475.3700  4.7540 -1.29    249    249    249
  9.500  299.4150  5.2360  -0.65 232.21   3.63  -0.23  449.2040  5.3200 -1.58    247    247    247
 10.000  277.9710  5.1140  -0.54 228.51   3.54  -0.13  423.7920  5.7830 -1.74    245    245    245
 10.500  257.9000  4.9170  -0.48 225.05   3.40   0.05  399.2460  6.5000 -1.66    243    243    243
 11.000  239.0370  4.7470  -0.41 221.87   3.47   0.21  375.3620  7.4130 -1.45    242    242    242
 11.500  221.2150  4.4370  -0.34 219.06   3.77   0.53  351.8660  8.1100 -1.32    242    242    242
 12.000  204.6600  4.1350  -0.26 216.55   4.07   0.62  329.3460  8.5200 -1.05    242    242    242
 12.500  189.1630  3.8830  -0.18 214.60   4.16   0.48  307.1810  8.5350 -0.76    241    241    241
 13.000  174.7110  3.5470  -0.14 213.14   4.13   0.22  285.6720  8.3410 -0.43    237    237    237
 13.500  161.2690  3.2600  -0.08 211.86   3.93   0.02  265.2830  7.9380 -0.26    233    233    233
 14.000  148.8460  2.9500  -0.06 210.60   3.48   0.15  246.3120  7.1570 -0.28    229    229    229
 14.500  137.1850  2.7050   0.04 209.38   3.23   0.34  228.3270  6.6110 -0.23    221    221    221
 15.000  126.4000  2.4190   0.07 208.35   3.31   0.28  211.4290  6.2330 -0.21    210    210    210
 15.500  116.4700  2.1560   0.14 207.30   3.31   0.28  195.8040  5.8720 -0.19    204    204    204
 16.000  107.2560  1.9000   0.20 206.37   3.43   0.27  181.1360  5.5370 -0.13    201    201    201
 16.500  100.2690  1.5200  -0.08 203.87   3.21   0.71  171.3950  4.4350 -0.66     63     63     63
 17.000   91.6180  1.2370   0.21 203.97   3.62   0.48  156.5450  4.4040 -0.17     20     20     20
 17.500   84.6390  1.1510  -0.08 204.19   3.98   0.14  144.4770  4.5210 -0.21     11     11     11
 18.000 -999.9900 -9.9900  99.99 999.90 999.90  99.99 -999.9900 99.9900 99.99      0      0      0
 18.500 -999.9900 -9.9900  99.99 999.90 999.90  99.99 -999.9900 99.9900 99.99      0      0      0
 19.000 -999.9900 -9.9900  99.99 999.90 999.90  99.99 -999.9900 99.9900 99.99      0      0      0
 19.500 -999.9900 -9.9900  99.99 999.90 999.90  99.99 -999.9900 99.9900 99.99      0      0      0
 20.000 -999.9900 -9.9900  99.99 999.90 999.90  99.99 -999.9900 99.9900 99.99      0      0      0
 20.500 -999.9900 -9.9900  99.99 999.90 999.90  99.99 -999.9900 99.9900 99.99      0      0      0
 21.000 -999.9900 -9.9900  99.99 999.90 999.90  99.99 -999.9900 99.9900 99.99      0      0      0
 21.500 -999.9900 -9.9900  99.99 999.90 999.90  99.99 -999.9900 99.9900 99.99      0      0      0
 22.000 -999.9900 -9.9900  99.99 999.90 999.90  99.99 -999.9900 99.9900 99.99      0      0      0
 22.500 -999.9900 -9.9900  99.99 999.90 999.90  99.99 -999.9900 99.9900 99.99      0      0      0
 23.000 -999.9900 -9.9900  99.99 999.90 999.90  99.99 -999.9900 99.9900 99.99      0      0      0
 23.500 -999.9900 -9.9900  99.99 999.90 999.90  99.99 -999.9900 99.9900 99.99      0      0      0
 24.000 -999.9900 -9.9900  99.99 999.90 999.90  99.99 -999.9900 99.9900 99.99      0      0      0
 24.500 -999.9900 -9.9900  99.99 999.90 999.90  99.99 -999.9900 99.9900 99.99      0      0      0
 25.000 -999.9900 -9.9900  99.99 999.90 999.90  99.99 -999.9900 99.9900 99.99      0      0      0
 25.500 -999.9900 -9.9900  99.99 999.90 999.90  99.99 -999.9900 99.9900 99.99      0      0      0
 26.000 -999.9900 -9.9900  99.99 999.90 999.90  99.99 -999.9900 99.9900 99.99      0      0      0
 26.500 -999.9900 -9.9900  99.99 999.90 999.90  99.99 -999.9900 99.9900 99.99      0      0      0
 27.000 -999.9900 -9.9900  99.99 999.90 999.90  99.99 -999.9900 99.9900 99.99      0      0      0
 27.500 -999.9900 -9.9900  99.99 999.90 999.90  99.99 -999.9900 99.9900 99.99      0      0      0
 28.000 -999.9900 -9.9900  99.99 999.90 999.90  99.99 -999.9900 99.9900 99.99      0      0      0
 28.500 -999.9900 -9.9900  99.99 999.90 999.90  99.99 -999.9900 99.9900 99.99      0      0      0
 29.000 -999.9900 -9.9900  99.99 999.90 999.90  99.99 -999.9900 99.9900 99.99      0      0      0
 29.500 -999.9900 -9.9900  99.99 999.90 999.90  99.99 -999.9900 99.9900 99.99      0      0      0
 30.000 -999.9900 -9.9900  99.99 999.90 999.90  99.99 -999.9900 99.9900 99.99      0      0      0
     T A B L E  II -  12.  T H E R M O D Y N A M I C  S T A T I S T I C A L  P A R A M E T E R S
                                  December
 STATION =   723910     Pt. Mugu Naval Air Station, CA
    Z      MEAN P   SD P   SKEWP  MEAN T  SD T  SKEWT    MEAN D   SD D  SKEWD  NOBSP  NOBST  NOBSD
    KM       MB       MB             K      K             G/M3    G/M3                           
  0.000 1020.0000  5.0000   0.00 290.00   5.00   0.00 1221.0000 25.0000  0.00    100    100    100
  0.004 1017.8640  3.8270   0.09 286.45   5.57   0.08 1234.3820 25.2530  0.14    243    243    243
  0.500  959.7410  3.7320  -0.13 287.89   5.01  -0.01 1159.1310 19.3220  0.12    243    243    243
  1.000  904.2560  3.8390  -0.34 285.94   5.18  -0.38 1100.2980 18.5060  0.42    243    243    243
  1.500  851.7500  4.1030  -0.51 283.59   5.36  -0.66 1045.2810 17.4760  0.66    243    243    243
  2.000  801.8260  4.3780  -0.66 281.04   5.30  -0.92  993.1700 15.6830  0.97    243    243    243
  2.500  754.4440  4.7730  -0.80 278.46   5.14  -1.01  943.2650 13.6230  0.96    243    243    243
  3.000  709.5190  5.1310  -0.90 275.63   4.94  -1.02  896.2730 11.4330  0.90    243    243    243
  3.500  666.6290  5.4730  -0.94 272.65   4.87  -1.19  851.4090  9.9690  1.11    243    243    243
  4.000  625.8940  5.7660  -1.01 269.46   4.83  -1.23  808.8950  8.8390  1.05    243    243    243
  4.500  587.2540  6.0370  -1.04 266.06   4.78  -1.12  768.7050  7.7790  0.81    243    243    243
  5.000  550.6280  6.2510  -1.09 262.62   4.74  -1.01  730.2420  6.7860  0.57    243    243    243
  5.500  515.9740  6.4140  -1.11 259.08   4.72  -0.92  693.6590  6.0800  0.46    242    242    242
  6.000  482.9880  6.5610  -1.07 255.51   4.62  -0.78  658.4240  5.5120  0.41    241    241    241
  6.500  451.5920  6.5990  -1.05 251.94   4.36  -0.50  624.3470  4.9440 -0.01    241    241    241
  7.000  421.9030  6.5820  -1.01 248.22   4.20  -0.39  592.0650  4.6320 -0.20    241    241    241
  7.500  393.9070  6.5690  -0.98 244.38   4.03  -0.34  561.4710  4.8020 -0.64    241    241    241
  8.000  367.0510  6.4490  -0.91 240.55   3.87  -0.27  531.5180  5.1330 -1.14    241    241    241
  8.500  341.8330  6.3280  -0.87 236.73   3.74  -0.23  503.0210  5.5730 -1.51    240    240    240
  9.000  317.9920  6.1730  -0.80 232.95   3.62  -0.18  475.5470  6.0020 -1.81    240    240    240
  9.500  295.4940  6.0110  -0.72 229.24   3.54  -0.02  449.0570  6.7970 -1.98    240    240    240
 10.000  274.0880  5.7300  -0.60 225.60   3.54   0.12  423.2730  7.5600 -1.72    240    240    240
 10.500  254.0970  5.4310  -0.53 222.46   3.55   0.34  397.9670  8.4480 -1.55    240    240    240
 11.000  235.3190  5.1670  -0.40 219.83   3.73   0.47  372.9990  9.4340 -1.30    238    238    238
 11.500  217.6850  4.7770  -0.33 217.56   4.21   0.42  348.6990 10.2600 -1.02    237    237    237
 12.000  201.3650  4.3720  -0.25 215.74   4.65   0.27  325.3180 10.4980 -0.76    234    234    234
 12.500  186.1320  4.0220  -0.18 214.52   4.94  -0.01  302.4520 10.4720 -0.43    230    230    230
 13.000  171.8850  3.6150  -0.13 213.74   4.77  -0.09  280.3320  9.7510 -0.17    227    227    227
 13.500  158.7460  3.2460  -0.07 213.10   4.20  -0.12  259.6420  8.4700  0.06    225    225    225
 14.000  146.6180  2.9580  -0.09 212.23   3.99  -0.44  240.7800  7.7030  0.13    223    223    223
 14.500  135.2450  2.6930  -0.05 211.27   3.62  -0.25  223.1030  6.8600  0.03    218    218    218
 15.000  124.7160  2.4250  -0.01 210.18   3.20  -0.12  206.7890  6.0520  0.03    215    215    215
 15.500  114.9960  2.1890   0.02 209.08   3.13  -0.04  191.6680  5.5080 -0.04    213    213    213
 16.000  106.0190  1.9720   0.01 208.02   3.20   0.00  177.6120  5.1160 -0.09    208    208    208
 16.500   99.8440  1.4530  -1.38 205.26   2.57  -0.21  169.4880  3.6070 -0.81     40     40     40
 17.000   91.0450  1.5570  -0.98 204.61   3.17   0.09  155.0620  4.1950 -0.55     14     14     14
 17.500   83.5780  1.4710  -0.80 204.52   3.27  -0.44  142.4110  4.0400 -0.23     11     11     11
 18.000 -999.9900 -9.9900  99.99 999.90 999.90  99.99 -999.9900 99.9900 99.99      0      0      0
 18.500 -999.9900 -9.9900  99.99 999.90 999.90  99.99 -999.9900 99.9900 99.99      0      0      0
 19.000 -999.9900 -9.9900  99.99 999.90 999.90  99.99 -999.9900 99.9900 99.99      0      0      0
 19.500 -999.9900 -9.9900  99.99 999.90 999.90  99.99 -999.9900 99.9900 99.99      0      0      0
 20.000 -999.9900 -9.9900  99.99 999.90 999.90  99.99 -999.9900 99.9900 99.99      0      0      0
 20.500 -999.9900 -9.9900  99.99 999.90 999.90  99.99 -999.9900 99.9900 99.99      0      0      0
 21.000 -999.9900 -9.9900  99.99 999.90 999.90  99.99 -999.9900 99.9900 99.99      0      0      0
 21.500 -999.9900 -9.9900  99.99 999.90 999.90  99.99 -999.9900 99.9900 99.99      0      0      0
 22.000 -999.9900 -9.9900  99.99 999.90 999.90  99.99 -999.9900 99.9900 99.99      0      0      0
 22.500 -999.9900 -9.9900  99.99 999.90 999.90  99.99 -999.9900 99.9900 99.99      0      0      0
 23.000 -999.9900 -9.9900  99.99 999.90 999.90  99.99 -999.9900 99.9900 99.99      0      0      0
 23.500 -999.9900 -9.9900  99.99 999.90 999.90  99.99 -999.9900 99.9900 99.99      0      0      0
 24.000 -999.9900 -9.9900  99.99 999.90 999.90  99.99 -999.9900 99.9900 99.99      0      0      0
 24.500 -999.9900 -9.9900  99.99 999.90 999.90  99.99 -999.9900 99.9900 99.99      0      0      0
 25.000 -999.9900 -9.9900  99.99 999.90 999.90  99.99 -999.9900 99.9900 99.99      0      0      0
 25.500 -999.9900 -9.9900  99.99 999.90 999.90  99.99 -999.9900 99.9900 99.99      0      0      0
 26.000 -999.9900 -9.9900  99.99 999.90 999.90  99.99 -999.9900 99.9900 99.99      0      0      0
 26.500 -999.9900 -9.9900  99.99 999.90 999.90  99.99 -999.9900 99.9900 99.99      0      0      0
 27.000 -999.9900 -9.9900  99.99 999.90 999.90  99.99 -999.9900 99.9900 99.99      0      0      0
 27.500 -999.9900 -9.9900  99.99 999.90 999.90  99.99 -999.9900 99.9900 99.99      0      0      0
 28.000 -999.9900 -9.9900  99.99 999.90 999.90  99.99 -999.9900 99.9900 99.99      0      0      0
 28.500 -999.9900 -9.9900  99.99 999.90 999.90  99.99 -999.9900 99.9900 99.99      0      0      0
 29.000 -999.9900 -9.9900  99.99 999.90 999.90  99.99 -999.9900 99.9900 99.99      0      0      0
 29.500 -999.9900 -9.9900  99.99 999.90 999.90  99.99 -999.9900 99.9900 99.99      0      0      0
 30.000 -999.9900 -9.9900  99.99 999.90 999.90  99.99 -999.9900 99.9900 99.99      0      0      0
     T A B L E  II -  13.  T H E R M O D Y N A M I C  S T A T I S T I C A L  P A R A M E T E R S
                                    Annual
 STATION =   723910     Pt. Mugu Naval Air Station, CA
    Z      MEAN P   SD P   SKEWP  MEAN T  SD T  SKEWT    MEAN D   SD D  SKEWD  NOBSP  NOBST  NOBSD
    KM       MB       MB             K      K             G/M3    G/M3                           
  0.000 1020.0000  5.0000   0.00 290.00   5.00   0.00 1221.0000 25.0000  0.00    100    100    100
  0.004 1014.7660  3.7080   0.28 289.27   4.45  -0.26 1216.4220 21.2200  0.47   9062   9062   9062
  0.500  956.9730  3.4380   0.20 288.89   5.42   0.49 1150.0680 21.9130 -0.38   9062   9062   9062
  1.000  902.1450  3.3480  -0.14 288.93   6.92   0.08 1085.4620 25.4240 -0.09   9062   9062   9062
  1.500  850.3300  3.6220  -0.54 287.42   7.25  -0.14 1029.1851 24.4570  0.10   9061   9061   9061
  2.000  801.2130  4.0630  -0.75 284.89   7.07  -0.24  978.6920 21.6150  0.18   9061   9061   9061
  2.500  754.4630  4.6440  -0.79 282.03   6.76  -0.32  931.1080 18.5820  0.24   9061   9061   9061
  3.000  710.0660  5.2220  -0.79 279.02   6.47  -0.40  885.8830 15.8380  0.29   9061   9061   9061
  3.500  667.7270  5.7430  -0.76 275.93   6.25  -0.45  842.4990 13.5560  0.32   9059   9059   9059
  4.000  627.4330  6.1960  -0.74 272.73   6.13  -0.50  801.0440 11.7880  0.35   9059   9059   9059
  4.500  589.1760  6.5910  -0.73 269.44   6.07  -0.53  761.4670 10.3630  0.34   9058   9058   9058
  5.000  552.8700  6.9050  -0.73 266.06   6.06  -0.53  723.6860  9.1920  0.32   9053   9053   9053
  5.500  518.4580  7.1670  -0.73 262.62   6.11  -0.52  687.6020  8.2480  0.31   9051   9051   9051
  6.000  485.7670  7.4750  -0.72 259.11   6.18  -0.49  653.0190  7.3880  0.27   9048   9048   9048
  6.500  454.5860  7.6590  -0.69 255.50   6.27  -0.45  619.7730  6.7140  0.25   9040   9040   9040
  7.000  425.0970  7.8010  -0.66 251.82   6.34  -0.40  588.0740  6.0950  0.28   9038   9038   9038
  7.500  397.2490  7.9450  -0.66 248.09   6.35  -0.32  557.8210  5.5370  0.13   9030   9030   9030
  8.000  370.5770  8.0320  -0.59 244.31   6.34  -0.24  528.4340  5.1500 -0.10   9023   9023   9023
  8.500  345.4150  8.0330  -0.56 240.50   6.31  -0.16  500.3580  5.0350 -0.51   9014   9014   9014
  9.000  321.6670  8.0200  -0.51 236.72   6.23  -0.07  473.4020  5.1220 -1.12   8999   8999   8999
  9.500  299.3070  8.0010  -0.47 233.03   6.11   0.00  447.4660  5.6130 -1.74   8984   8984   8984
 10.000  278.0330  7.9510  -0.37 229.43   5.97   0.06  422.1850  6.3400 -2.09   8962   8962   8962
 10.500  258.0610  7.7340  -0.31 226.07   5.78   0.09  397.6870  7.2930 -2.09   8935   8935   8935
 11.000  239.2970  7.5740  -0.23 223.07   5.60   0.05  373.7300  8.4800 -1.87   8909   8909   8909
 11.500  221.5580  7.2300  -0.16 220.52   5.38  -0.06  350.0630  9.5890 -1.56   8895   8895   8895
 12.000  205.0870  6.8500  -0.09 218.44   5.14  -0.21  327.1450 10.5330 -1.20   8859   8859   8859
 12.500  189.7310  6.5110  -0.01 216.86   4.82  -0.35  304.8960 11.1950 -0.84   8809   8809   8809
 13.000  175.3500  6.0100   0.03 215.58   4.40  -0.37  283.4790 11.3350 -0.54   8769   8769   8769
 13.500  162.0110  5.5310   0.07 214.43   4.01  -0.19  263.3380 11.2190 -0.28   8701   8701   8701
 14.000  149.6720  5.0290   0.09 213.24   3.84   0.09  244.6650 10.9090 -0.09   8618   8618   8618
 14.500  138.1510  4.5880   0.11 211.94   3.92   0.14  227.2360 10.5260  0.05   8498   8498   8498
 15.000  127.4270  4.1110   0.12 210.70   4.11   0.08  210.8500  9.9230  0.13   8328   8328   8328
 15.500  117.5190  3.6910   0.12 209.63   4.27   0.03  195.4530  9.1940  0.16   8202   8202   8202
 16.000  108.3330  3.2960   0.12 208.89   4.26   0.06  180.8080  8.2610  0.14   7986   7986   7986
 16.500  101.4780  2.5860  -0.69 207.07   3.76   0.25  170.8150  6.2580 -0.46   4638   4638   4638
 17.000   91.9880  2.5850   0.06 207.00   3.76   0.17  154.9010  6.3130  0.04   1858   1858   1858
 17.500   84.6960  2.3370   0.08 207.24   3.52   0.15  142.4410  5.4240  0.01   1754   1754   1754
 18.000   78.0460  2.1190   0.07 207.78   3.20   0.11  130.9010  4.5390 -0.02   1687   1687   1687
 18.500   71.9600  1.9230   0.07 208.42   2.94   0.00  120.3060  3.8120 -0.08   1640   1640   1640
 19.000   66.3960  1.7810   0.03 209.17   2.80  -0.22  110.5950  3.2230 -0.15   1572   1572   1572
 19.500   61.2950  1.6560  -0.03 210.09   2.68  -0.45  101.6470  2.7640 -0.22   1480   1480   1480
 20.000   56.5930  1.5380  -0.08 210.91   2.65  -0.71   93.4820  2.3990 -0.30   1382   1382   1382
 20.500   52.2460  1.4370  -0.11 211.80   2.61  -0.74   85.9340  2.0750 -0.32   1300   1300   1300
 21.000   48.2620  1.3540  -0.15 212.69   2.60  -0.77   79.0460  1.8680 -0.31   1224   1224   1224
 21.500   44.5640  1.2920  -0.14 213.52   2.68  -0.80   72.7040  1.6980 -0.23   1135   1135   1135
 22.000   41.1580  1.2220  -0.15 214.38   2.72  -0.80   66.8750  1.5620 -0.16   1067   1067   1067
 22.500   38.0140  1.1640  -0.15 215.27   2.79  -0.85   61.5110  1.4540 -0.10   1002   1002   1002
 23.000   35.1180  1.1020  -0.15 216.11   2.92  -0.89   56.6010  1.3400 -0.05    945    945    945
 23.500   32.4570  1.0420  -0.14 217.02   3.01  -0.86   52.0920  1.2410 -0.04    913    913    913
 24.000   30.0220  0.9730  -0.14 217.91   3.07  -0.74   47.9870  1.1290 -0.04    883    883    883
 24.500   27.7960  0.9300  -0.13 218.76   3.14  -0.71   44.2550  1.0640 -0.05    864    864    864
 25.000   25.7220  0.8820  -0.13 219.60   3.20  -0.69   40.7960  1.0030 -0.02    844    844    844
 25.500   23.8100  0.8390  -0.14 220.42   3.29  -0.60   37.6220  0.9420 -0.00    826    826    826
 26.000   22.0500  0.8010  -0.17 221.29   3.42  -0.57   34.7040  0.8980 -0.03    809    809    809
 26.500   20.4450  0.7440  -0.18 222.23   3.51  -0.54   32.0400  0.8290 -0.03    788    788    788
 27.000   18.9510  0.7120  -0.18 223.08   3.63  -0.55   29.5850  0.7950 -0.03    765    765    765
 27.500   17.5650  0.6780  -0.19 224.00   3.81  -0.59   27.3090  0.7610 -0.06    746    746    746
 28.000   16.2840  0.6410  -0.20 224.89   3.80  -0.55   25.2160  0.7320 -0.10    728    728    728
 28.500   15.1000  0.6080  -0.20 225.73   3.77  -0.53   23.2960  0.7070 -0.13    710    710    710
 29.000   14.0130  0.5770  -0.22 226.70   3.76  -0.50   21.5250  0.6810 -0.18    696    696    696
 29.500   12.9940  0.5470  -0.20 227.58   3.75  -0.49   19.8830  0.6600 -0.17    668    668    668
 30.000   12.0750  0.5200  -0.25 228.58   3.75  -0.50   18.3950  0.6360 -0.19    625    625    625
