      72293      34.73N  120.57W
     T A B L E  II -   1.  T H E R M O D Y N A M I C  S T A T I S T I C A L  P A R A M E T E R S
                                   January
 Station =   72293      Vandenberg AFB, CA
    Z      MEAN P   SD P   SKEWP  MEAN T  SD T  SKEWT    MEAN D   SD D  SKEWD  NOBSP  NOBST  NOBSD
    KM       MB       MB             K      K             G/M3    G/M3                           
  0.000 1020.0000  5.0000   0.00 290.00   5.00   0.00 1221.0000 25.0000  0.00    100    100    100
  0.100 1004.0460  6.8980  -0.96 285.18   4.05  -0.01 1222.3630 21.0960  0.39   1134   1134   1134
  0.500  960.2960  4.8670  -0.88 285.32   4.44   0.51 1169.1720 17.4030 -0.14   1134   1134   1134
  1.000  904.3800  4.8410  -0.89 283.33   4.99   0.13 1109.5470 17.3780  0.12   1134   1134   1134
  1.500  851.4850  5.0890  -0.77 280.99   5.12  -0.13 1053.8400 15.9960  0.33   1134   1134   1134
  2.000  801.0570  5.3410  -0.70 278.47   5.09  -0.28 1000.6960 14.2490  0.52   1134   1134   1134
  2.500  753.3070  5.6830  -0.61 275.94   5.04  -0.37  949.9390 12.4910  0.61   1134   1134   1134
  3.000  708.0070  5.9890  -0.55 273.24   4.95  -0.49  901.8130 10.9280  0.75   1134   1134   1134
  3.500  664.8980  6.2910  -0.54 270.32   4.86  -0.59  856.2040  9.6010  0.85   1134   1134   1134
  4.000  623.9900  6.5630  -0.52 267.30   4.81  -0.68  812.7030  8.5290  0.86   1134   1134   1134
  4.500  585.1540  6.7620  -0.52 264.21   4.78  -0.79  771.1340  7.6780  0.90   1134   1134   1134
  5.000  548.3700  6.9130  -0.53 260.95   4.76  -0.88  731.7450  6.9580  0.84   1134   1134   1134
  5.500  513.5490  6.9940  -0.55 257.56   4.76  -0.96  694.3710  6.5680  0.72   1134   1134   1134
  6.000  480.5640  7.1340  -0.60 254.07   4.73  -0.94  658.7370  6.0470  0.07   1133   1133   1133
  6.500  448.9920  7.1640  -0.61 250.46   4.73  -0.88  624.3590  5.7630 -0.29   1133   1133   1133
  7.000  419.2070  7.1470  -0.63 246.79   4.70  -0.83  591.6360  5.4110 -0.36   1132   1132   1132
  7.500  391.3220  7.1850  -0.69 243.20   4.57  -0.62  560.4600  5.3260 -0.63   1129   1129   1129
  8.000  364.3640  7.1050  -0.62 239.43   4.36  -0.35  530.0880  5.5310 -0.95   1128   1128   1128
  8.500  338.9940  6.9580  -0.58 235.66   4.19  -0.18  501.0880  6.0810 -1.27   1126   1126   1126
  9.000  315.1760  6.7620  -0.53 231.95   4.03  -0.02  473.3420  6.9160 -1.53   1124   1124   1124
  9.500  293.0470  6.5380  -0.54 228.38   3.86   0.13  447.0010  8.0240 -1.67   1122   1122   1122
 10.000  271.6570  6.3250  -0.41 224.93   3.84   0.33  420.7740  9.1530 -1.63   1120   1120   1120
 10.500  251.8150  5.8270  -0.34 221.84   3.93   0.62  395.5250 10.2440 -1.44   1114   1114   1114
 11.000  233.1060  5.6140  -0.25 219.52   4.16   0.84  370.0590 11.4830 -1.04   1110   1110   1110
 11.500  215.4980  5.1170  -0.18 217.77   4.74   0.74  344.9330 12.3580 -0.70   1109   1109   1109
 12.000  199.3610  4.4940  -0.16 216.50   5.51   0.35  321.0700 12.7770 -0.35   1106   1106   1106
 12.500  184.3090  4.1820  -0.10 216.37   5.39   0.13  297.0100 12.1000 -0.08   1103   1103   1103
 13.000  170.2520  3.7050  -0.08 215.98   5.08  -0.13  274.8340 10.8030  0.11   1101   1101   1101
 13.500  157.2900  3.2790  -0.08 215.35   4.71  -0.38  254.6310  9.5190  0.23   1100   1100   1100
 14.000  145.5410  2.8360  -0.08 214.55   4.42  -0.56  236.4690  8.2900  0.26   1088   1088   1088
 14.500  134.2790  2.5800  -0.05 213.63   3.93  -0.43  219.0900  7.2960  0.12   1085   1085   1085
 15.000  123.8980  2.2880  -0.05 212.49   3.67  -0.16  203.2230  6.5240 -0.00   1083   1083   1083
 15.500  114.3030  2.0350  -0.04 211.25   3.59   0.04  188.5880  5.9750 -0.06   1078   1078   1078
 16.000  105.4360  1.8070  -0.04 209.95   3.60   0.17  175.0350  5.4960 -0.11   1077   1077   1077
 16.500   97.5240  1.4810  -0.05 208.97   3.79   0.14  162.6670  4.9840 -0.08   1008   1008   1008
 17.000   89.8630  1.2980  -0.01 208.54   3.70   0.19  150.1940  4.4370 -0.08   1003   1003   1003
 17.500   82.7950  1.1380  -0.02 208.19   3.62   0.17  138.6040  3.9050 -0.09   1001   1001   1001
 18.000   76.2840  0.9990   0.01 207.94   3.54   0.11  127.8520  3.4060 -0.07   1000   1000   1000
 18.500   70.3370  0.8160   0.12 207.71   3.57   0.04  118.0130  2.8830  0.03    984    984    984
 19.000   64.8510  0.7330  -0.08 208.19   3.52   0.03  108.5520  2.5220 -0.01    955    955    955
 19.500   59.7680  0.6720  -0.13 208.68   3.50  -0.10   99.8090  2.1840 -0.01    953    953    953
 20.000   55.0880  0.6210  -0.12 209.12   3.46  -0.22   91.7940  1.8720  0.05    951    951    951
 20.500   50.7920  0.5760  -0.00 209.58   3.48  -0.37   84.4500  1.6130  0.14    943    943    943
 21.000   46.9050  0.5570   0.16 210.18   3.57  -0.47   77.7620  1.4100  0.20    921    921    921
 21.500   43.2750  0.5510   0.25 210.87   3.54  -0.50   71.5060  1.2140  0.11    912    912    912
 22.000   39.9340  0.5470   0.36 211.46   3.59  -0.60   65.8000  1.0660  0.13    911    911    911
 22.500   36.8580  0.5600   0.60 212.03   3.61  -0.56   60.5670  0.9570  0.20    903    903    903
 23.000   34.0310  0.5640   0.60 212.54   3.56  -0.54   55.7860  0.8570  0.25    901    901    901
 23.500   31.4390  0.5750   0.56 213.03   3.51  -0.45   51.4150  0.7880  0.37    895    895    895
 24.000   29.0280  0.4920   0.30 213.64   3.41  -0.44   47.3380  0.6640  0.39    863    863    863
 24.500   26.8430  0.5110   0.47 214.26   3.34  -0.47   43.6450  0.6600  0.82    852    852    852
 25.000   24.8360  0.5410   0.56 214.85   3.30  -0.49   40.2710  0.6930  1.11    839    839    839
 25.500   22.9720  0.5430   0.54 215.42   3.34  -0.38   37.1480  0.7000  1.09    831    831    831
 26.000   21.2540  0.5460   0.53 215.99   3.36  -0.36   34.2780  0.7060  1.07    822    822    822
 26.500   19.5830  0.4310   0.12 216.61   3.39  -0.13   31.4920  0.5250  0.38    746    746    746
 27.000   18.1440  0.4400   0.14 217.26   3.38   0.02   29.0910  0.5730  0.52    719    719    719
 27.500   16.8400  0.4570   0.12 217.99   3.41   0.20   26.9090  0.6140  0.49    693    693    693
 28.000   15.6040  0.4390   0.07 218.73   3.43   0.25   24.8500  0.6070  0.42    670    670    670
 28.500   14.4620  0.4320   0.17 219.49   3.48   0.28   22.9510  0.6050  0.31    628    628    628
 29.000   13.3970  0.4100   0.10 220.39   3.52   0.20   21.1740  0.5960  0.04    581    581    581
 29.500   12.3880  0.3890   0.11 221.26   3.70   0.16   19.5030  0.5850 -0.05    509    509    509
 30.000   11.4410  0.3520   0.12 222.08   3.86  -0.03   17.9460  0.5550 -0.24    356    356    356
     T A B L E  II -   2.  T H E R M O D Y N A M I C  S T A T I S T I C A L  P A R A M E T E R S
                                  February
 Station =   72293      Vandenberg AFB, CA
    Z      MEAN P   SD P   SKEWP  MEAN T  SD T  SKEWT    MEAN D   SD D  SKEWD  NOBSP  NOBST  NOBSD
    KM       MB       MB             K      K             G/M3    G/M3                           
  0.000 1020.0000  5.0000   0.00 290.00   5.00   0.00 1221.0000 25.0000  0.00    100    100    100
  0.100 1003.0230  7.3460  -1.04 284.85   4.05   0.36 1222.5360 20.7770 -0.08   1075   1075   1075
  0.500  958.8150  5.1030  -0.64 284.48   4.59   0.91 1170.8710 18.3520 -0.69   1076   1076   1076
  1.000  902.7970  4.9590  -0.66 282.17   5.28   0.55 1112.2321 18.7750 -0.44   1076   1076   1076
  1.500  849.8040  5.1650  -0.47 279.68   5.53   0.25 1056.8380 17.7180 -0.14   1076   1076   1076
  2.000  799.2430  5.4890  -0.38 277.20   5.45   0.04 1003.2220 15.6960  0.12   1076   1076   1076
  2.500  751.3390  5.8400  -0.28 274.67   5.38  -0.17  952.0220 13.7570  0.36   1076   1076   1076
  3.000  705.9860  6.1440  -0.22 271.99   5.31  -0.35  903.5070 12.1600  0.55   1076   1076   1076
  3.500  662.7710  6.4840  -0.22 269.09   5.22  -0.45  857.4780 10.7300  0.62   1076   1076   1076
  4.000  621.7460  6.7770  -0.22 266.02   5.17  -0.50  813.7760  9.5480  0.58   1076   1076   1076
  4.500  582.8740  7.0080  -0.24 262.89   5.01  -0.49  772.0510  8.1960  0.42   1076   1076   1076
  5.000  546.0540  7.1610  -0.26 259.64   4.94  -0.51  732.3960  7.3080  0.37   1076   1076   1076
  5.500  511.2390  7.2310  -0.28 256.30   4.90  -0.50  694.6910  6.7290  0.14   1076   1076   1076
  6.000  478.2480  7.3830  -0.32 252.80   4.92  -0.47  658.8900  6.2310 -0.10   1075   1075   1075
  6.500  446.6730  7.4260  -0.31 249.18   4.90  -0.45  624.3650  5.8000 -0.26   1075   1075   1075
  7.000  416.8800  7.4230  -0.30 245.47   4.83  -0.38  591.5380  5.5720 -0.42   1074   1074   1074
  7.500  389.0380  7.4400  -0.34 241.81   4.72  -0.28  560.4060  5.5210 -0.57   1073   1073   1073
  8.000  362.0570  7.3560  -0.29 238.03   4.53  -0.16  529.8300  5.6410 -0.65   1073   1073   1073
  8.500  336.6830  7.2000  -0.24 234.30   4.30  -0.04  500.5530  6.1310 -0.87   1072   1072   1072
  9.000  312.8950  6.9700  -0.19 230.66   4.10   0.07  472.5460  6.8690 -1.01   1071   1071   1071
  9.500  290.8280  6.7570  -0.19 227.29   3.91   0.24  445.7450  8.1710 -1.15   1067   1067   1067
 10.000  269.4700  6.4820  -0.11 224.07   3.91   0.49  418.9790  9.4080 -1.11   1062   1062   1062
 10.500  249.8070  5.9860  -0.09 221.29   4.14   0.73  393.3610 10.7070 -0.98   1058   1058   1058
 11.000  231.1560  5.7450   0.01 219.38   4.48   0.88  367.2290 12.0530 -0.69   1054   1054   1054
 11.500  213.6760  5.2270   0.09 218.03   5.20   0.61  341.6480 12.8370 -0.37   1053   1053   1053
 12.000  197.7830  4.6440   0.12 217.01   5.91   0.22  317.7920 13.0440 -0.10   1052   1052   1052
 12.500  182.8240  4.3330   0.20 217.18   5.31   0.03  293.4880 11.5960  0.13   1047   1047   1047
 13.000  168.9240  3.8960   0.25 217.10   4.63  -0.21  271.2280  9.8950  0.26   1043   1043   1043
 13.500  156.1220  3.5160   0.28 216.57   4.03  -0.37  251.2550  8.5720  0.31   1041   1041   1041
 14.000  144.5400  3.1530   0.25 215.77   3.65  -0.25  233.4680  7.5930  0.23   1035   1035   1035
 14.500  133.4280  2.8830   0.28 214.75   3.40  -0.16  216.5330  7.0530  0.26   1034   1034   1034
 15.000  123.1490  2.5880   0.29 213.60   3.31  -0.06  200.9340  6.5760  0.29   1033   1033   1033
 15.500  113.6630  2.3010   0.30 212.38   3.40  -0.05  186.5280  6.1690  0.31   1031   1031   1031
 16.000  104.8910  2.0530   0.28 211.13   3.55  -0.02  173.1560  5.7540  0.29   1029   1029   1029
 16.500   97.0690  1.7420   0.22 210.18   3.76  -0.06  160.9700  5.2520  0.31    960    960    960
 17.000   89.4610  1.5530   0.21 209.77   3.77  -0.06  148.6440  4.8000  0.34    957    957    957
 17.500   82.4570  1.3690   0.17 209.42   3.74  -0.08  137.2360  4.3040  0.35    953    953    953
 18.000   75.9980  1.2090   0.13 209.04   3.65  -0.03  126.7090  3.7890  0.29    950    950    950
 18.500   70.1340  0.9980   0.13 208.75   3.63   0.02  117.0900  3.2310  0.31    932    932    932
 19.000   64.6710  0.9160  -0.00 209.22   3.52   0.00  107.7240  2.8240  0.24    903    903    903
 19.500   59.6220  0.8290  -0.03 209.63   3.45   0.03   99.1130  2.4670  0.21    901    901    901
 20.000   54.9690  0.7580  -0.00 210.08   3.29  -0.00   91.1790  2.0820  0.16    900    900    900
 20.500   50.7130  0.6810   0.18 210.50   3.18  -0.05   83.9460  1.7510  0.13    886    886    886
 21.000   46.8510  0.6310   0.06 211.20   3.10  -0.09   77.2910  1.4660  0.09    861    861    861
 21.500   43.2410  0.6100   0.12 211.76   2.96  -0.17   71.1460  1.2660  0.08    855    855    855
 22.000   39.9140  0.5880   0.31 212.34   2.87  -0.34   65.4910  1.1080  0.14    852    852    852
 22.500   36.8450  0.5660   0.32 212.85   2.78  -0.50   60.3090  0.9740  0.17    849    849    849
 23.000   34.0180  0.5500   0.33 213.35   2.75  -0.56   55.5500  0.8720  0.17    843    843    843
 23.500   31.4300  0.5530   0.40 213.82   2.80  -0.56   51.2090  0.8230  0.31    838    838    838
 24.000   29.0530  0.4860   0.23 214.37   2.71  -0.53   47.2140  0.6910  0.22    814    814    814
 24.500   26.8690  0.5000   0.53 214.99   2.58  -0.47   43.5380  0.6940  0.59    811    811    811
 25.000   24.8420  0.4880   0.51 215.58   2.55  -0.37   40.1430  0.6770  0.68    805    805    805
 25.500   22.9690  0.4720   0.50 216.21   2.62  -0.21   37.0070  0.6620  0.73    797    797    797
 26.000   21.2490  0.4550   0.42 216.86   2.67  -0.03   34.1330  0.6520  0.63    782    782    782
 26.500   19.6410  0.3870   0.18 217.55   2.77   0.00   31.4500  0.5200  0.09    701    701    701
 27.000   18.1750  0.3740   0.17 218.22   2.80   0.17   29.0130  0.5240  0.27    675    675    675
 27.500   16.8520  0.3820   0.34 219.01   2.89   0.12   26.8030  0.5510  0.60    638    638    638
 28.000   15.6150  0.3680   0.32 219.83   2.97   0.15   24.7430  0.5510  0.58    615    615    615
 28.500   14.4740  0.3500   0.25 220.78   3.06   0.11   22.8350  0.5370  0.44    560    560    560
 29.000   13.4000  0.3300   0.23 221.64   3.24   0.16   21.0590  0.5030  0.37    519    519    519
 29.500   12.4130  0.3080   0.20 222.59   3.31   0.11   19.4240  0.4750  0.35    439    439    439
 30.000   11.4960  0.2780   0.14 223.80   3.54   0.19   17.8920  0.4060  0.23    292    292    292
     T A B L E  II -   3.  T H E R M O D Y N A M I C  S T A T I S T I C A L  P A R A M E T E R S
                                     March
 Station =   72293      Vandenberg AFB, CA
    Z      MEAN P   SD P   SKEWP  MEAN T  SD T  SKEWT    MEAN D   SD D  SKEWD  NOBSP  NOBST  NOBSD
    KM       MB       MB             K      K             G/M3    G/M3                           
  0.000 1020.0000  5.0000   0.00 290.00   5.00   0.00 1221.0000 25.0000  0.00    100    100    100
  0.100 1003.1160  6.0150  -0.84 285.32   3.46   0.27 1220.1470 17.0350  0.07   1122   1122   1122
  0.500  958.8490  3.6730  -0.65 285.21   4.58   0.64 1167.5260 18.0460 -0.52   1123   1123   1123
  1.000  903.1260  3.7580  -0.67 283.89   5.21   0.11 1105.7111 18.4960 -0.10   1123   1123   1123
  1.500  850.3470  4.0620  -0.64 281.69   5.39  -0.20 1049.8790 17.1290  0.18   1123   1123   1123
  2.000  800.1470  4.4240  -0.66 279.16   5.26  -0.40  997.2600 15.0620  0.39   1123   1123   1123
  2.500  752.5310  4.8610  -0.65 276.62   5.02  -0.58  946.7770 12.6870  0.59   1123   1123   1123
  3.000  707.3860  5.2490  -0.64 273.91   4.89  -0.70  898.9300 10.9150  0.73   1123   1123   1123
  3.500  664.4210  5.6320  -0.70 270.98   4.82  -0.81  853.5850  9.5690  0.79   1123   1123   1123
  4.000  623.5940  5.9020  -0.74 267.96   4.72  -0.89  810.2800  8.3290  0.77   1122   1122   1122
  4.500  584.8570  6.1220  -0.80 264.77   4.63  -1.00  769.1800  7.3040  0.67   1122   1122   1122
  5.000  548.1530  6.3080  -0.84 261.40   4.58  -1.04  730.2530  6.5470  0.46   1122   1122   1122
  5.500  513.4110  6.4370  -0.88 257.91   4.54  -1.07  693.2800  5.9300  0.29   1122   1122   1122
  6.000  480.5490  6.6460  -0.92 254.32   4.53  -1.08  658.0970  5.4400  0.04   1122   1122   1122
  6.500  448.9780  6.6640  -0.94 250.59   4.48  -1.01  624.0450  5.0300 -0.15   1122   1122   1122
  7.000  419.1870  6.6590  -0.96 246.84   4.38  -0.87  591.5100  4.7390 -0.27   1122   1122   1122
  7.500  391.3830  6.7510  -0.99 243.09   4.22  -0.63  560.8100  4.7450 -0.39   1122   1122   1122
  8.000  364.3540  6.6790  -0.93 239.22   4.01  -0.42  530.5410  4.9360 -0.79   1122   1122   1122
  8.500  338.9230  6.5060  -0.87 235.37   3.78  -0.22  501.5850  5.4120 -1.38   1122   1122   1122
  9.000  315.0500  6.2760  -0.77 231.58   3.55  -0.07  473.9010  6.1100 -1.84   1120   1120   1120
  9.500  292.9440  6.0910  -0.76 227.94   3.29   0.14  447.6980  7.1990 -2.07   1120   1120   1120
 10.000  271.5130  5.8880  -0.62 224.38   3.24   0.19  421.5660  8.3170 -2.05   1119   1119   1119
 10.500  251.6710  5.3940  -0.55 221.07   3.40   0.55  396.6480  9.3020 -1.92   1118   1118   1118
 11.000  232.9180  5.2000  -0.41 218.56   3.73   1.07  371.3520 10.4560 -1.51   1118   1118   1118
 11.500  215.2240  4.7310  -0.30 216.63   4.42   0.95  346.2810 11.3410 -1.05   1117   1117   1117
 12.000  199.0790  4.1570  -0.28 215.20   5.34   0.58  322.5210 11.9690 -0.64   1115   1115   1115
 12.500  183.9890  3.9050  -0.20 215.38   5.15   0.26  297.8190 11.2040 -0.31   1114   1114   1114
 13.000  169.9070  3.4770  -0.14 215.41   4.73  -0.08  274.9660  9.8230 -0.09   1114   1114   1114
 13.500  156.9430  3.1070  -0.09 215.13   4.21  -0.24  254.2800  8.4980  0.01   1111   1111   1111
 14.000  145.1810  2.7660  -0.09 214.56   3.81  -0.34  235.8290  7.3830  0.05   1103   1103   1103
 14.500  133.9680  2.5110  -0.05 213.83   3.41  -0.17  218.3430  6.5940 -0.03   1098   1098   1098
 15.000  123.6350  2.2450  -0.04 212.90   3.18   0.01  202.3750  5.9610 -0.11   1097   1097   1097
 15.500  114.0960  1.9910  -0.01 211.90   3.18   0.11  187.6500  5.5210 -0.07   1096   1096   1096
 16.000  105.2810  1.7650   0.01 210.86   3.28   0.11  174.0120  5.1200 -0.02   1091   1091   1091
 16.500   97.3770  1.4620   0.05 210.05   3.44   0.04  161.5730  4.6490  0.06   1011   1011   1011
 17.000   89.7580  1.2870   0.03 209.71   3.39  -0.03  149.1680  4.1480  0.07   1008   1008   1008
 17.500   82.7320  1.1360  -0.01 209.47   3.33   0.03  137.6440  3.6640  0.03   1006   1006   1006
 18.000   76.2610  1.0000  -0.03 209.27   3.31   0.06  126.9940  3.2300 -0.01   1004   1004   1004
 18.500   70.3510  0.8230   0.22 209.08   3.32   0.07  117.2600  2.7600  0.02    987    987    987
 19.000   64.9050  0.7510   0.06 209.53   3.20   0.11  107.9440  2.4260 -0.10    968    968    968
 19.500   59.8490  0.6850   0.06 210.02   3.00   0.08   99.2970  2.0740 -0.14    966    966    966
 20.000   55.1880  0.6210   0.09 210.55   2.87   0.04   91.3300  1.7750 -0.10    963    963    963
 20.500   50.9140  0.5810   0.36 211.03   2.72  -0.00   84.0650  1.4900 -0.07    960    960    960
 21.000   47.0370  0.5300   0.29 211.70   2.55  -0.05   77.4120  1.2700 -0.09    928    928    928
 21.500   43.4120  0.5050   0.41 212.36   2.44  -0.11   71.2230  1.1140 -0.01    925    925    925
 22.000   40.1070  0.5270   0.75 212.96   2.32  -0.18   65.6140  1.0190  0.06    920    920    920
 22.500   37.0490  0.5160   0.88 213.50   2.21  -0.12   60.4560  0.9180  0.17    916    916    916
 23.000   34.2240  0.4970   0.80 213.98   2.05  -0.09   55.7190  0.8330  0.34    913    913    913
 23.500   31.6310  0.5020   0.95 214.49   2.02  -0.12   51.3760  0.8060  0.69    910    910    910
 24.000   29.2230  0.4010   0.45 215.06   1.97   0.03   47.3370  0.6490  0.37    898    898    898
 24.500   27.0430  0.4280   0.92 215.73   1.92   0.07   43.6690  0.6700  0.89    891    891    891
 25.000   25.0200  0.4280   0.99 216.34   1.99   0.11   40.2880  0.6690  0.91    884    884    884
 25.500   23.1510  0.4130   0.93 217.06   2.09   0.14   37.1550  0.6640  0.88    877    877    877
 26.000   21.4370  0.4020   0.88 217.73   2.16   0.17   34.2980  0.6540  0.91    863    863    863
 26.500   19.7840  0.3150   0.98 218.54   2.42   0.30   31.5350  0.5250  0.83    766    766    766
 27.000   18.3360  0.3170   0.73 219.34   2.56   0.52   29.1210  0.5110  0.51    727    727    727
 27.500   16.9860  0.3110   0.74 220.21   2.74   0.59   26.8710  0.5020  0.40    695    695    695
 28.000   15.7420  0.3050   0.78 221.22   2.99   0.64   24.7880  0.4980  0.36    669    669    669
 28.500   14.5910  0.2930   0.88 222.26   3.19   0.70   22.8680  0.4720  0.43    611    611    611
 29.000   13.5250  0.2790   0.82 223.24   3.40   0.75   21.1040  0.4480  0.41    555    555    555
 29.500   12.5350  0.2550   0.91 224.33   3.75   0.83   19.4640  0.4250  0.48    484    484    484
 30.000   11.5970  0.2140   1.04 224.96   3.50   0.44   17.9580  0.3520  0.47    319    319    319
     T A B L E  II -   4.  T H E R M O D Y N A M I C  S T A T I S T I C A L  P A R A M E T E R S
                                     April
 Station =   72293      Vandenberg AFB, CA
    Z      MEAN P   SD P   SKEWP  MEAN T  SD T  SKEWT    MEAN D   SD D  SKEWD  NOBSP  NOBST  NOBSD
    KM       MB       MB             K      K             G/M3    G/M3                           
  0.000 1020.0000  5.0000   0.00 290.00   5.00   0.00 1221.0000 25.0000  0.00    100    100    100
  0.100 1002.2440  5.6160  -0.81 285.19   3.27   0.44 1219.6390 15.6620 -0.01   1046   1046   1046
  0.500  958.0620  2.8950  -0.05 285.08   4.57   0.80 1167.1820 18.4130 -0.63   1046   1046   1046
  1.000  902.4170  2.8680  -0.25 284.59   5.18   0.10 1102.1570 19.0930 -0.03   1046   1046   1046
  1.500  849.8940  3.1450  -0.23 282.54   5.33  -0.19 1046.1580 17.8790  0.24   1046   1046   1046
  2.000  799.8510  3.4870  -0.35 280.08   5.16  -0.41  993.6690 15.7470  0.45   1046   1046   1046
  2.500  752.3910  3.9290  -0.38 277.54   4.91  -0.59  943.4990 13.3970  0.63   1046   1046   1046
  3.000  707.4090  4.2980  -0.39 275.00   4.77  -0.80  895.4290 11.6640  0.86   1046   1046   1046
  3.500  664.6510  4.6680  -0.55 272.20   4.64  -0.92  850.0580 10.0790  0.91   1046   1046   1046
  4.000  623.9630  4.9870  -0.62 269.21   4.46  -0.97  806.9760  8.5170  0.77   1046   1046   1046
  4.500  585.3790  5.2410  -0.68 266.08   4.39  -1.04  766.0610  7.5700  0.70   1046   1046   1046
  5.000  548.8070  5.4490  -0.76 262.76   4.36  -1.07  727.3230  6.8530  0.56   1046   1046   1046
  5.500  514.2110  5.5610  -0.80 259.33   4.32  -1.11  690.5330  6.1840  0.50   1046   1046   1046
  6.000  481.4690  5.7830  -0.88 255.83   4.26  -1.13  655.4720  5.5120  0.20   1046   1046   1046
  6.500  450.0020  5.8550  -0.91 252.15   4.14  -0.99  621.5940  4.8910 -0.01   1045   1045   1045
  7.000  420.3300  5.8590  -0.92 248.41   4.00  -0.89  589.3730  4.4730 -0.09   1044   1044   1044
  7.500  392.6470  5.9160  -0.98 244.67   3.83  -0.74  558.9820  4.2740 -0.37   1044   1044   1044
  8.000  365.7080  5.8830  -0.88 240.81   3.63  -0.47  528.9870  4.3320 -0.79   1044   1044   1044
  8.500  340.3480  5.7730  -0.82 236.95   3.43  -0.23  500.3480  4.6500 -1.31   1044   1044   1044
  9.000  316.5110  5.6080  -0.73 233.09   3.23  -0.09  473.0130  5.1470 -1.79   1044   1044   1044
  9.500  294.4500  5.4120  -0.75 229.36   3.05  -0.03  447.2100  5.9440 -2.17   1043   1043   1043
 10.000  273.0770  5.2960  -0.60 225.63   2.97   0.09  421.6320  6.7840 -2.26   1040   1040   1040
 10.500  253.1620  4.8640  -0.48 222.09   2.94   0.37  397.1250  7.4120 -2.11   1040   1040   1040
 11.000  234.4120  4.7360  -0.43 219.07   3.00   0.89  372.8240  8.5130 -1.76   1040   1040   1040
 11.500  216.5800  4.3500  -0.29 216.48   3.46   1.19  348.6390  9.5470 -1.36   1040   1040   1040
 12.000  200.2620  3.8030  -0.21 214.51   4.30   0.91  325.3970 10.4030 -0.97   1039   1039   1039
 12.500  185.0800  3.6020  -0.15 214.33   4.44   0.57  301.0170 10.4670 -0.50   1036   1036   1036
 13.000  170.8710  3.1710  -0.11 214.32   4.51   0.05  277.9190  9.7280 -0.10   1034   1034   1034
 13.500  157.7660  2.7870  -0.07 214.17   4.47  -0.38  256.7880  8.8200  0.19   1034   1034   1034
 14.000  145.8890  2.3790  -0.04 213.84   4.28  -0.65  237.7990  7.5980  0.37   1022   1022   1022
 14.500  134.6030  2.1330  -0.02 213.36   3.78  -0.58  219.8790  6.5660  0.29   1019   1019   1019
 15.000  124.2060  1.8970  -0.02 212.79   3.47  -0.37  203.4250  5.7570  0.18   1019   1019   1019
 15.500  114.6190  1.6790  -0.05 212.07   3.30  -0.30  188.3570  5.1240  0.16   1016   1016   1016
 16.000  105.7570  1.4830  -0.06 211.28   3.33  -0.30  174.4440  4.6710  0.17   1014   1014   1014
 16.500   97.8400  1.2250  -0.10 210.65   3.49  -0.20  161.8670  4.1960  0.16    954    954    954
 17.000   90.2050  1.1010  -0.12 210.51   3.44  -0.16  149.3350  3.7760  0.09    949    949    949
 17.500   83.1830  0.9810  -0.11 210.38   3.36  -0.20  137.7920  3.3310  0.06    949    949    949
 18.000   76.7010  0.8730  -0.09 210.28   3.21  -0.17  127.1100  2.8890  0.00    949    949    949
 18.500   70.7510  0.7390   0.16 210.23   3.13  -0.14  117.2740  2.4630  0.04    943    943    943
 19.000   65.3620  0.6450   0.05 210.81   2.94  -0.07  108.0380  2.0860 -0.03    932    932    932
 19.500   60.2950  0.6150   0.00 211.33   2.77  -0.03   99.4110  1.8180 -0.16    929    929    929
 20.000   55.6320  0.5780   0.14 211.79   2.60  -0.01   91.5240  1.5610 -0.21    926    926    926
 20.500   51.3360  0.5440   0.19 212.25   2.39  -0.01   84.2680  1.3310 -0.25    925    925    925
 21.000   47.4530  0.4740   0.20 212.96   2.20   0.02   77.6340  1.1090 -0.27    918    918    918
 21.500   43.8320  0.4630   0.31 213.65   2.06  -0.14   71.4760  0.9720 -0.15    915    915    915
 22.000   40.5000  0.4650   0.50 214.32   1.97  -0.16   65.8360  0.8940 -0.05    913    913    913
 22.500   37.4330  0.4800   0.97 215.02   1.91   0.06   60.6500  0.8590  0.43    911    911    911
 23.000   34.6070  0.4800   0.94 215.66   1.94  -0.02   55.9030  0.8320  0.52    907    907    907
 23.500   32.0050  0.4870   1.03 216.27   1.96  -0.01   51.5530  0.8150  0.82    902    902    902
 24.000   29.5680  0.3310   0.53 217.04   2.01   0.02   47.4590  0.5510  0.31    895    895    895
 24.500   27.3810  0.3700   0.79 217.88   2.03   0.12   43.7770  0.5790  0.66    885    885    885
 25.000   25.3490  0.3730   0.95 218.74   2.15   0.10   40.3700  0.5790  0.80    880    880    880
 25.500   23.4680  0.3700   0.99 219.61   2.31   0.05   37.2270  0.5760  0.97    878    878    878
 26.000   21.7260  0.3560   0.87 220.54   2.42   0.04   34.3170  0.5570  0.86    865    865    865
 26.500   20.1070  0.3170   1.08 221.58   2.62   0.03   31.6110  0.5060  0.63    794    794    794
 27.000   18.6230  0.2570   0.49 222.48   2.83  -0.00   29.1580  0.4150 -0.01    686    686    686
 27.500   17.2690  0.2690   0.49 223.60   2.98   0.04   26.9020  0.4250 -0.04    666    666    666
 28.000   16.0150  0.2620   0.57 224.66   3.04   0.05   24.8300  0.4110  0.16    639    639    639
 28.500   14.8590  0.2600   0.55 225.61   3.09   0.02   22.9400  0.3940  0.33    590    590    590
 29.000   13.7840  0.2510   0.52 226.68   3.26   0.10   21.1790  0.3790  0.30    538    538    538
 29.500   12.7890  0.2400   0.62 227.71   3.41   0.14   19.5600  0.3560  0.24    457    457    457
 30.000   11.8630  0.2230   0.51 228.52   3.41   0.03   18.0790  0.3150  0.19    324    324    324
     T A B L E  II -   5.  T H E R M O D Y N A M I C  S T A T I S T I C A L  P A R A M E T E R S
                                       May
 Station =   72293      Vandenberg AFB, CA
    Z      MEAN P   SD P   SKEWP  MEAN T  SD T  SKEWT    MEAN D   SD D  SKEWD  NOBSP  NOBST  NOBSD
    KM       MB       MB             K      K             G/M3    G/M3                           
  0.000 1020.0000  5.0000   0.00 290.00   5.00   0.00 1221.0000 25.0000  0.00    100    100    100
  0.100 1000.5430  5.4120  -0.92 285.83   3.23   0.73 1214.3130 14.4080 -0.32   1080   1080   1080
  0.500  956.5720  2.4630  -0.15 286.33   5.07   0.90 1159.6530 20.3410 -0.83   1082   1082   1082
  1.000  901.4610  2.5200  -0.42 287.65   5.74   0.04 1088.8459 20.7710 -0.03   1082   1082   1082
  1.500  849.6280  2.8390  -0.52 286.24   5.42  -0.21 1031.8330 17.8200  0.22   1082   1082   1082
  2.000  800.2530  3.2970  -0.58 283.75   5.19  -0.38  980.9370 15.3410  0.37   1082   1082   1082
  2.500  753.3450  3.7350  -0.59 281.17   4.85  -0.48  932.1850 12.7550  0.43   1082   1082   1082
  3.000  708.8610  4.1390  -0.58 278.49   4.58  -0.65  885.7890 10.7630  0.55   1081   1081   1081
  3.500  666.5510  4.4690  -0.68 275.61   4.43  -0.82  841.7680  9.2850  0.63   1081   1081   1081
  4.000  626.2660  4.7430  -0.76 272.60   4.34  -0.94  799.7630  8.2080  0.65   1081   1081   1081
  4.500  588.0100  4.9810  -0.81 269.43   4.28  -0.98  759.8270  7.2840  0.56   1081   1081   1081
  5.000  551.7030  5.1550  -0.87 266.11   4.25  -1.04  721.8860  6.6350  0.50   1081   1081   1081
  5.500  517.3240  5.2810  -0.90 262.67   4.24  -1.11  685.8390  6.0870  0.42   1081   1081   1081
  6.000  484.9150  5.4940  -0.96 259.15   4.28  -1.19  651.6450  5.6810  0.21   1079   1079   1079
  6.500  453.5420  5.5810  -1.00 255.50   4.30  -1.23  618.2590  5.2840  0.01   1061   1061   1061
  7.000  423.9720  5.6460  -1.04 251.79   4.29  -1.24  586.4830  4.9070 -0.16   1053   1053   1053
  7.500  396.4040  5.6510  -1.19 248.07   4.24  -1.21  556.5990  4.5950 -0.43   1052   1052   1052
  8.000  369.6030  5.7450  -1.07 244.21   4.07  -0.97  527.1740  4.4200 -0.72   1052   1052   1052
  8.500  344.2890  5.6310  -1.05 240.32   3.83  -0.78  499.0340  4.4570 -1.09   1052   1052   1052
  9.000  320.5120  5.5360  -1.01 236.50   3.50  -0.56  472.0820  4.7670 -1.69   1052   1052   1052
  9.500  298.3770  5.2950  -1.00 232.77   3.08  -0.12  446.5240  5.3610 -2.11   1052   1052   1052
 10.000  277.2030  5.2750  -0.83 229.02   2.87   0.12  421.6380  6.2850 -2.32   1052   1052   1052
 10.500  257.1360  4.8970  -0.70 225.34   2.78   0.23  397.5230  6.9260 -2.29   1052   1052   1052
 11.000  238.4930  4.7350  -0.60 221.95   2.86   0.50  374.3640  7.9120 -2.17   1051   1051   1051
 11.500  220.5090  4.3680  -0.45 218.76   3.14   0.83  351.2190  8.5830 -1.88   1050   1050   1050
 12.000  203.8780  3.8990  -0.25 216.02   3.73   0.99  328.9070  9.1820 -1.51   1049   1049   1049
 12.500  188.6970  3.6620  -0.21 214.78   3.92   1.04  306.2080  9.5930 -1.10   1047   1047   1047
 13.000  174.1640  3.2370  -0.12 214.12   4.14   0.63  283.5140  9.2270 -0.69   1047   1047   1047
 13.500  160.7950  2.8210  -0.00 213.51   4.29   0.15  262.5050  8.5670 -0.31   1043   1043   1043
 14.000  148.5970  2.3900   0.04 212.94   4.43  -0.19  243.2470  7.7210 -0.03   1042   1042   1042
 14.500  137.1330  2.1930   0.15 212.61   4.09  -0.28  224.8070  6.8080  0.06   1038   1038   1038
 15.000  126.5060  1.9550   0.18 212.12   3.74  -0.19  207.8550  5.9010  0.05   1038   1038   1038
 15.500  116.7030  1.7330   0.22 211.57   3.49  -0.10  192.2350  5.1700  0.07   1034   1034   1034
 16.000  107.6620  1.5400   0.27 210.97   3.39  -0.03  177.8400  4.6130  0.10   1033   1033   1033
 16.500   99.5270  1.2620   0.35 210.39   3.43  -0.08  164.8570  4.0730  0.19    982    982    982
 17.000   91.8140  1.1670   0.33 210.51   3.20  -0.09  151.9840  3.5840  0.21    960    960    960
 17.500   84.6690  1.0550   0.34 210.55   3.08  -0.03  140.1310  3.1600  0.14    958    958    958
 18.000   78.0840  0.9560   0.37 210.62   2.94  -0.05  129.1820  2.7610  0.09    957    957    957
 18.500   72.0190  0.8660   0.43 210.75   2.87  -0.00  119.0750  2.4210  0.09    955    955    955
 19.000   66.5300  0.7410   0.51 211.23   2.73  -0.04  109.7440  2.0710  0.16    945    945    945
 19.500   61.4000  0.6920   0.56 211.93   2.50   0.05  100.9470  1.7690  0.04    943    943    943
 20.000   56.6720  0.6390   0.61 212.54   2.25   0.08   92.8990  1.4930  0.04    941    941    941
 20.500   52.3330  0.6180   0.69 213.18   2.14   0.10   85.5270  1.3170  0.11    937    937    937
 21.000   48.3260  0.4920   0.53 213.90   1.99   0.13   78.7100  1.0740  0.10    932    932    932
 21.500   44.6710  0.4930   0.64 214.78   1.79   0.14   72.4590  0.9610  0.11    932    932    932
 22.000   41.3430  0.5410   0.95 215.66   1.75   0.24   66.7870  0.9680  0.53    927    927    927
 22.500   38.2550  0.5330   0.83 216.48   1.77   0.26   61.5630  0.9500  0.51    925    925    925
 23.000   35.3950  0.5280   0.87 217.33   1.78   0.21   56.7390  0.9340  0.69    921    921    921
 23.500   32.7650  0.5220   0.80 218.21   1.76   0.12   52.3090  0.8900  0.70    918    918    918
 24.000   30.2720  0.4750   1.00 219.11   1.87   0.01   48.1300  0.7920  0.84    910    910    910
 24.500   27.9990  0.3820   1.14 220.03   1.96  -0.09   44.3280  0.6310  0.89    899    899    899
 25.000   25.9590  0.3890   1.07 220.99   2.02  -0.13   40.9200  0.6430  0.82    895    895    895
 25.500   24.0590  0.3800   0.94 222.01   2.09  -0.20   37.7500  0.6190  0.83    885    885    885
 26.000   22.3070  0.3710   0.79 223.01   2.15  -0.21   34.8430  0.5960  0.78    875    875    875
 26.500   20.6820  0.3610   0.67 224.02   2.20  -0.18   32.1600  0.5780  0.78    868    868    868
 27.000   19.1430  0.2800   0.67 224.91   2.24  -0.33   29.6460  0.4270  0.86    737    737    737
 27.500   17.7790  0.2850   0.65 225.75   2.26  -0.28   27.4320  0.4250  0.80    712    712    712
 28.000   16.5010  0.2760   0.56 226.70   2.31  -0.28   25.3520  0.4160  0.70    680    680    680
 28.500   15.3190  0.2610   0.47 227.58   2.32  -0.27   23.4440  0.3940  0.65    622    622    622
 29.000   14.2230  0.2490   0.44 228.45   2.33  -0.21   21.6810  0.3700  0.54    568    568    568
 29.500   13.2170  0.2330   0.41 229.47   2.34   0.05   20.0580  0.3430  0.31    489    489    489
 30.000   12.2740  0.2020   0.14 230.37   2.50   0.04   18.5550  0.2910  0.04    316    316    316
     T A B L E  II -   6.  T H E R M O D Y N A M I C  S T A T I S T I C A L  P A R A M E T E R S
                                      June
 Station =   72293      Vandenberg AFB, CA
    Z      MEAN P   SD P   SKEWP  MEAN T  SD T  SKEWT    MEAN D   SD D  SKEWD  NOBSP  NOBST  NOBSD
    KM       MB       MB             K      K             G/M3    G/M3                           
  0.000 1020.0000  5.0000   0.00 290.00   5.00   0.00 1221.0000 25.0000  0.00    100    100    100
  0.100  999.1880  5.6290  -0.75 286.57   2.88   0.47 1209.1440 12.2740 -0.19    986    986    986
  0.500  955.6320  2.5840   0.25 288.22   5.61   0.69 1150.5950 22.1810 -0.61    990    990    990
  1.000  901.2360  2.5650   0.15 292.49   5.63  -0.34 1070.3590 20.2660  0.36    990    990    990
  1.500  850.3010  2.7420   0.07 291.56   4.95  -0.65 1013.5660 16.3200  0.68    990    990    990
  2.000  801.7500  3.0010  -0.17 289.01   4.54  -0.77  964.6290 13.4610  0.80    990    990    990
  2.500  755.5950  3.3290  -0.30 286.32   4.16  -0.87  917.9160 11.0160  0.86    990    990    990
  3.000  711.7410  3.6080  -0.42 283.54   3.85  -1.01  873.3500  9.1410  0.92    990    990    990
  3.500  669.9770  3.7930  -0.56 280.60   3.61  -1.16  830.8650  7.7720  0.88    990    990    990
  4.000  630.2000  3.9610  -0.68 277.51   3.42  -1.31  790.3630  6.7510  0.86    990    990    990
  4.500  592.4210  4.0880  -0.82 274.35   3.36  -1.42  751.6830  6.2440  0.72    990    990    990
  5.000  556.5400  4.1950  -0.93 271.06   3.35  -1.38  714.8190  5.8250  0.42    989    989    989
  5.500  522.4530  4.2550  -1.04 267.64   3.30  -1.42  679.6820  5.3550  0.22    988    988    988
  6.000  490.3680  4.3180  -1.17 264.15   3.26  -1.48  646.4530  4.8540  0.07    988    988    988
  6.500  459.2500  4.3630  -1.24 260.45   3.27  -1.49  614.0630  4.4670 -0.13    988    988    988
  7.000  429.8510  4.3930  -1.29 256.68   3.25  -1.50  583.2590  4.0810 -0.25    988    988    988
  7.500  402.2320  4.2490  -1.40 252.87   3.23  -1.46  554.0350  3.7990 -0.20    987    987    987
  8.000  375.8050  4.4270  -1.43 249.00   3.21  -1.37  525.6960  3.6000 -0.34    987    987    987
  8.500  350.5210  4.4200  -1.39 245.06   3.13  -1.16  498.2320  3.4370 -0.41    987    987    987
  9.000  326.7550  4.3670  -1.38 241.12   2.94  -0.78  472.0450  3.4060 -0.70    987    987    987
  9.500  304.4720  4.1570  -1.30 237.24   2.75  -0.44  447.0590  3.5960 -1.32    987    987    987
 10.000  283.4430  4.1720  -1.29 233.40   2.66  -0.22  423.0430  4.1440 -2.23    987    987    987
 10.500  263.1640  4.0000  -1.13 229.59   2.64  -0.09  399.3000  4.7600 -2.69    987    987    987
 11.000  244.5830  3.8480  -1.11 226.06   2.71   0.16  376.9230  5.4320 -2.90    987    987    987
 11.500  226.4100  3.7370  -0.88 222.62   2.85   0.46  354.3180  5.9790 -2.68    987    987    987
 12.000  209.5040  3.5110  -0.64 219.54   3.03   0.68  332.4860  6.4490 -2.21    987    987    987
 12.500  194.1640  3.2400  -0.57 217.19   3.08   0.89  311.4960  6.7910 -1.78    985    985    985
 13.000  179.2470  3.0040  -0.43 215.53   3.08   0.82  289.7860  6.8900 -1.33    981    981    981
 13.500  165.4880  2.7370  -0.30 214.11   3.35   0.47  269.3460  6.9720 -0.89    980    980    980
 14.000  152.8180  2.3740  -0.05 212.69   3.65   0.19  250.4040  6.7480 -0.49    979    979    979
 14.500  141.2050  2.1340  -0.14 211.73   3.60   0.22  232.4220  6.3390 -0.35    972    972    972
 15.000  130.2060  1.9370  -0.15 210.94   3.44   0.27  215.1160  5.7940 -0.21    972    972    972
 15.500  120.0620  1.7370  -0.15 210.12   3.49   0.17  199.1380  5.3900 -0.03    972    972    972
 16.000  110.6960  1.5560  -0.17 209.33   3.56   0.08  184.2940  4.9320  0.05    970    970    970
 16.500  102.0810  1.3430  -0.04 208.63   3.65   0.10  170.5200  4.3710  0.12    968    968    968
 17.000   94.2170  1.1390  -0.05 208.67   3.57   0.10  157.3500  3.7890  0.06    913    913    913
 17.500   86.8450  1.0270   0.03 208.94   3.31   0.19  144.8440  3.2030 -0.06    913    913    913
 18.000   80.0530  0.9410   0.13 209.28   3.07   0.14  133.2900  2.7170 -0.10    911    911    911
 18.500   73.8010  0.8680   0.24 209.67   2.79   0.19  122.6460  2.2380 -0.21    911    911    911
 19.000   68.0670  0.7380   0.54 210.41   2.52   0.07  112.7100  1.7840 -0.18    898    898    898
 19.500   62.8010  0.6940   0.58 211.47   2.18  -0.06  103.4640  1.5180 -0.16    898    898    898
 20.000   57.9790  0.6640   0.63 212.44   1.89  -0.11   95.0810  1.3170 -0.05    896    896    896
 20.500   53.5600  0.6640   0.67 213.32   1.69   0.00   87.4700  1.2130  0.12    893    893    893
 21.000   49.3380  0.4570   0.27 214.20   1.59   0.07   80.2440  0.9160  0.14    883    883    883
 21.500   45.6310  0.4600   0.29 215.18   1.51   0.02   73.8750  0.8540  0.18    881    881    881
 22.000   42.2790  0.5260   0.73 216.12   1.57   0.03   68.1520  0.9380  0.54    880    880    880
 22.500   39.1370  0.5110   0.64 217.06   1.60   0.04   62.8110  0.9120  0.54    879    879    879
 23.000   36.2250  0.5050   0.74 218.10   1.60   0.10   57.8630  0.8850  0.61    876    876    876
 23.500   33.5590  0.5020   0.69 219.06   1.60  -0.06   53.3690  0.8600  0.66    872    872    872
 24.000   31.0620  0.4700   0.62 220.00   1.58   0.01   49.1840  0.7920  0.64    870    870    870
 24.500   28.6470  0.3380   0.71 221.07   1.55  -0.09   45.1400  0.5540  0.95    844    844    844
 25.000   26.5740  0.3480   0.73 222.10   1.61  -0.05   41.6790  0.5900  0.75    837    837    837
 25.500   24.6490  0.3360   0.71 223.07   1.70   0.00   38.4910  0.5650  0.57    827    827    827
 26.000   22.8700  0.3270   0.60 223.99   1.73  -0.01   35.5660  0.5370  0.52    810    810    810
 26.500   21.2140  0.3070   0.62 224.91   1.70   0.11   32.8550  0.5070  0.51    799    799    799
 27.000   19.6320  0.2590   0.52 225.80   1.70   0.09   30.2840  0.4210  0.43    706    706    706
 27.500   18.2230  0.2510   0.54 226.70   1.74   0.10   27.9990  0.4050  0.47    690    690    690
 28.000   16.9230  0.2420   0.53 227.57   1.74   0.17   25.8990  0.3840  0.37    673    673    673
 28.500   15.7150  0.2200   0.42 228.35   1.70   0.13   23.9680  0.3500  0.20    605    605    605
 29.000   14.5940  0.2070   0.44 229.17   1.72   0.02   22.1780  0.3280  0.25    549    549    549
 29.500   13.5580  0.1890   0.59 230.00   1.83   0.14   20.5280  0.3050  0.21    475    475    475
 30.000   12.5880  0.1480   0.34 230.67   1.69   0.13   19.0060  0.2380 -0.08    315    315    315
     T A B L E  II -   7.  T H E R M O D Y N A M I C  S T A T I S T I C A L  P A R A M E T E R S
                                      July
 Station =   72293      Vandenberg AFB, CA
    Z      MEAN P   SD P   SKEWP  MEAN T  SD T  SKEWT    MEAN D   SD D  SKEWD  NOBSP  NOBST  NOBSD
    KM       MB       MB             K      K             G/M3    G/M3                           
  0.000 1020.0000  5.0000   0.00 290.00   5.00   0.00 1221.0000 25.0000  0.00    100    100    100
  0.100  999.8080  5.4540  -0.82 287.91   2.89   0.57 1203.6920 12.5240 -0.45    948    948    948
  0.500  956.6070  2.4000   0.27 289.51   5.32   0.64 1145.9260 21.4050 -0.54    948    948    948
  1.000  902.6270  2.1920   0.19 295.66   4.53  -0.60 1060.1270 16.6860  0.60    948    948    948
  1.500  852.2150  2.1610   0.19 295.11   3.31  -0.28 1002.9340 11.2090  0.23    948    948    948
  2.000  804.0960  2.1570   0.06 292.28   3.02  -0.27  955.8470  9.2910  0.20    948    948    948
  2.500  758.3390  2.2640  -0.01 289.31   2.73  -0.28  911.1040  7.8150  0.23    948    948    948
  3.000  714.8120  2.3600  -0.11 286.15   2.49  -0.32  868.5060  6.6740  0.26    948    948    948
  3.500  673.2460  2.4260  -0.24 282.78   2.31  -0.43  827.9400  5.7560  0.31    947    947    947
  4.000  633.5660  2.4800  -0.22 279.35   2.16  -0.40  788.9230  5.2050  0.22    947    947    947
  4.500  595.8170  2.4800  -0.28 275.91   2.07  -0.38  751.3310  4.7660  0.14    947    947    947
  5.000  559.9450  2.4880  -0.34 272.52   2.06  -0.34  715.0290  4.4760  0.04    947    947    947
  5.500  525.8200  2.4510  -0.40 269.19   2.05  -0.33  679.9330  4.2150  0.03    947    947    947
  6.000  493.7460  2.4810  -0.60 265.76   2.11  -0.44  646.8080  4.0170  0.15    946    946    946
  6.500  462.5870  2.4780  -0.57 262.24   2.14  -0.51  614.2140  3.7930  0.14    946    946    946
  7.000  433.1660  2.4650  -0.58 258.68   2.22  -0.48  583.1440  3.6030  0.01    946    946    946
  7.500  405.4020  2.4280  -0.59 255.04   2.30  -0.53  553.6050  3.4320  0.06    946    946    946
  8.000  379.1350  2.4930  -0.70 251.33   2.36  -0.60  525.4020  3.1570  0.13    946    946    946
  8.500  353.8850  2.5580  -0.67 247.57   2.42  -0.55  497.8970  3.0530  0.08    946    946    946
  9.000  330.1270  2.5740  -0.64 243.83   2.47  -0.51  471.6150  2.9610 -0.05    946    946    946
  9.500  307.7830  2.5490  -0.62 240.13   2.49  -0.50  446.4870  2.8510 -0.26    946    946    946
 10.000  286.8940  2.5840  -0.73 236.52   2.52  -0.47  422.5560  2.7950 -0.42    945    945    945
 10.500  266.6120  2.5660  -0.67 232.84   2.52  -0.44  398.8850  2.7480 -0.40    945    945    945
 11.000  248.0030  2.4140  -0.92 229.39   2.45  -0.46  376.6370  2.8030 -0.47    944    944    944
 11.500  229.9550  2.5000  -0.79 226.04   2.34  -0.41  354.4100  3.1470 -0.69    943    943    943
 12.000  213.0430  2.4370  -0.70 222.85   2.29  -0.38  333.0540  3.6910 -0.96    943    943    943
 12.500  197.6330  2.2620  -0.87 219.95   2.20  -0.06  313.0340  4.1460 -1.14    939    939    939
 13.000  182.5890  2.2070  -0.62 217.34   2.16   0.54  292.6900  4.5760 -1.04    938    938    938
 13.500  168.5910  2.0210  -0.51 214.88   2.35   0.86  273.3620  4.8840 -0.85    937    937    937
 14.000  155.6620  1.8490  -0.46 212.52   2.79   0.71  255.2230  5.1960 -0.60    935    935    935
 14.500  143.9130  1.5820  -0.44 210.77   3.10   0.68  237.9360  5.1850 -0.43    929    929    929
 15.000  132.6640  1.4160  -0.46 209.60   3.30   0.51  220.5680  4.9430 -0.28    928    928    928
 15.500  122.2770  1.2560  -0.44 208.59   3.53   0.37  204.2890  4.6270 -0.14    928    928    928
 16.000  112.6910  1.1180  -0.35 207.79   3.67   0.38  189.0000  4.2000 -0.08    927    927    927
 16.500  103.8540  1.0070  -0.21 207.21   3.70   0.51  174.6560  3.6760 -0.13    926    926    926
 17.000   95.7240  0.8710   0.11 207.35   3.59   0.51  160.8720  3.0910 -0.10    884    884    884
 17.500   88.2180  0.8130   0.35 207.95   3.24   0.47  147.8220  2.5200 -0.06    883    883    883
 18.000   81.3060  0.7710   0.59 208.65   2.89   0.40  135.7730  2.0530 -0.06    882    882    882
 18.500   74.9480  0.7390   0.79 209.45   2.52   0.39  124.6690  1.6750 -0.05    882    882    882
 19.000   69.0700  0.6480   1.15 210.31   2.25   0.25  114.4190  1.3480 -0.09    874    874    874
 19.500   63.7310  0.6190   1.28 211.46   1.94   0.07  105.0010  1.1480 -0.01    874    874    874
 20.000   58.8360  0.6140   1.42 212.55   1.68  -0.05   96.4370  1.0390  0.36    872    872    872
 20.500   54.3590  0.6550   1.33 213.50   1.50  -0.10   88.6980  1.0640  0.76    871    871    871
 21.000   50.1420  0.6010   1.70 214.44   1.40  -0.10   81.4570  1.0210  1.12    866    866    866
 21.500   46.3040  0.4340   1.37 215.55   1.34   0.21   74.8360  0.7900  0.73    863    863    863
 22.000   42.9720  0.5900   1.41 216.52   1.33   0.11   69.1400  1.0080  1.21    861    861    861
 22.500   39.8200  0.6240   1.23 217.49   1.32   0.06   63.7820  1.0680  1.14    860    860    860
 23.000   36.8920  0.6030   1.01 218.40   1.32   0.09   58.8470  1.0290  0.99    859    859    859
 23.500   34.1950  0.5840   0.98 219.32   1.41   0.05   54.3150  1.0000  0.97    853    853    853
 24.000   31.6740  0.5420   0.88 220.24   1.43   0.05   50.1000  0.9290  0.84    851    851    851
 24.500   29.0680  0.2800   1.02 221.25   1.36   0.01   45.7650  0.4640  1.10    828    828    828
 25.000   26.9830  0.3230   1.26 222.16   1.43   0.11   42.3090  0.5460  1.38    814    814    814
 25.500   25.0510  0.3380   1.23 222.99   1.50   0.25   39.1340  0.5640  1.19    803    803    803
 26.000   23.2780  0.3540   1.09 223.89   1.55   0.15   36.2160  0.5700  1.04    795    795    795
 26.500   21.5940  0.3340   0.94 224.74   1.59   0.24   33.4690  0.5320  0.90    790    790    790
 27.000   19.9800  0.2800   1.10 225.65   1.62   0.15   30.8410  0.4450  1.10    719    719    719
 27.500   18.5290  0.2300   0.85 226.44   1.62  -0.02   28.5000  0.3820  0.93    642    642    642
 28.000   17.2140  0.2350   0.87 227.30   1.72   0.08   26.3780  0.3880  0.86    618    618    618
 28.500   16.0010  0.2250   0.73 228.11   1.78  -0.05   24.4310  0.3600  0.79    569    569    569
 29.000   14.8740  0.2130   0.77 228.93   1.78  -0.05   22.6290  0.3310  0.88    511    511    511
 29.500   13.8100  0.1900   0.89 229.73   1.89  -0.03   20.9360  0.2900  0.85    451    451    451
 30.000   12.8130  0.1510   1.17 230.61   1.71  -0.24   19.3490  0.2230  0.88    331    331    331
     T A B L E  II -   8.  T H E R M O D Y N A M I C  S T A T I S T I C A L  P A R A M E T E R S
                                    August
 Station =   72293      Vandenberg AFB, CA
    Z      MEAN P   SD P   SKEWP  MEAN T  SD T  SKEWT    MEAN D   SD D  SKEWD  NOBSP  NOBST  NOBSD
    KM       MB       MB             K      K             G/M3    G/M3                           
  0.000 1020.0000  5.0000   0.00 290.00   5.00   0.00 1221.0000 25.0000  0.00    100    100    100
  0.100  999.3380  5.5280  -0.89 288.60   3.00   0.53 1200.0110 12.7250 -0.05    962    962    962
  0.500  956.2510  2.3570   0.15 290.40   5.37   0.68 1141.9420 21.0530 -0.64    975    975    975
  1.000  902.3990  2.2390   0.20 295.90   4.22  -0.47 1058.9530 15.0800  0.44    975    975    975
  1.500  851.9710  2.2950   0.18 294.93   3.25  -0.49 1003.4110 10.7350  0.49    975    975    975
  2.000  803.8430  2.2790   0.12 292.08   2.77  -0.26  956.3970  8.3670  0.23    975    975    975
  2.500  758.0640  2.3860   0.11 288.94   2.41  -0.34  912.0140  6.6330  0.33    975    975    975
  3.000  714.5020  2.4700   0.06 285.72   2.10  -0.45  869.5430  5.4140  0.38    975    975    975
  3.500  672.9010  2.4730   0.02 282.37   1.91  -0.33  828.8210  4.6910  0.11    973    973    973
  4.000  633.1830  2.4870  -0.05 279.03   1.82  -0.15  789.4400  4.4790 -0.09    973    973    973
  4.500  595.4120  2.4600  -0.13 275.72   1.83  -0.16  751.4560  4.3550 -0.12    973    973    973
  5.000  559.5440  2.4280  -0.21 272.47   1.87  -0.24  714.7870  4.2150 -0.08    973    973    973
  5.500  525.4390  2.3840  -0.25 269.17   1.92  -0.16  679.5700  4.0090 -0.10    973    973    973
  6.000  493.3870  2.4150  -0.36 265.88   1.98  -0.26  646.1400  3.7360 -0.09    973    973    973
  6.500  462.2660  2.3630  -0.38 262.39   2.04  -0.28  613.4900  3.4490 -0.10    971    971    971
  7.000  432.8590  2.3400  -0.41 258.80   2.12  -0.36  582.4850  3.2260 -0.07    967    967    967
  7.500  405.1340  2.3290  -0.44 255.13   2.20  -0.41  553.0560  3.1510 -0.10    967    967    967
  8.000  378.8740  2.3980  -0.51 251.44   2.26  -0.45  524.8390  3.0050 -0.21    965    965    965
  8.500  353.6600  2.4010  -0.48 247.68   2.32  -0.47  497.3750  2.9010 -0.21    964    964    964
  9.000  329.9310  2.4310  -0.50 243.91   2.38  -0.41  471.1960  2.8490 -0.22    964    964    964
  9.500  307.5990  2.4360  -0.49 240.18   2.48  -0.34  446.1370  2.8400 -0.24    964    964    964
 10.000  286.7450  2.5000  -0.58 236.54   2.55  -0.30  422.2870  2.7810 -0.28    963    963    963
 10.500  266.4570  2.4800  -0.55 232.87   2.59  -0.28  398.6080  2.9090 -0.54    958    958    958
 11.000  247.8290  2.3530  -0.73 229.39   2.57  -0.25  376.3690  3.0300 -0.67    958    958    958
 11.500  229.7960  2.4490  -0.58 226.01   2.51  -0.26  354.2100  3.2870 -0.89    957    957    957
 12.000  212.8890  2.3710  -0.51 222.81   2.43  -0.34  332.8640  3.6750 -0.98    957    957    957
 12.500  197.5140  2.2320  -0.64 219.96   2.27  -0.23  312.8410  3.9890 -1.04    955    955    955
 13.000  182.4760  2.1630  -0.40 217.42   2.06   0.39  292.3930  4.3210 -0.91    953    953    953
 13.500  168.5000  1.9860  -0.31 215.02   2.20   0.69  273.0370  4.6900 -0.70    953    953    953
 14.000  155.5830  1.8040  -0.23 212.66   2.73   0.68  254.9170  5.1150 -0.51    952    952    952
 14.500  143.8840  1.5840  -0.26 210.97   3.10   0.65  237.6610  5.2500 -0.40    937    937    937
 15.000  132.6550  1.4010  -0.29 209.89   3.25   0.62  220.2470  4.8730 -0.33    934    934    934
 15.500  122.2810  1.2350  -0.25 208.98   3.43   0.58  203.9070  4.4760 -0.24    933    933    933
 16.000  112.7090  1.0970  -0.16 208.18   3.67   0.53  188.6680  4.1130 -0.17    933    933    933
 16.500  103.8790  0.9850   0.03 207.53   3.89   0.51  174.4370  3.7490 -0.14    933    933    933
 17.000   95.7680  0.8690   0.33 207.66   3.82   0.53  160.7130  3.1860 -0.13    872    872    872
 17.500   88.2600  0.8160   0.53 208.22   3.42   0.57  147.6970  2.5360 -0.09    871    871    871
 18.000   81.3500  0.7780   0.72 208.96   2.99   0.61  135.6460  1.9790 -0.09    871    871    871
 18.500   74.9950  0.7520   0.86 209.73   2.65   0.50  124.5810  1.6200  0.05    869    869    869
 19.000   69.1170  0.6920   1.02 210.65   2.33   0.35  114.3160  1.3450  0.14    860    860    860
 19.500   63.7930  0.6690   1.08 211.73   1.97   0.22  104.9640  1.1190  0.20    859    859    859
 20.000   58.9000  0.6640   1.15 212.69   1.69   0.14   96.4730  1.0370  0.43    859    859    859
 20.500   54.4240  0.6880   1.08 213.54   1.47   0.08   88.7860  1.0710  0.71    858    858    858
 21.000   50.1930  0.6510   1.44 214.33   1.36   0.15   81.5820  1.0530  1.16    856    856    856
 21.500   46.3540  0.5230   1.54 215.35   1.33   0.22   74.9880  0.8720  1.29    855    855    855
 22.000   42.9760  0.6020   1.25 216.23   1.31   0.17   69.2370  1.0000  1.27    853    853    853
 22.500   39.8260  0.6180   1.10 217.06   1.36   0.12   63.9190  1.0340  1.19    851    851    851
 23.000   36.8810  0.6090   1.00 217.94   1.44   0.14   58.9530  1.0120  1.07    849    849    849
 23.500   34.1990  0.6010   0.85 218.79   1.46   0.02   54.4510  0.9870  0.96    848    848    848
 24.000   31.6730  0.5600   0.76 219.64   1.46   0.03   50.2350  0.9280  0.88    843    843    843
 24.500   29.0630  0.3190   0.85 220.61   1.46  -0.14   45.8910  0.5310  1.21    823    823    823
 25.000   26.9790  0.3710   1.27 221.47   1.51  -0.02   42.4340  0.6070  1.58    817    817    817
 25.500   25.0280  0.3750   1.10 222.34   1.55   0.02   39.2120  0.6090  1.23    810    810    810
 26.000   23.2460  0.3780   0.92 223.16   1.57   0.12   36.2860  0.5940  1.07    804    804    804
 26.500   21.5730  0.3600   0.79 223.98   1.60   0.11   33.5500  0.5590  0.93    799    799    799
 27.000   19.9380  0.2940   1.09 224.82   1.60   0.09   30.8900  0.4360  1.24    716    716    716
 27.500   18.5020  0.2700   1.12 225.40   1.67   0.20   28.5910  0.4240  1.28    649    649    649
 28.000   17.1750  0.2630   1.03 226.16   1.68   0.27   26.4510  0.4050  1.05    619    619    619
 28.500   15.9470  0.2440   1.05 226.89   1.75   0.24   24.4810  0.3720  0.89    549    549    549
 29.000   14.8060  0.2310   0.88 227.66   1.84   0.26   22.6510  0.3490  0.75    501    501    501
 29.500   13.7310  0.2000   0.82 228.33   1.90   0.30   20.9440  0.2990  0.59    436    436    436
 30.000   12.7390  0.1730   1.21 228.92   1.88   0.37   19.3820  0.2380  0.81    312    312    312
     T A B L E  II -   9.  T H E R M O D Y N A M I C  S T A T I S T I C A L  P A R A M E T E R S
                                 September
 Station =   72293      Vandenberg AFB, CA
    Z      MEAN P   SD P   SKEWP  MEAN T  SD T  SKEWT    MEAN D   SD D  SKEWD  NOBSP  NOBST  NOBSD
    KM       MB       MB             K      K             G/M3    G/M3                           
  0.000 1020.0000  5.0000   0.00 290.00   5.00   0.00 1221.0000 25.0000  0.00    100    100    100
  0.100  998.4240  5.5940  -0.70 288.85   3.50   0.70 1197.9960 16.4470 -0.53    924    924    924
  0.500  955.3220  2.4930   0.14 290.84   5.47   0.57 1139.5260 21.4660 -0.49    931    931    931
  1.000  901.3330  2.3790  -0.06 293.69   4.86  -0.37 1065.7930 17.2820  0.37    931    931    931
  1.500  850.5600  2.5170  -0.29 292.36   4.18  -0.72 1010.7840 13.7020  0.65    931    931    931
  2.000  802.0870  2.6750  -0.53 289.45   3.65  -0.75  963.2070 11.0150  0.67    931    931    931
  2.500  755.9740  2.8650  -0.61 286.42   3.21  -0.75  917.7240  8.7530  0.59    931    931    931
  3.000  712.1620  3.0440  -0.68 283.43   2.90  -0.78  873.8880  7.1770  0.44    931    931    931
  3.500  670.4100  3.1410  -0.73 280.45   2.74  -0.59  831.6390  6.4090 -0.01    931    931    931
  4.000  630.5830  3.1810  -0.77 277.45   2.63  -0.42  790.8920  5.8740 -0.13    931    931    931
  4.500  592.7740  3.2060  -0.81 274.38   2.62  -0.41  751.9620  5.5670 -0.05    930    930    930
  5.000  556.8480  3.2230  -0.82 271.19   2.58  -0.50  714.8240  5.1270  0.10    930    930    930
  5.500  522.7740  3.2220  -0.81 267.92   2.54  -0.55  679.3660  4.6860  0.10    930    930    930
  6.000  490.7360  3.2620  -0.83 264.56   2.58  -0.62  645.9030  4.4430  0.10    930    930    930
  6.500  459.6060  3.2250  -0.85 260.98   2.61  -0.63  613.2920  4.1080  0.03    929    929    929
  7.000  430.2360  3.2090  -0.88 257.30   2.65  -0.68  582.3440  3.8160 -0.03    929    929    929
  7.500  402.6110  3.1290  -0.89 253.59   2.66  -0.68  552.9760  3.6480 -0.10    929    929    929
  8.000  376.3050  3.2570  -0.94 249.82   2.69  -0.65  524.6560  3.4890 -0.29    929    929    929
  8.500  351.0630  3.2430  -0.90 245.95   2.71  -0.56  497.1940  3.3990 -0.52    929    929    929
  9.000  327.3570  3.2130  -0.87 242.09   2.74  -0.45  471.0350  3.4400 -0.74    927    927    927
  9.500  305.0770  3.1470  -0.80 238.31   2.80  -0.08  445.9530  3.5480 -0.99    926    926    926
 10.000  284.1900  3.2260  -0.81 234.69   2.83   0.11  421.8380  3.7820 -1.12    925    925    925
 10.500  263.9530  3.1350  -0.69 231.15   2.91   0.22  397.8070  4.1170 -1.05    922    922    922
 11.000  245.4490  3.0400  -0.78 227.97   2.97   0.25  375.0880  4.5220 -1.01    921    921    921
 11.500  227.4010  2.9640  -0.58 224.94   2.96   0.18  352.1970  4.8090 -0.95    920    920    920
 12.000  210.5950  2.8250  -0.44 222.12   2.90  -0.04  330.3220  4.9910 -0.79    920    920    920
 12.500  195.3580  2.6780  -0.45 219.61   2.71  -0.10  309.9280  5.0800 -0.78    916    916    916
 13.000  180.4310  2.5240  -0.31 217.20   2.39   0.01  289.4170  4.9480 -0.65    913    913    913
 13.500  166.6140  2.3160  -0.24 214.86   2.33   0.11  270.1750  5.0090 -0.47    910    910    910
 14.000  153.8470  2.0900  -0.10 212.57   2.62   0.20  252.1820  5.1590 -0.28    908    908    908
 14.500  142.2380  1.9270  -0.12 211.03   2.87   0.29  234.8650  5.2750 -0.20    885    885    885
 15.000  131.1150  1.7330  -0.16 209.87   3.08   0.31  217.7020  5.0390 -0.11    884    884    884
 15.500  120.8530  1.5390  -0.17 208.85   3.37   0.28  201.6550  4.7580 -0.01    883    883    883
 16.000  111.3830  1.3750  -0.16 207.99   3.69   0.24  186.6290  4.4670  0.05    883    883    883
 16.500  102.6560  1.2200  -0.05 207.21   3.99   0.25  172.6590  4.1480  0.05    878    878    878
 17.000   94.6380  1.0860   0.01 207.37   3.85   0.22  159.0460  3.5790  0.11    838    838    838
 17.500   87.1990  0.9970   0.12 207.73   3.57   0.24  146.2730  3.0000  0.03    835    835    835
 18.000   80.3540  0.9270   0.24 208.23   3.25   0.26  134.4600  2.4860 -0.03    834    834    834
 18.500   74.0490  0.8690   0.33 208.76   3.02   0.34  123.5900  2.1090 -0.20    833    833    833
 19.000   68.2050  0.7770   0.62 209.53   2.79   0.23  113.4160  1.7510 -0.21    826    826    826
 19.500   62.9180  0.7360   0.70 210.63   2.47   0.11  104.0700  1.4720 -0.20    826    826    826
 20.000   58.0610  0.7000   0.84 211.68   2.18   0.05   95.5600  1.2670 -0.02    824    824    824
 20.500   53.6140  0.7020   0.83 212.61   1.89   0.05   87.8500  1.1530  0.26    824    824    824
 21.000   49.3720  0.5110   0.98 213.48   1.69   0.03   80.5720  0.9360  0.31    814    814    814
 21.500   45.7100  0.5980   1.26 214.47   1.55  -0.04   74.2470  0.9680  0.75    812    812    812
 22.000   42.3640  0.6810   1.26 215.39   1.48  -0.07   68.5190  1.0900  1.15    807    807    807
 22.500   39.2300  0.6750   1.08 216.23   1.49   0.15   63.2030  1.0960  1.03    805    805    805
 23.000   36.3490  0.6750   0.99 217.06   1.56   0.23   58.3380  1.1160  0.97    805    805    805
 23.500   33.6780  0.6540   0.85 217.92   1.62   0.18   53.8380  1.0690  0.86    802    802    802
 24.000   31.1870  0.6300   0.76 218.80   1.62   0.12   49.6540  1.0350  0.83    798    798    798
 24.500   28.6270  0.4330   1.36 219.72   1.69  -0.03   45.3870  0.7200  1.51    763    763    763
 25.000   26.5880  0.4670   1.24 220.48   1.77   0.07   42.0080  0.7480  1.28    752    752    752
 25.500   24.6800  0.4830   1.14 221.27   1.77   0.03   38.8530  0.7610  1.23    743    743    743
 26.000   22.9170  0.4700   0.98 222.08   1.80   0.01   35.9460  0.7360  1.07    736    736    736
 26.500   21.2540  0.4440   0.89 222.88   1.80  -0.04   33.2180  0.6830  0.96    720    720    720
 27.000   19.5810  0.3320   1.05 223.62   1.85  -0.36   30.5010  0.5050  1.29    627    627    627
 27.500   18.1890  0.3360   0.90 224.33   1.85   0.04   28.2400  0.4960  1.00    597    597    597
 28.000   16.8860  0.3320   0.98 224.97   1.95   0.15   26.1430  0.4790  1.09    580    580    580
 28.500   15.6810  0.3280   0.84 225.60   2.00   0.08   24.2090  0.4690  1.06    532    532    532
 29.000   14.5500  0.3050   0.79 226.29   2.04   0.07   22.3940  0.4260  0.98    482    482    482
 29.500   13.4950  0.2900   0.81 226.91   2.01   0.18   20.7130  0.4080  0.89    407    407    407
 30.000   12.5000  0.2550   1.18 227.43   1.94   0.06   19.1430  0.3590  1.33    284    284    284
     T A B L E  II -  10.  T H E R M O D Y N A M I C  S T A T I S T I C A L  P A R A M E T E R S
                                   October
 Station =   72293      Vandenberg AFB, CA
    Z      MEAN P   SD P   SKEWP  MEAN T  SD T  SKEWT    MEAN D   SD D  SKEWD  NOBSP  NOBST  NOBSD
    KM       MB       MB             K      K             G/M3    G/M3                           
  0.000 1020.0000  5.0000   0.00 290.00   5.00   0.00 1221.0000 25.0000  0.00    100    100    100
  0.100 1000.0020  6.0690  -0.72 288.56   3.94   0.69 1201.8910 18.9980 -0.31   1032   1032   1032
  0.500  956.8080  3.3460   0.37 289.88   5.50   0.59 1145.8450 21.1770 -0.50   1035   1035   1035
  1.000  902.2060  3.2870   0.25 289.89   5.43  -0.01 1081.3781 18.9090  0.06   1035   1035   1035
  1.500  850.6660  3.4930   0.14 288.02   5.03  -0.34 1026.7970 15.9550  0.38   1035   1035   1035
  2.000  801.4500  3.7390  -0.07 285.33   4.64  -0.55  976.8850 13.4010  0.60   1035   1035   1035
  2.500  754.7670  4.0530  -0.19 282.58   4.34  -0.70  929.2060 11.2260  0.74   1035   1035   1035
  3.000  710.4280  4.3320  -0.29 279.94   4.20  -0.77  883.0630  9.9130  0.70   1035   1035   1035
  3.500  668.2480  4.5220  -0.42 277.15   4.17  -0.76  839.1580  9.0060  0.55   1035   1035   1035
  4.000  628.0930  4.7330  -0.53 274.20   4.12  -0.81  797.3300  8.2330  0.45   1035   1035   1035
  4.500  589.9910  4.9120  -0.60 271.17   4.07  -0.86  757.4470  7.4430  0.37   1035   1035   1035
  5.000  553.8170  5.0530  -0.65 267.92   4.05  -0.88  719.7300  6.8090  0.26   1035   1035   1035
  5.500  519.5150  5.1510  -0.71 264.53   4.07  -0.98  683.8700  6.2240  0.31   1035   1035   1035
  6.000  487.1680  5.3000  -0.75 261.08   4.08  -1.05  649.8170  5.6460  0.20   1035   1035   1035
  6.500  455.9340  5.3590  -0.82 257.42   4.06  -1.04  616.8550  5.1990  0.06   1034   1034   1034
  7.000  426.4530  5.3760  -0.88 253.69   3.98  -0.97  585.4940  4.7680 -0.09   1033   1033   1033
  7.500  398.8160  5.2680  -0.98 249.92   3.88  -0.92  555.8330  4.5060 -0.27   1033   1033   1033
  8.000  372.1610  5.4090  -0.91 246.04   3.73  -0.75  526.8670  4.3510 -0.69   1033   1033   1033
  8.500  346.8880  5.3460  -0.88 242.16   3.56  -0.59  498.9660  4.3970 -1.22   1032   1032   1032
  9.000  323.1080  5.2490  -0.85 238.33   3.36  -0.44  472.2440  4.6840 -1.56   1031   1031   1031
  9.500  300.8930  5.0100  -0.84 234.57   3.17  -0.33  446.8320  5.1440 -1.63   1031   1031   1031
 10.000  279.7410  5.0470  -0.75 230.94   3.07  -0.18  421.9740  5.9250 -1.71   1030   1030   1030
 10.500  259.6080  4.7330  -0.64 227.46   3.03   0.02  397.6130  6.5070 -1.57   1030   1030   1030
 11.000  241.0360  4.5560  -0.64 224.38   3.10   0.24  374.2500  7.2930 -1.45   1027   1027   1027
 11.500  223.0570  4.2970  -0.56 221.47   3.28   0.30  350.9140  7.7720 -1.21   1027   1027   1027
 12.000  206.3650  3.9040  -0.42 218.92   3.44   0.28  328.4630  7.8720 -0.96   1027   1027   1027
 12.500  191.1820  3.7230  -0.45 217.06   3.23   0.30  306.9110  7.9210 -0.80   1023   1023   1023
 13.000  176.4980  3.3790  -0.40 215.47   3.02   0.26  285.4330  7.5140 -0.71   1021   1021   1021
 13.500  162.9470  3.0630  -0.34 213.80   2.96   0.17  265.5780  7.1180 -0.58   1020   1020   1020
 14.000  150.6070  2.5840  -0.27 212.08   3.06   0.02  247.4640  6.5340 -0.44   1011   1011   1011
 14.500  139.0570  2.4700  -0.34 210.92   3.01   0.20  229.7490  6.3510 -0.45   1002   1002   1002
 15.000  128.1820  2.2230  -0.32 209.81   3.12   0.32  212.9050  5.9670 -0.39   1001   1001   1001
 15.500  118.1490  1.9940  -0.31 208.72   3.31   0.31  197.2760  5.6190 -0.30    999    999    999
 16.000  108.8850  1.7810  -0.28 207.71   3.48   0.27  182.6920  5.1970 -0.24    998    998    998
 16.500  100.4600  1.4540  -0.10 206.82   3.78   0.18  169.2920  4.6560 -0.06    982    982    982
 17.000   92.5450  1.3210  -0.08 206.91   3.79   0.06  155.8840  4.2390  0.01    950    950    950
 17.500   85.2370  1.1920  -0.01 207.13   3.62   0.02  143.4160  3.6560 -0.02    946    946    946
 18.000   78.5120  1.0860   0.08 207.42   3.47  -0.01  131.9090  3.1520 -0.07    945    945    945
 18.500   72.3220  0.9990   0.21 207.78   3.27   0.02  121.2910  2.6960 -0.14    944    944    944
 19.000   66.6860  0.8570   0.47 208.59   3.01   0.15  111.3990  2.1830 -0.23    925    925    925
 19.500   61.4860  0.7910   0.61 209.49   2.75   0.14  102.2640  1.8480 -0.22    921    921    921
 20.000   56.7000  0.7360   0.65 210.37   2.55   0.14   93.9060  1.5810 -0.20    920    920    920
 20.500   52.3120  0.7180   0.77 211.19   2.38   0.05   86.3000  1.3980  0.02    918    918    918
 21.000   48.2560  0.5820   0.60 212.11   2.26  -0.03   79.2610  1.1270 -0.17    913    913    913
 21.500   44.5970  0.6110   0.79 213.10   2.20  -0.11   72.9090  1.0600  0.05    911    911    911
 22.000   41.2620  0.6600   0.98 214.01   2.17  -0.10   67.1690  1.0580  0.41    907    907    907
 22.500   38.1890  0.6780   0.85 214.83   2.12  -0.18   61.9280  1.0540  0.58    906    906    906
 23.000   35.3500  0.6940   0.77 215.57   2.15  -0.18   57.1260  1.0770  0.70    902    902    902
 23.500   32.7690  0.7140   0.71 216.33   2.22  -0.27   52.7690  1.1020  0.73    901    901    901
 24.000   30.2140  0.6830   1.06 217.10   2.30  -0.33   48.4810  1.0360  1.04    894    894    894
 24.500   27.8740  0.4970   0.99 217.90   2.39  -0.29   44.5640  0.7900  1.15    884    884    884
 25.000   25.8640  0.5280   0.78 218.58   2.42  -0.27   41.2200  0.8230  0.97    879    879    879
 25.500   23.9960  0.5270   0.68 219.28   2.52  -0.10   38.1220  0.8260  0.89    875    875    875
 26.000   22.2640  0.5120   0.60 219.98   2.58  -0.05   35.2560  0.8030  0.79    873    873    873
 26.500   20.5970  0.5090   0.51 220.67   2.65  -0.06   32.5130  0.7620  0.82    863    863    863
 27.000   18.9270  0.3660   0.73 221.25   2.70  -0.23   29.7990  0.5250  1.11    795    795    795
 27.500   17.6130  0.3850   0.59 221.78   2.74  -0.22   27.6630  0.5760  0.97    767    767    767
 28.000   16.3540  0.3820   0.51 222.31   2.80  -0.14   25.6240  0.5610  0.82    736    736    736
 28.500   15.1680  0.3610   0.47 222.83   2.79  -0.05   23.7090  0.5240  0.71    664    664    664
 29.000   14.0720  0.3520   0.47 223.38   2.82  -0.01   21.9410  0.4970  0.58    599    599    599
 29.500   13.0400  0.3300   0.46 223.98   2.98  -0.03   20.2780  0.4670  0.58    530    530    530
 30.000   12.0600  0.3030   0.56 224.61   2.87  -0.05   18.7010  0.4100  0.65    367    367    367
     T A B L E  II -  11.  T H E R M O D Y N A M I C  S T A T I S T I C A L  P A R A M E T E R S
                                  November
 Station =   72293      Vandenberg AFB, CA
    Z      MEAN P   SD P   SKEWP  MEAN T  SD T  SKEWT    MEAN D   SD D  SKEWD  NOBSP  NOBST  NOBSD
    KM       MB       MB             K      K             G/M3    G/M3                           
  0.000 1020.0000  5.0000   0.00 290.00   5.00   0.00 1221.0000 25.0000  0.00    100    100    100
  0.100 1003.1260  5.9900  -0.73 286.75   3.96  -0.02 1214.0520 20.1040  0.31   1032   1032   1032
  0.500  959.3030  3.4320  -0.16 287.49   4.78   0.51 1159.0000 18.9410 -0.37   1032   1032   1032
  1.000  903.9510  3.4070  -0.37 286.07   5.20   0.13 1098.4130 18.5980 -0.08   1032   1032   1032
  1.500  851.5770  3.6750  -0.43 283.91   5.21  -0.16 1043.1479 16.7980  0.18   1033   1033   1033
  2.000  801.6630  4.0040  -0.50 281.51   5.01  -0.36  990.7210 14.5410  0.37   1033   1033   1033
  2.500  754.3630  4.3740  -0.53 279.01   4.78  -0.48  940.8100 12.4460  0.46   1033   1033   1033
  3.000  709.5090  4.6750  -0.54 276.52   4.66  -0.60  893.0230 10.9340  0.53   1033   1033   1033
  3.500  666.8270  5.0110  -0.60 273.82   4.62  -0.69  847.7230  9.6840  0.59   1033   1033   1033
  4.000  626.3040  5.2940  -0.63 270.90   4.49  -0.75  804.8630  8.4300  0.64   1033   1033   1033
  4.500  587.8390  5.5200  -0.67 267.82   4.42  -0.80  764.1860  7.5420  0.62   1033   1033   1033
  5.000  551.3610  5.6700  -0.70 264.62   4.38  -0.81  725.4990  6.8600  0.53   1033   1033   1033
  5.500  516.8240  5.7810  -0.71 261.37   4.31  -0.83  688.5850  6.2110  0.48   1033   1033   1033
  6.000  484.1660  5.9610  -0.72 257.93   4.30  -0.79  653.7130  5.7780  0.19   1032   1032   1032
  6.500  452.7860  5.9860  -0.74 254.27   4.28  -0.68  620.1980  5.3680  0.04   1031   1031   1031
  7.000  423.1790  6.0110  -0.74 250.57   4.24  -0.60  588.2210  5.1060 -0.13   1031   1031   1031
  7.500  395.4770  5.9820  -0.81 246.85   4.21  -0.50  558.0390  4.8840 -0.27   1031   1031   1031
  8.000  368.6600  6.0450  -0.70 243.07   4.13  -0.37  528.3030  4.8870 -0.47   1030   1030   1030
  8.500  343.3290  5.9440  -0.67 239.26   3.97  -0.22  499.8450  5.0380 -0.63   1030   1030   1030
  9.000  319.5240  5.8240  -0.61 235.44   3.85  -0.19  472.7580  5.2570 -0.98   1030   1030   1030
  9.500  297.3670  5.5990  -0.61 231.73   3.72  -0.20  447.0260  5.5910 -1.33   1030   1030   1030
 10.000  276.1070  5.5980  -0.50 228.08   3.56  -0.14  421.7180  6.3250 -1.54   1029   1029   1029
 10.500  256.0590  5.2410  -0.38 224.63   3.45  -0.07  397.1150  7.0050 -1.55   1029   1029   1029
 11.000  237.4220  5.1500  -0.36 221.61   3.38   0.14  373.2580  7.9900 -1.47   1027   1027   1027
 11.500  219.5090  4.8220  -0.25 218.90   3.51   0.41  349.4100  8.7630 -1.20   1024   1024   1024
 12.000  203.0480  4.2880  -0.11 216.64   3.89   0.42  326.6170  9.2320 -0.85   1022   1022   1022
 12.500  187.8450  4.1550  -0.13 215.23   3.77   0.42  304.1660  9.5170 -0.54   1018   1018   1018
 13.000  173.3770  3.7480  -0.07 213.90   3.72   0.27  282.4900  9.1770 -0.31   1018   1018   1018
 13.500  160.0250  3.3720  -0.05 212.50   3.79  -0.01  262.4710  8.7750 -0.13   1018   1018   1018
 14.000  147.9210  2.8980  -0.07 211.16   4.01  -0.20  244.1740  8.2520 -0.04   1011   1011   1011
 14.500  136.3860  2.6540  -0.00 210.28   3.77  -0.07  226.0690  7.5730 -0.05   1007   1007   1007
 15.000  125.7050  2.3470   0.02 209.38   3.60   0.06  209.2590  6.8470 -0.06   1006   1006   1006
 15.500  115.8450  2.0700   0.02 208.42   3.58   0.14  193.7280  6.2640 -0.05   1006   1006   1006
 16.000  106.7490  1.8160   0.03 207.44   3.61   0.16  179.3600  5.7050 -0.03   1006   1006   1006
 16.500   98.5480  1.4790   0.10 206.66   3.79   0.10  166.2070  5.1190  0.04    963    963    963
 17.000   90.7510  1.2960   0.13 206.66   3.72   0.06  153.0600  4.5600  0.12    959    959    959
 17.500   83.5700  1.1210   0.14 206.74   3.59   0.03  140.8830  3.9550  0.17    958    958    958
 18.000   76.9540  0.9770   0.15 206.90   3.40   0.02  129.6220  3.3780  0.21    955    955    955
 18.500   70.8830  0.8330   0.30 207.11   3.22   0.02  119.2670  2.8290  0.26    953    953    953
 19.000   65.3630  0.7080   0.11 207.78   3.09   0.20  109.6220  2.3750  0.04    929    929    929
 19.500   60.2470  0.6440   0.16 208.47   2.90   0.20  100.7010  2.0230  0.01    929    929    929
 20.000   55.5370  0.5970   0.38 209.09   2.78   0.16   92.5520  1.7400  0.03    928    928    928
 20.500   51.2060  0.5530   0.51 209.71   2.65   0.04   85.0770  1.4800  0.09    928    928    928
 21.000   47.2780  0.5120   0.66 210.52   2.55  -0.01   78.2460  1.2780  0.00    921    921    921
 21.500   43.6440  0.5110   0.92 211.39   2.44  -0.01   71.9340  1.1080 -0.01    920    920    920
 22.000   40.3050  0.5170   1.13 212.16   2.41  -0.16   66.1870  0.9910  0.16    917    917    917
 22.500   37.2540  0.5690   1.61 212.83   2.33  -0.19   60.9820  0.9550  0.73    914    914    914
 23.000   34.4370  0.5960   1.59 213.47   2.36  -0.15   56.2010  0.9500  1.05    913    913    913
 23.500   31.8800  0.6600   1.41 214.07   2.39  -0.11   51.8830  1.0060  1.13    909    909    909
 24.000   29.3710  0.4960   1.63 214.78   2.44   0.06   47.6400  0.7980  1.02    901    901    901
 24.500   27.2060  0.5390   1.41 215.45   2.48   0.05   43.9910  0.8300  1.13    894    894    894
 25.000   25.2210  0.5680   1.19 216.05   2.54   0.19   40.6670  0.8830  1.07    891    891    891
 25.500   23.3940  0.5690   0.95 216.65   2.62   0.14   37.6150  0.8580  1.02    886    886    886
 26.000   21.6910  0.5630   0.79 217.22   2.72   0.01   34.7850  0.8440  0.90    880    880    880
 26.500   19.8680  0.4070   1.55 217.79   2.82   0.12   31.7780  0.5830  1.36    827    827    827
 27.000   18.4070  0.3850   1.50 218.31   2.86   0.28   29.3710  0.5990  1.76    802    802    802
 27.500   17.1110  0.4290   1.11 218.88   2.82   0.38   27.2320  0.6490  1.37    780    780    780
 28.000   15.8690  0.4160   0.85 219.48   2.89   0.32   25.1840  0.6240  1.08    750    750    750
 28.500   14.7160  0.4000   0.75 220.12   2.95   0.20   23.2870  0.5810  0.97    695    695    695
 29.000   13.6280  0.3670   0.70 220.68   3.08   0.18   21.5100  0.5370  0.87    630    630    630
 29.500   12.6150  0.3500   0.65 221.23   3.25   0.14   19.8620  0.5020  0.86    544    544    544
 30.000   11.6190  0.2880   0.58 221.82   3.24   0.04   18.2450  0.3850  0.82    355    355    355
     T A B L E  II -  12.  T H E R M O D Y N A M I C  S T A T I S T I C A L  P A R A M E T E R S
                                  December
 Station =   72293      Vandenberg AFB, CA
    Z      MEAN P   SD P   SKEWP  MEAN T  SD T  SKEWT    MEAN D   SD D  SKEWD  NOBSP  NOBST  NOBSD
    KM       MB       MB             K      K             G/M3    G/M3                           
  0.000 1020.0000  5.0000   0.00 290.00   5.00   0.00 1221.0000 25.0000  0.00    100    100    100
  0.100 1004.4950  6.8510  -0.74 285.30   3.85  -0.25 1222.5780 20.1060  0.46   1074   1074   1074
  0.500  960.6670  4.5200  -0.34 285.54   4.15   0.50 1168.9320 16.3530 -0.18   1077   1077   1077
  1.000  904.7970  4.4550  -0.43 283.65   4.83   0.21 1109.0070 17.0350 -0.02   1077   1077   1077
  1.500  851.8970  4.6650  -0.38 281.62   5.07   0.00 1052.2500 16.0180  0.07   1079   1079   1079
  2.000  801.5990  4.9140  -0.41 279.35   5.09  -0.17  998.4740 14.5040  0.24   1079   1079   1079
  2.500  753.9660  5.2710  -0.41 276.91   4.96  -0.31  947.6090 12.6140  0.41   1078   1078   1078
  3.000  708.8000  5.5580  -0.39 274.33   4.85  -0.45  899.3310 11.0370  0.60   1078   1078   1078
  3.500  665.7850  5.8410  -0.45 271.54   4.72  -0.60  853.5400  9.6460  0.79   1078   1078   1078
  4.000  624.9570  6.0890  -0.46 268.58   4.63  -0.73  810.1380  8.5210  0.88   1078   1078   1078
  4.500  586.2730  6.2610  -0.47 265.43   4.58  -0.81  769.0900  7.8130  0.77   1077   1077   1077
  5.000  549.5880  6.3970  -0.50 262.10   4.56  -0.86  730.1720  7.2510  0.60   1077   1077   1077
  5.500  514.8620  6.4650  -0.53 258.67   4.48  -0.90  693.1520  6.6760  0.44   1076   1076   1076
  6.000  481.9550  6.5890  -0.57 255.17   4.45  -0.87  657.8090  6.2130  0.17   1076   1076   1076
  6.500  450.4110  6.6190  -0.59 251.52   4.43  -0.74  623.7070  5.8530 -0.18   1075   1075   1075
  7.000  420.6450  6.5950  -0.61 247.83   4.34  -0.62  591.1800  5.6520 -0.47   1073   1073   1073
  7.500  392.8050  6.6160  -0.68 244.16   4.25  -0.53  560.3850  5.6140 -0.57   1071   1071   1071
  8.000  365.8430  6.5450  -0.62 240.37   4.11  -0.42  530.1700  5.7120 -0.66   1071   1071   1071
  8.500  340.4570  6.4070  -0.60 236.60   3.95  -0.31  501.2540  5.9980 -0.89   1070   1070   1070
  9.000  316.6260  6.2210  -0.55 232.86   3.78  -0.22  473.6660  6.4440 -1.17   1064   1064   1064
  9.500  294.4310  6.0080  -0.55 229.26   3.56  -0.13  447.3900  7.2790 -1.41   1063   1063   1063
 10.000  273.0680  5.8310  -0.45 225.75   3.61   0.04  421.4010  8.2480 -1.50   1060   1060   1060
 10.500  253.1410  5.3540  -0.38 222.48   3.73   0.31  396.4420  9.0070 -1.44   1055   1055   1055
 11.000  234.4150  5.2190  -0.30 219.80   3.86   0.73  371.6310 10.0470 -1.19   1051   1051   1051
 11.500  216.6690  4.7710  -0.22 217.47   4.23   0.77  347.2260 10.7010 -0.87   1049   1049   1049
 12.000  200.4010  4.2470  -0.16 215.67   4.91   0.45  323.9170 11.2690 -0.57   1045   1045   1045
 12.500  185.2600  4.0260  -0.12 214.93   4.81   0.34  300.4820 10.9630 -0.33   1045   1045   1045
 13.000  171.0420  3.5770  -0.07 214.27   4.63   0.09  278.2750 10.0250 -0.13   1044   1044   1044
 13.500  157.9250  3.1850  -0.03 213.47   4.45  -0.19  257.8800  9.0660  0.01   1042   1042   1042
 14.000  145.9710  2.7930  -0.04 212.67   4.32  -0.41  239.2490  8.1010  0.08   1036   1036   1036
 14.500  134.6430  2.5220   0.04 211.98   3.92  -0.27  221.3860  7.1900 -0.01   1033   1033   1033
 15.000  124.1840  2.2490   0.06 211.12   3.69  -0.09  205.0150  6.4590 -0.05   1031   1031   1031
 15.500  114.5320  1.9900   0.08 210.14   3.59   0.13  189.9560  5.8580 -0.07   1027   1027   1027
 16.000  105.6100  1.7580   0.10 209.12   3.58   0.18  176.0170  5.3650  0.01   1027   1027   1027
 16.500   97.5920  1.4550   0.15 208.31   3.67   0.04  163.2880  4.8740  0.11    952    952    952
 17.000   89.9160  1.2810   0.13 208.12   3.69   0.02  150.5780  4.4030  0.13    947    947    947
 17.500   82.8420  1.1110   0.13 207.98   3.63  -0.03  138.8260  3.8680  0.19    946    946    946
 18.000   76.3210  0.9680   0.11 207.88   3.60  -0.20  127.9510  3.3830  0.29    944    944    944
 18.500   70.3470  0.8020   0.23 207.92   3.51  -0.26  117.9090  2.8220  0.26    927    927    927
 19.000   64.8740  0.7130   0.06 208.58   3.38  -0.27  108.3840  2.4320  0.28    911    911    911
 19.500   59.8120  0.6550   0.09 209.28   3.28  -0.22   99.5910  2.0680  0.20    910    910    910
 20.000   55.1490  0.6140   0.14 209.89   3.15  -0.22   91.5530  1.7430  0.12    909    909    909
 20.500   50.8850  0.6190   0.61 210.42   3.13  -0.29   84.2610  1.4940  0.11    906    906    906
 21.000   46.9890  0.5490   0.38 211.16   3.03  -0.24   77.5320  1.2610  0.06    890    890    890
 21.500   43.3830  0.5550   0.77 211.86   2.93  -0.29   71.3470  1.0870  0.05    882    882    882
 22.000   40.0650  0.5670   0.99 212.49   2.88  -0.28   65.6900  0.9720  0.18    878    878    878
 22.500   37.0140  0.5810   1.09 213.13   2.81  -0.27   60.5040  0.8960  0.38    873    873    873
 23.000   34.1930  0.5820   1.10 213.69   2.77  -0.31   55.7430  0.8360  0.62    870    870    870
 23.500   31.6140  0.6040   1.09 214.21   2.75  -0.30   51.4140  0.8430  1.02    869    869    869
 24.000   29.1710  0.4660   0.52 214.76   2.76  -0.14   47.3190  0.6590  0.69    857    857    857
 24.500   27.0050  0.5070   0.85 215.33   2.71   0.02   43.6900  0.7300  1.17    850    850    850
 25.000   24.9930  0.5180   0.78 215.83   2.75   0.20   40.3410  0.7640  1.06    841    841    841
 25.500   23.1270  0.5070   0.69 216.31   2.84   0.31   37.2460  0.7670  1.05    834    834    834
 26.000   21.4080  0.4850   0.61 216.74   3.03   0.34   34.4110  0.7430  0.77    827    827    827
 26.500   19.7330  0.4050   0.84 217.39   3.21   0.40   31.6220  0.6090  0.75    753    753    753
 27.000   18.2640  0.3760   0.56 217.98   3.33   0.44   29.1890  0.5820  0.80    709    709    709
 27.500   16.9470  0.4020   0.64 218.57   3.51   0.51   27.0110  0.6200  0.75    682    682    682
 28.000   15.7030  0.3950   0.62 219.05   3.71   0.59   24.9740  0.6030  0.56    661    661    661
 28.500   14.5560  0.3870   0.64 219.56   4.00   0.54   23.0960  0.5930  0.56    614    614    614
 29.000   13.4830  0.3660   0.71 220.02   4.24   0.53   21.3490  0.5680  0.80    568    568    568
 29.500   12.4830  0.3250   0.71 220.68   4.44   0.50   19.7070  0.5000  0.54    496    496    496
 30.000   11.5470  0.2880   0.56 221.54   4.87   0.47   18.1580  0.4410  0.21    358    358    358
     T A B L E  II -  13.  T H E R M O D Y N A M I C  S T A T I S T I C A L  P A R A M E T E R S
                                    Annual
 Station =   72293      Vandenberg AFB, CA
    Z      MEAN P   SD P   SKEWP  MEAN T  SD T  SKEWT    MEAN D   SD D  SKEWD  NOBSP  NOBST  NOBSD
    KM       MB       MB             K      K             G/M3    G/M3                           
  0.000 1020.0000  5.0000   0.00 290.00   5.00   0.00 1221.0000 25.0000  0.00    100    100    100
  0.100 1001.5490  6.4110  -0.61 286.50   3.83   0.20 1212.8550 19.4460  0.22  12416  12416  12416
  0.500  957.8410  3.9230   0.17 287.24   5.43   0.71 1157.7780 22.5520 -0.58  12450  12450  12450
  1.000  902.7630  3.6480  -0.14 287.99   7.02   0.09 1089.5909 26.6030 -0.09  12450  12450  12450
  1.500  850.8490  3.7830  -0.47 286.26   7.27  -0.11 1033.6689 25.0710  0.06  12453  12453  12453
  2.000  801.3590  4.1790  -0.71 283.69   7.01  -0.22  982.7490 21.8220  0.16  12453  12453  12453
  2.500  754.3900  4.7380  -0.75 281.01   6.71  -0.31  934.1880 18.6700  0.23  12452  12452  12452
  3.000  709.8280  5.2770  -0.73 278.26   6.47  -0.41  887.8570 16.0460  0.32  12451  12451  12451
  3.500  667.3840  5.7980  -0.75 275.32   6.30  -0.49  843.8150 13.8620  0.38  12448  12448  12448
  4.000  626.9990  6.2500  -0.75 272.26   6.17  -0.54  801.7860 12.0430  0.40  12447  12447  12447
  4.500  588.6810  6.6360  -0.75 269.10   6.09  -0.56  761.7120 10.5450  0.38  12445  12445  12445
  5.000  552.3180  6.9600  -0.75 265.81   6.07  -0.56  723.5820  9.3560  0.35  12444  12444  12444
  5.500  517.8660  7.1950  -0.75 262.43   6.08  -0.56  687.2330  8.3670  0.33  12442  12442  12442
  6.000  485.3270  7.5370  -0.74 258.97   6.12  -0.54  652.7330  7.3980  0.26  12436  12436  12436
  6.500  453.9570  7.6840  -0.73 255.34   6.14  -0.50  619.2780  6.6320  0.18  12411  12411  12411
  7.000  424.3650  7.7940  -0.72 251.64   6.13  -0.44  587.4240  5.9470  0.14  12393  12393  12393
  7.500  396.6430  7.8300  -0.76 247.94   6.07  -0.37  557.2640  5.4510  0.05  12385  12385  12385
  8.000  369.9250  8.0350  -0.66 244.14   6.01  -0.26  527.8300  5.0270 -0.17  12381  12381  12381
  8.500  344.6020  8.0080  -0.61 240.31   5.91  -0.17  499.5280  5.0000 -0.62  12375  12375  12375
  9.000  320.8120  7.9410  -0.55 236.52   5.79  -0.09  472.4970  5.2560 -1.22  12361  12361  12361
  9.500  298.6340  7.7510  -0.53 232.85   5.63   0.00  446.7720  5.8910 -1.74  12352  12352  12352
 10.000  277.4460  7.8370  -0.43 229.25   5.53   0.06  421.5840  6.7450 -2.06  12333  12333  12333
 10.500  257.4100  7.4600  -0.34 225.82   5.40   0.09  397.1020  7.5670 -2.02  12309  12309  12309
 11.000  238.7680  7.4020  -0.30 222.88   5.18   0.15  373.2110  8.7860 -1.80  12289  12289  12289
 11.500  220.9000  7.0660  -0.19 220.25   5.04   0.10  349.4430  9.8040 -1.48  12277  12277  12277
 12.000  204.4110  6.5480  -0.08 218.01   5.07  -0.07  326.7350 10.5640 -1.17  12263  12263  12263
 12.500  189.2190  6.3270  -0.05 216.74   4.50  -0.05  304.2300 11.1500 -0.85  12229  12229  12229
 13.000  174.7320  5.8070   0.02 215.63   4.08  -0.11  282.3960 10.9970 -0.58  12208  12208  12208
 13.500  161.3550  5.2930   0.06 214.45   3.88  -0.14  262.2380 10.7090 -0.35  12190  12190  12190
 14.000  149.1510  4.7140   0.09 213.20   3.93  -0.13  243.8430 10.2420 -0.18  12123  12123  12123
 14.500  137.6910  4.4330   0.13 212.21   3.80   0.00  226.1640  9.8510 -0.05  12040  12040  12040
 15.000  126.9910  4.0130   0.15 211.27   3.71   0.08  209.5160  9.0440 -0.00  12027  12027  12027
 15.500  117.1160  3.6250   0.17 210.31   3.73   0.09  194.1100  8.2740  0.03  12004  12004  12004
 16.000  107.9970  3.2760   0.19 209.37   3.81   0.08  179.8010  7.5150  0.04  11989  11989  11989
 16.500   99.8100  2.8410   0.21 208.57   3.96   0.06  166.8010  6.6700  0.03  11518  11518  11518
 17.000   91.9510  2.6030   0.25 208.51   3.86   0.04  153.7040  5.9540  0.03  11241  11241  11241
 17.500   84.7380  2.3820   0.28 208.58   3.65   0.04  141.5920  5.1740 -0.02  11220  11220  11220
 18.000   78.0940  2.1870   0.32 208.71   3.46  -0.01  130.3940  4.4610 -0.06  11203  11203  11203
 18.500   72.0090  1.9850   0.41 208.90   3.33  -0.07  120.1120  3.7830 -0.06  11121  11121  11121
 19.000   66.4220  1.7960   0.38 209.56   3.17  -0.13  110.4390  3.2660 -0.12  10927  10927  10927
 19.500   61.2610  1.6790   0.40 210.33   3.03  -0.28  101.4810  2.8460 -0.13  10910  10910  10910
 20.000   56.5130  1.5820   0.43 211.04   2.92  -0.44   93.2940  2.5010 -0.07  10890  10890  10890
 20.500   52.1630  1.5050   0.47 211.71   2.87  -0.61   85.8370  2.2400  0.06  10850  10850  10850
 21.000   48.1500  1.3360   0.45 212.49   2.81  -0.73   78.9390  1.9230  0.13  10704  10704  10704
 21.500   44.4800  1.2650   0.37 213.34   2.80  -0.79   72.6300  1.7290  0.13  10664  10664  10664
 22.000   41.1440  1.2730   0.46 214.11   2.84  -0.83   66.9370  1.6930  0.39  10627  10627  10627
 22.500   38.0540  1.2450   0.46 214.85   2.90  -0.79   61.6950  1.6220  0.52  10593  10593  10593
 23.000   35.1970  1.2080   0.44 215.57   3.00  -0.72   56.8720  1.5420  0.58  10560  10560  10560
 23.500   32.5780  1.1760   0.40 216.27   3.13  -0.65   52.4680  1.4760  0.60  10518  10518  10518
 24.000   30.1130  1.1060   0.48 217.04   3.22  -0.57   48.3240  1.3630  0.74  10395  10395  10395
 24.500   27.7860  0.9240   0.20 217.82   3.33  -0.49   44.4290  1.0640  0.40  10225  10225  10225
 25.000   25.7510  0.9110   0.21 218.57   3.47  -0.42   41.0340  1.0620  0.46  10135  10135  10135
 25.500   23.8620  0.8840   0.20 219.32   3.62  -0.38   37.8930  1.0380  0.46  10047  10047  10047
 26.000   22.1220  0.8590   0.19 220.06   3.78  -0.38   35.0100  1.0130  0.42   9933   9933   9933
 26.500   20.4820  0.8340   0.23 220.96   3.91  -0.40   32.2800  0.9660  0.48   9427   9427   9427
 27.000   18.9210  0.7480   0.21 221.60   4.05  -0.34   29.7350  0.8390  0.39   8619   8619   8619
 27.500   17.5540  0.7070   0.12 222.31   4.14  -0.31   27.4980  0.8120  0.28   8212   8212   8212
 28.000   16.2850  0.6760   0.11 223.08   4.25  -0.30   25.4210  0.7870  0.22   7911   7911   7911
 28.500   15.1050  0.6440   0.10 223.82   4.34  -0.32   23.5000  0.7560  0.17   7239   7239   7239
 29.000   14.0060  0.6150   0.10 224.58   4.47  -0.33   21.7170  0.7250  0.12   6601   6601   6601
 29.500   12.9860  0.5830   0.08 225.37   4.60  -0.33   20.0640  0.6920  0.05   5717   5717   5717
 30.000   12.0300  0.5540   0.07 226.14   4.63  -0.42   18.5230  0.6490  0.00   3929   3929   3929
