       72402     37.85N  75.48W
     T A B L E  II -   1.  T H E R M O D Y N A M I C  S T A T I S T I C A L  P A R A M E T E R S
                                   January
 STATION =   724020     WALLOP ISLAND, VA
    Z      MEAN P   SD P   SKEWP  MEAN T  SD T  SKEWT    MEAN D   SD D  SKEWD  NOBSP  NOBST  NOBSD
    KM       MB       MB             K      K             G/M3    G/M3                           
  0.000 1020.0000  5.0000   0.00 290.00   5.00   0.00 1221.0000 25.0000  0.00    100    100    100
  0.004 1017.8580  9.2700  -0.26 275.75   5.84  -0.13 1283.7200 34.9480  0.21   1569   1569   1569
  0.500  958.2230  8.4150  -0.33 275.23   7.48   0.00 1211.3280 37.4120  0.13   1569   1569   1569
  1.000  900.5270  7.8930  -0.36 273.70   7.65  -0.16 1144.9830 33.8780  0.25   1569   1569   1569
  1.500  846.1700  7.7320  -0.35 272.38   7.45  -0.33 1081.2000 28.8190  0.36   1569   1569   1569
  2.000  794.6580  7.9420  -0.30 270.88   7.11  -0.44 1021.1120 23.9020  0.44   1570   1570   1570
  2.500  746.0280  8.2040  -0.28 269.18   6.72  -0.54  964.7800 19.6280  0.50   1570   1570   1570
  3.000  700.1960  8.4410  -0.31 267.24   6.51  -0.62  912.1930 16.5230  0.53   1570   1570   1570
  3.500  656.6880  8.7840  -0.33 264.85   6.28  -0.62  863.2900 13.8140  0.50   1570   1570   1570
  4.000  615.4500  8.9740  -0.37 262.22   6.13  -0.68  817.2820 11.8360  0.47   1570   1570   1570
  4.500  576.4530  9.1360  -0.40 259.36   6.03  -0.66  773.9840 10.2810  0.33   1570   1570   1570
  5.000  539.5880  9.2560  -0.43 256.34   5.95  -0.65  733.0880  9.1660  0.17   1570   1570   1570
  5.500  504.7890  9.2800  -0.45 253.21   5.88  -0.63  694.3210  8.3350 -0.00   1570   1570   1570
  6.000  471.8190  9.4380  -0.47 249.98   5.83  -0.57  657.3950  7.7120 -0.12   1570   1570   1570
  6.500  440.4230  9.3970  -0.47 246.63   5.72  -0.48  622.0030  7.2950 -0.22   1567   1567   1567
  7.000  410.8500  9.2820  -0.46 243.23   5.52  -0.35  588.3640  7.0820 -0.35   1565   1565   1565
  7.500  383.0390  9.2530  -0.43 239.85   5.27  -0.18  556.2820  7.3180 -0.61   1564   1564   1564
  8.000  356.4360  9.0390  -0.40 236.40   4.99  -0.07  525.2020  7.8930 -0.87   1561   1561   1561
  8.500  331.4060  8.7590  -0.35 232.98   4.72  -0.01  495.5000  8.6410 -1.08   1560   1560   1560
  9.000  307.9060  8.3820  -0.29 229.68   4.45   0.02  467.0180  9.6870 -1.24   1555   1555   1555
  9.500  285.9780  8.1010  -0.27 226.63   4.11   0.06  439.6080 11.0040 -1.22   1554   1554   1554
 10.000  265.1420  7.6230  -0.20 223.79   4.05   0.17  412.8130 12.2980 -1.10   1553   1553   1553
 10.500  245.7120  7.1020  -0.15 221.33   4.28   0.47  386.8920 13.6390 -0.90   1551   1551   1551
 11.000  227.4130  6.5300  -0.07 219.52   4.73   0.59  361.1150 14.4200 -0.66   1549   1549   1549
 11.500  210.3790  5.9030  -0.00 218.21   5.42   0.44  336.1630 14.8830 -0.37   1546   1546   1546
 12.000  194.6240  5.2980   0.01 217.35   5.91   0.17  312.2890 14.6880 -0.08   1541   1541   1541
 12.500  179.9100  4.7090   0.04 217.07   5.71  -0.10  289.0310 13.2960  0.15   1537   1537   1537
 13.000  166.3000  4.1720   0.03 216.70   5.32  -0.35  267.5870 11.6720  0.30   1532   1532   1532
 13.500  153.7290  3.6860   0.04 216.22   4.84  -0.49  247.8780 10.0910  0.36   1531   1531   1531
 14.000  142.1020  3.3050   0.00 215.50   4.33  -0.43  229.8660  8.7530  0.30   1515   1515   1515
 14.500  131.2560  2.9380  -0.00 214.53   4.07  -0.25  213.2670  7.7890  0.20   1512   1512   1512
 15.000  121.2160  2.6130  -0.01 213.51   3.91  -0.05  197.8840  7.0070  0.13   1511   1511   1511
 15.500  111.9170  2.3190  -0.04 212.48   3.91   0.05  183.5900  6.3690  0.13   1510   1510   1510
 16.000  103.3110  2.0470  -0.05 211.49   3.93   0.00  170.2700  5.7910  0.17   1505   1505   1505
 16.500   95.3840  1.8260  -0.12 210.76   3.94  -0.04  157.7500  5.2600  0.19   1465   1465   1465
 17.000   87.9830  1.6170  -0.18 210.28   3.96  -0.08  145.8350  4.7120  0.23   1460   1460   1460
 17.500   81.1460  1.4330  -0.25 209.96   3.93  -0.10  134.7030  4.1690  0.21   1456   1456   1456
 18.000   74.8350  1.2790  -0.31 209.85   3.90  -0.05  124.2890  3.6860  0.17   1448   1448   1448
 18.500   69.0460  1.1330  -0.44 209.92   3.87  -0.10  114.6320  3.2710  0.17   1417   1417   1417
 19.000   63.6780  1.0240  -0.50 210.11   3.77  -0.13  105.6190  2.8530  0.18   1409   1409   1409
 19.500   58.7360  0.9270  -0.58 210.30   3.62  -0.14   97.3290  2.4360  0.19   1406   1406   1406
 20.000   54.1790  0.8490  -0.66 210.64   3.57  -0.14   89.6290  2.1120  0.14   1397   1397   1397
 20.500   49.9990  0.7660  -0.74 210.94   3.51  -0.05   82.5940  1.8310 -0.00   1383   1383   1383
 21.000   46.1510  0.7260  -0.76 211.42   3.49  -0.05   76.0620  1.6550 -0.11   1353   1353   1353
 21.500   42.5930  0.6780  -0.79 211.88   3.54  -0.05   70.0470  1.4600 -0.19   1349   1349   1349
 22.000   39.3190  0.6330  -0.82 212.35   3.55   0.02   64.5180  1.2960 -0.33   1342   1342   1342
 22.500   36.3040  0.6000  -0.82 212.72   3.53   0.09   59.4650  1.1520 -0.42   1335   1335   1335
 23.000   33.5190  0.5690  -0.79 213.12   3.62   0.19   54.8020  1.0400 -0.50   1331   1331   1331
 23.500   30.9580  0.5370  -0.75 213.53   3.72   0.23   50.5160  0.9500 -0.56   1324   1324   1324
 24.000   28.6160  0.5120  -0.73 214.01   3.71   0.27   46.5890  0.8700 -0.67   1288   1288   1288
 24.500   26.4440  0.4890  -0.69 214.43   3.70   0.35   42.9690  0.8070 -0.90   1277   1277   1277
 25.000   24.4370  0.4690  -0.62 214.92   3.79   0.43   39.6160  0.7810 -1.06   1263   1263   1263
 25.500   22.5850  0.4470  -0.55 215.44   4.00   0.64   36.5270  0.7450 -1.09   1259   1259   1259
 26.000   20.8790  0.4270  -0.47 215.90   4.19   0.86   33.6950  0.7180 -1.27   1250   1250   1250
 26.500   19.2930  0.4090  -0.32 216.54   4.43   0.98   31.0450  0.7050 -1.29   1087   1087   1087
 27.000   17.8420  0.3840  -0.18 217.16   4.57   1.00   28.6290  0.6520 -1.12   1061   1061   1061
 27.500   16.5120  0.3660  -0.10 217.85   4.70   1.05   26.4110  0.6160 -1.17   1041   1041   1041
 28.000   15.2810  0.3480   0.01 218.51   4.90   0.99   24.3690  0.5880 -1.04   1018   1018   1018
 28.500   14.1460  0.3330   0.15 219.28   5.08   0.88   22.4800  0.5630 -0.90    980    980    980
 29.000   13.1050  0.3210   0.34 219.98   5.39   0.88   20.7610  0.5570 -0.80    897    897    897
 29.500   12.1390  0.3020   0.40 220.70   5.65   0.81   19.1680  0.5170 -0.84    832    832    832
 30.000   11.2470  0.2910   0.56 221.41   5.82   0.73   17.7030  0.4800 -0.82    734    734    734
     T A B L E  II -   2.  T H E R M O D Y N A M I C  S T A T I S T I C A L  P A R A M E T E R S
                                  February
 STATION =   724020     WALLOP ISLAND, VA
    Z      MEAN P   SD P   SKEWP  MEAN T  SD T  SKEWT    MEAN D   SD D  SKEWD  NOBSP  NOBST  NOBSD
    KM       MB       MB             K      K             G/M3    G/M3                           
  0.000 1020.0000  5.0000   0.00 290.00   5.00   0.00 1221.0000 25.0000  0.00    100    100    100
  0.004 1017.1160  8.8070  -0.32 276.65   5.31   0.04 1278.5649 31.9390  0.03   1486   1486   1486
  0.500  957.7440  7.9580  -0.38 275.95   6.85   0.12 1207.4449 34.2960 -0.04   1487   1487   1487
  1.000  900.1980  7.4320  -0.40 274.09   7.08  -0.09 1142.8660 31.4030  0.10   1487   1487   1487
  1.500  845.8960  7.2350  -0.39 272.60   6.88  -0.32 1079.9670 26.6620  0.24   1487   1487   1487
  2.000  794.4630  7.4170  -0.36 271.00   6.61  -0.47 1020.4020 22.2150  0.34   1487   1487   1487
  2.500  745.8580  7.6490  -0.38 269.11   6.36  -0.58  964.8020 18.6140  0.43   1486   1486   1486
  3.000  699.9900  7.8830  -0.43 267.05   6.16  -0.69  912.5290 15.6560  0.48   1485   1485   1485
  3.500  656.4670  8.2290  -0.46 264.63   5.97  -0.69  863.7220 13.1220  0.42   1484   1484   1484
  4.000  615.2400  8.4420  -0.51 261.93   5.84  -0.73  817.8890 11.3060  0.40   1483   1483   1483
  4.500  576.2350  8.6200  -0.55 259.01   5.75  -0.78  774.7340  9.8030  0.35   1481   1481   1481
  5.000  539.3410  8.7470  -0.58 255.99   5.66  -0.81  733.7590  8.6400  0.24   1479   1479   1479
  5.500  504.5150  8.7640  -0.61 252.83   5.60  -0.75  694.9790  7.8560  0.04   1479   1479   1479
  6.000  471.4560  8.9460  -0.61 249.56   5.56  -0.65  657.9780  7.2270 -0.13   1477   1477   1477
  6.500  440.0580  8.9130  -0.62 246.15   5.48  -0.55  622.7050  6.7950 -0.32   1477   1477   1477
  7.000  410.4700  8.7860  -0.61 242.73   5.32  -0.41  589.0420  6.7390 -0.50   1476   1476   1476
  7.500  382.5660  8.7840  -0.58 239.31   5.08  -0.24  556.8390  7.0080 -0.69   1473   1473   1473
  8.000  355.9650  8.5910  -0.54 235.85   4.77  -0.10  525.7310  7.6010 -1.04   1470   1470   1470
  8.500  330.9140  8.3200  -0.48 232.44   4.42   0.02  495.9180  8.5160 -1.31   1465   1465   1465
  9.000  307.4010  7.9490  -0.42 229.17   4.08   0.06  467.2800  9.6210 -1.46   1463   1463   1463
  9.500  285.4310  7.6460  -0.35 226.15   3.83   0.18  439.7190 11.0910 -1.42   1462   1462   1462
 10.000  264.5900  7.1660  -0.26 223.27   3.92   0.36  412.9310 12.4100 -1.31   1461   1461   1461
 10.500  245.1610  6.6530  -0.18 220.83   4.30   0.63  386.9150 13.6360 -1.07   1457   1457   1457
 11.000  226.8850  6.0890  -0.07 219.20   4.93   0.65  360.8340 14.4480 -0.77   1456   1456   1456
 11.500  209.8620  5.4670   0.02 218.23   5.64   0.39  335.3200 14.6240 -0.42   1455   1455   1455
 12.000  194.1670  4.8880   0.07 217.85   5.95   0.05  310.8320 13.9110 -0.09   1449   1449   1449
 12.500  179.5470  4.3640   0.15 217.89   5.54  -0.27  287.3280 12.2110  0.13   1445   1445   1445
 13.000  166.0290  3.8950   0.20 217.72   4.91  -0.43  265.8520 10.4410  0.19   1444   1444   1444
 13.500  153.5340  3.4810   0.26 217.31   4.29  -0.36  246.2710  8.9100  0.13   1442   1442   1442
 14.000  141.9960  3.1410   0.30 216.47   3.94  -0.19  228.6350  7.9090  0.08   1434   1434   1434
 14.500  131.2000  2.8020   0.33 215.42   3.74   0.01  212.2780  7.1500  0.07   1433   1433   1433
 15.000  121.1990  2.4950   0.36 214.26   3.68   0.10  197.1540  6.5390  0.11   1433   1433   1433
 15.500  111.9280  2.2180   0.38 213.14   3.76   0.10  183.0350  6.0570  0.16   1428   1428   1428
 16.000  103.3400  1.9630   0.40 212.14   3.86   0.05  169.7930  5.5870  0.25   1426   1426   1426
 16.500   95.4430  1.7410   0.37 211.36   3.95   0.03  157.3920  5.1550  0.30   1398   1398   1398
 17.000   88.0530  1.5330   0.35 210.82   3.96   0.00  145.5770  4.6200  0.32   1394   1394   1394
 17.500   81.2240  1.3530   0.33 210.46   3.92  -0.02  134.5150  4.0890  0.33   1393   1393   1393
 18.000   74.9200  1.1960   0.30 210.25   3.91  -0.03  124.1950  3.6240  0.31   1387   1387   1387
 18.500   69.1380  1.0560   0.23 210.24   3.88   0.04  114.6090  3.2020  0.27   1375   1375   1375
 19.000   63.7730  0.9530   0.22 210.46   3.73   0.07  105.6020  2.7440  0.26   1370   1370   1370
 19.500   58.8260  0.8630   0.20 210.66   3.64   0.09   97.3120  2.3570  0.15   1366   1366   1366
 20.000   54.2700  0.7850   0.18 210.99   3.65   0.13   89.6330  2.0430  0.06   1358   1358   1358
 20.500   50.0820  0.7180   0.16 211.31   3.58   0.16   82.5890  1.7530 -0.06   1350   1350   1350
 21.000   46.2350  0.6810   0.15 211.73   3.57   0.11   76.0880  1.5470 -0.07   1329   1329   1329
 21.500   42.6770  0.6390   0.14 212.16   3.53   0.09   70.0910  1.3400 -0.12   1323   1323   1323
 22.000   39.3960  0.6070   0.13 212.54   3.42   0.06   64.5840  1.1620 -0.11   1318   1318   1318
 22.500   36.3730  0.5770   0.09 212.97   3.37   0.05   59.5060  1.0310 -0.13   1312   1312   1312
 23.000   33.5880  0.5520   0.09 213.40   3.29   0.15   54.8370  0.9400 -0.18   1301   1301   1301
 23.500   31.0200  0.5260   0.10 213.87   3.18   0.11   50.5330  0.8520 -0.23   1292   1292   1292
 24.000   28.6780  0.5040   0.09 214.27   3.16   0.10   46.6280  0.7760 -0.36   1268   1268   1268
 24.500   26.4970  0.4830   0.13 214.68   3.11   0.09   43.0020  0.7210 -0.36   1261   1261   1261
 25.000   24.4900  0.4620   0.16 215.23   3.07   0.14   39.6410  0.6890 -0.40   1249   1249   1249
 25.500   22.6400  0.4440   0.21 215.71   3.13   0.25   36.5660  0.6710 -0.27   1237   1237   1237
 26.000   20.9310  0.4190   0.20 216.26   3.19   0.39   33.7190  0.6520 -0.31   1225   1225   1225
 26.500   19.3460  0.3990   0.17 216.65   3.20   0.39   31.1100  0.6120 -0.45   1087   1087   1087
 27.000   17.8950  0.3810   0.20 217.18   3.33   0.44   28.7070  0.6050 -0.42   1057   1057   1057
 27.500   16.5540  0.3600   0.21 217.86   3.52   0.50   26.4730  0.5950 -0.43   1030   1030   1030
 28.000   15.3210  0.3410   0.25 218.60   3.72   0.62   24.4190  0.5860 -0.37    999    999    999
 28.500   14.1780  0.3240   0.24 219.41   4.03   0.66   22.5150  0.5730 -0.38    948    948    948
 29.000   13.1270  0.3080   0.24 220.23   4.23   0.72   20.7690  0.5460 -0.26    894    894    894
 29.500   12.1610  0.2910   0.26 221.23   4.59   0.65   19.1540  0.5270 -0.22    801    801    801
 30.000   11.2720  0.2770   0.28 222.23   4.72   0.71   17.6750  0.5000 -0.13    714    714    714
     T A B L E  II -   3.  T H E R M O D Y N A M I C  S T A T I S T I C A L  P A R A M E T E R S
                                     March
 STATION =   724020     WALLOP ISLAND, VA
    Z      MEAN P   SD P   SKEWP  MEAN T  SD T  SKEWT    MEAN D   SD D  SKEWD  NOBSP  NOBST  NOBSD
    KM       MB       MB             K      K             G/M3    G/M3                           
  0.000 1020.0000  5.0000   0.00 290.00   5.00   0.00 1221.0000 25.0000  0.00    100    100    100
  0.004 1016.0200  9.0230  -0.19 279.79   5.20   0.01 1262.0601 30.5460  0.19   1649   1649   1649
  0.500  957.3340  8.2530  -0.30 279.08   6.81   0.16 1192.8240 33.2440  0.03   1649   1649   1649
  1.000  900.4420  7.7390  -0.38 276.93   6.92  -0.06 1130.9160 30.2960  0.17   1649   1649   1649
  1.500  846.6480  7.5110  -0.42 274.97   6.75  -0.26 1071.0980 26.1220  0.27   1648   1648   1648
  2.000  795.5720  7.6130  -0.39 273.00   6.39  -0.42 1013.9450 21.6440  0.36   1648   1648   1648
  2.500  747.2470  7.7590  -0.38 270.81   6.05  -0.50  960.2300 17.9070  0.42   1648   1648   1648
  3.000  701.5710  7.8870  -0.39 268.51   5.80  -0.59  909.4260 15.0940  0.46   1647   1647   1647
  3.500  658.1920  8.1300  -0.41 265.96   5.65  -0.66  861.4970 13.0160  0.47   1647   1647   1647
  4.000  617.0580  8.2890  -0.43 263.21   5.55  -0.72  816.2360 11.3500  0.43   1646   1646   1646
  4.500  578.1140  8.4130  -0.45 260.23   5.51  -0.72  773.5630 10.0830  0.33   1646   1646   1646
  5.000  541.2540  8.4990  -0.47 257.13   5.46  -0.72  733.0550  8.8190  0.16   1644   1644   1644
  5.500  506.4200  8.5130  -0.49 253.89   5.43  -0.65  694.6710  7.9240 -0.02   1641   1641   1641
  6.000  473.3600  8.6580  -0.50 250.53   5.41  -0.54  658.0700  7.2450 -0.22   1640   1640   1640
  6.500  441.9580  8.6530  -0.51 247.08   5.38  -0.43  623.0440  6.8460 -0.38   1640   1640   1640
  7.000  412.3330  8.5490  -0.49 243.55   5.28  -0.26  589.7080  6.6180 -0.56   1640   1640   1640
  7.500  384.3490  8.5430  -0.49 240.01   5.04  -0.21  557.8070  6.6680 -0.58   1637   1637   1637
  8.000  357.7400  8.4100  -0.45 236.45   4.80  -0.10  527.0200  7.0660 -0.86   1636   1636   1636
  8.500  332.6300  8.1820  -0.40 232.91   4.52  -0.03  497.4880  7.8760 -1.19   1632   1632   1632
  9.000  309.0660  7.8470  -0.34 229.52   4.22   0.07  469.1010  8.9010 -1.34   1628   1628   1628
  9.500  286.9790  7.5380  -0.31 226.41   3.96   0.20  441.5780 10.3510 -1.33   1628   1628   1628
 10.000  266.0520  7.1130  -0.23 223.44   3.95   0.37  414.8730 11.7370 -1.24   1628   1628   1628
 10.500  246.5200  6.6050  -0.17 220.87   4.21   0.63  388.9680 13.0110 -1.06   1624   1624   1624
 11.000  228.1450  6.0560  -0.07 218.97   4.73   0.77  363.1850 13.9780 -0.80   1622   1622   1622
 11.500  211.0030  5.4600   0.02 217.61   5.53   0.55  338.1040 14.6350 -0.49   1620   1620   1620
 12.000  195.1340  4.8580   0.09 216.87   6.08   0.23  313.8140 14.5590 -0.15   1611   1611   1611
 12.500  180.3820  4.2930   0.15 216.82   5.96  -0.10  290.1490 13.2800  0.13   1611   1611   1611
 13.000  166.7500  3.7720   0.17 216.94   5.36  -0.36  268.0260 11.3490  0.30   1609   1609   1609
 13.500  154.1650  3.3180   0.19 216.85   4.59  -0.43  247.8400  9.4270  0.34   1606   1606   1606
 14.000  142.5500  2.9530   0.18 216.41   3.99  -0.44  229.5930  8.0100  0.32   1592   1592   1592
 14.500  131.7140  2.6190   0.18 215.63   3.65  -0.29  212.9020  7.0370  0.26   1588   1588   1588
 15.000  121.6970  2.3190   0.17 214.80   3.44  -0.19  197.4570  6.2650  0.25   1587   1587   1587
 15.500  112.4170  2.0510   0.16 213.92   3.46  -0.19  183.1520  5.7230  0.28   1584   1584   1584
 16.000  103.8230  1.8090   0.13 213.10   3.50  -0.15  169.8050  5.2200  0.27   1579   1579   1579
 16.500   95.9120  1.5990   0.12 212.43   3.53  -0.15  157.3580  4.7340  0.27   1556   1556   1556
 17.000   88.5250  1.4120   0.08 212.00   3.50  -0.12  145.5290  4.2130  0.23   1555   1555   1555
 17.500   81.6980  1.2420   0.04 211.65   3.47  -0.16  134.5230  3.7390  0.25   1553   1553   1553
 18.000   75.3930  1.0940   0.01 211.42   3.44  -0.21  124.2780  3.3230  0.27   1548   1548   1548
 18.500   69.5950  0.9500  -0.01 211.34   3.30  -0.17  114.7570  2.8460  0.23   1541   1541   1541
 19.000   64.2300  0.8570  -0.02 211.48   3.22  -0.13  105.8370  2.4860  0.20   1533   1533   1533
 19.500   59.2760  0.7720  -0.05 211.79   3.14  -0.15   97.5280  2.1700  0.18   1528   1528   1528
 20.000   54.7120  0.6990  -0.06 212.21   3.03  -0.16   89.8380  1.8660  0.17   1519   1519   1519
 20.500   50.5080  0.6330  -0.05 212.54   2.94  -0.17   82.8010  1.6120  0.12   1516   1516   1516
 21.000   46.6540  0.5890  -0.08 212.91   2.99  -0.20   76.3510  1.4360  0.02   1493   1493   1493
 21.500   43.0820  0.5470  -0.09 213.30   2.94  -0.28   70.3740  1.2410 -0.01   1485   1485   1485
 22.000   39.7910  0.5130  -0.11 213.77   2.89  -0.30   64.8520  1.0880 -0.10   1481   1481   1481
 22.500   36.7580  0.4830  -0.10 214.19   2.86  -0.14   59.7930  0.9490 -0.23   1471   1471   1471
 23.000   33.9580  0.4570  -0.15 214.67   2.88  -0.07   55.1130  0.8500 -0.30   1461   1461   1461
 23.500   31.3800  0.4330  -0.17 215.12   2.95   0.02   50.8230  0.7800 -0.36   1457   1457   1457
 24.000   29.0220  0.4100  -0.19 215.51   3.00   0.11   46.9180  0.7050 -0.42   1429   1429   1429
 24.500   26.8270  0.3910  -0.21 215.99   2.98   0.16   43.2730  0.6460 -0.39   1422   1422   1422
 25.000   24.8060  0.3750  -0.21 216.56   3.02   0.27   39.9070  0.6120 -0.32   1409   1409   1409
 25.500   22.9390  0.3510  -0.22 217.13   3.06   0.29   36.8070  0.5740 -0.35   1397   1397   1397
 26.000   21.2160  0.3350  -0.22 217.68   3.17   0.26   33.9560  0.5360 -0.36   1386   1386   1386
 26.500   19.6290  0.3270  -0.03 218.28   3.29   0.29   31.3290  0.5170 -0.11   1274   1274   1274
 27.000   18.1540  0.3060  -0.02 218.89   3.37   0.33   28.8950  0.4940 -0.14   1212   1212   1212
 27.500   16.8030  0.2930  -0.01 219.74   3.50   0.41   26.6410  0.4720 -0.17   1172   1172   1172
 28.000   15.5550  0.2750  -0.08 220.57   3.63   0.51   24.5710  0.4580 -0.20   1150   1150   1150
 28.500   14.4120  0.2650   0.07 221.45   3.81   0.63   22.6740  0.4510 -0.03   1109   1109   1109
 29.000   13.3520  0.2490   0.03 222.48   4.00   0.83   20.9100  0.4280 -0.14   1047   1047   1047
 29.500   12.3730  0.2260  -0.10 223.60   4.24   0.91   19.2800  0.3970 -0.42    963    963    963
 30.000   11.4790  0.2160  -0.08 224.65   4.46   0.94   17.8040  0.3820 -0.43    860    860    860
     T A B L E  II -   4.  T H E R M O D Y N A M I C  S T A T I S T I C A L  P A R A M E T E R S
                                     April
 STATION =   724020     WALLOP ISLAND, VA
    Z      MEAN P   SD P   SKEWP  MEAN T  SD T  SKEWT    MEAN D   SD D  SKEWD  NOBSP  NOBST  NOBSD
    KM       MB       MB             K      K             G/M3    G/M3                           
  0.000 1020.0000  5.0000   0.00 290.00   5.00   0.00 1221.0000 25.0000  0.00    100    100    100
  0.004 1014.7220  7.7310  -0.21 284.83   4.77   0.13 1236.6890 25.8970  0.11   1576   1576   1576
  0.500  957.2430  7.1870  -0.33 284.52   6.05   0.04 1168.6390 27.7000  0.10   1576   1576   1576
  1.000  901.4490  6.8830  -0.45 282.18   6.05  -0.22 1110.0490 24.8480  0.27   1576   1576   1576
  1.500  848.5710  6.7800  -0.56 279.68   5.92  -0.38 1054.6630 21.5780  0.35   1576   1576   1576
  2.000  798.2360  6.9500  -0.59 277.18   5.68  -0.53 1001.4040 18.1190  0.46   1576   1576   1576
  2.500  750.4590  7.1090  -0.62 274.72   5.43  -0.66  950.2150 15.0930  0.55   1576   1576   1576
  3.000  705.1950  7.2250  -0.64 272.18   5.13  -0.78  901.4850 12.5900  0.57   1575   1575   1575
  3.500  662.1890  7.4410  -0.67 269.48   4.92  -0.87  855.2010 10.7000  0.50   1575   1575   1575
  4.000  621.3130  7.5600  -0.71 266.58   4.78  -0.98  811.3030  9.3710  0.47   1574   1574   1574
  4.500  582.5880  7.6420  -0.75 263.52   4.72  -1.04  769.6830  8.3280  0.38   1574   1574   1574
  5.000  545.8980  7.6880  -0.78 260.38   4.69  -1.07  729.9850  7.5150  0.21   1574   1574   1574
  5.500  511.1670  7.6940  -0.81 257.12   4.69  -1.04  692.3080  6.8810  0.06   1574   1574   1574
  6.000  478.2880  7.7730  -0.84 253.73   4.72  -0.97  656.4770  6.3910 -0.16   1572   1572   1572
  6.500  446.9390  7.7610  -0.86 250.22   4.74  -0.88  622.0920  6.0110 -0.22   1572   1572   1572
  7.000  417.3240  7.6980  -0.85 246.69   4.73  -0.70  589.2240  5.8010 -0.45   1572   1572   1572
  7.500  389.4280  7.6860  -0.86 243.11   4.61  -0.56  557.9650  5.8260 -0.53   1567   1567   1567
  8.000  362.7600  7.5680  -0.84 239.41   4.45  -0.41  527.7840  6.1360 -0.82   1562   1562   1562
  8.500  337.6060  7.4070  -0.79 235.82   4.24  -0.22  498.6950  6.7520 -1.42   1561   1561   1561
  9.000  313.9030  7.1480  -0.71 232.19   4.01  -0.14  470.9520  7.4320 -1.71   1558   1558   1558
  9.500  291.7430  6.8620  -0.68 228.72   3.70  -0.01  444.3620  8.5360 -1.85   1555   1555   1555
 10.000  270.6500  6.5310  -0.58 225.34   3.56   0.08  418.4470  9.5930 -1.85   1555   1555   1555
 10.500  250.8930  6.0840  -0.50 222.23   3.56   0.41  393.3700 10.6680 -1.66   1555   1555   1555
 11.000  232.2660  5.6550  -0.39 219.61   3.79   0.86  368.5790 11.7480 -1.34   1549   1549   1549
 11.500  214.8530  5.1400  -0.29 217.42   4.55   0.94  344.4710 12.8300 -1.03   1548   1548   1548
 12.000  198.6690  4.5760  -0.19 215.75   5.40   0.71  321.0790 13.3760 -0.72   1545   1545   1545
 12.500  183.5770  4.0520  -0.11 215.08   5.86   0.43  297.6700 13.0810 -0.39   1541   1541   1541
 13.000  169.5900  3.5220  -0.07 215.09   5.89   0.04  274.9840 11.9890 -0.05   1541   1541   1541
 13.500  156.6790  3.0430  -0.05 215.13   5.61  -0.29  253.9770 10.5040  0.20   1537   1537   1537
 14.000  144.7970  2.6280  -0.06 215.05   4.98  -0.45  234.7480  8.7130  0.27   1531   1531   1531
 14.500  133.7580  2.3050  -0.06 214.71   4.34  -0.39  217.1510  7.2660  0.22   1530   1530   1530
 15.000  123.5470  2.0220  -0.06 214.17   3.91  -0.25  201.0580  6.2130  0.13   1525   1525   1525
 15.500  114.1020  1.7740  -0.07 213.52   3.67  -0.03  186.2500  5.4610  0.03   1522   1522   1522
 16.000  105.3500  1.5580  -0.07 212.87   3.55   0.02  172.4790  4.8300  0.01   1517   1517   1517
 16.500   97.3260  1.3430  -0.10 212.38   3.45   0.04  159.7080  4.2470 -0.01   1498   1498   1498
 17.000   89.8260  1.1810  -0.09 212.03   3.33   0.06  147.6340  3.7480 -0.03   1492   1492   1492
 17.500   82.8940  1.0390  -0.11 211.77   3.26   0.04  136.4080  3.3270 -0.03   1487   1487   1487
 18.000   76.4950  0.9150  -0.10 211.61   3.16   0.11  125.9670  2.9220 -0.06   1478   1478   1478
 18.500   70.6020  0.7950  -0.03 211.65   3.11   0.12  116.2390  2.5660 -0.03   1472   1472   1472
 19.000   65.1910  0.7090  -0.06 211.90   3.01   0.08  107.2040  2.2100 -0.01   1463   1463   1463
 19.500   60.1730  0.6350  -0.03 212.29   2.88   0.06   98.7650  1.9000 -0.02   1457   1457   1457
 20.000   55.5520  0.5730   0.07 212.76   2.76   0.09   90.9780  1.6380 -0.12   1449   1449   1449
 20.500   51.2960  0.5260   0.12 213.31   2.70   0.03   83.7880  1.4150 -0.15   1445   1445   1445
 21.000   47.4090  0.4810   0.17 213.90   2.63  -0.03   77.2230  1.2030 -0.14   1427   1427   1427
 21.500   43.7970  0.4530   0.23 214.56   2.57  -0.18   71.1170  1.0510 -0.19   1424   1424   1424
 22.000   40.4730  0.4270   0.29 215.17   2.47  -0.14   65.5330  0.9070 -0.16   1413   1413   1413
 22.500   37.4060  0.4020   0.33 215.77   2.46   0.02   60.3990  0.7940 -0.29   1409   1409   1409
 23.000   34.5760  0.3820   0.33 216.36   2.44   0.05   55.6770  0.6950 -0.34   1400   1400   1400
 23.500   31.9660  0.3650   0.29 216.95   2.43   0.12   51.3320  0.6090 -0.34   1391   1391   1391
 24.000   29.5930  0.3370   0.30 217.62   2.46   0.19   47.3750  0.5370 -0.55   1359   1359   1359
 24.500   27.3790  0.3290   0.31 218.28   2.46   0.09   43.6970  0.4910 -0.40   1354   1354   1354
 25.000   25.3340  0.3210   0.28 218.98   2.57   0.13   40.3040  0.4640 -0.34   1341   1341   1341
 25.500   23.4460  0.3090   0.27 219.70   2.67   0.19   37.1780  0.4330 -0.30   1334   1334   1334
 26.000   21.7040  0.2960   0.23 220.38   2.76   0.20   34.3110  0.4050 -0.27   1323   1323   1323
 26.500   20.1110  0.2760   0.25 221.18   2.83   0.27   31.6780  0.3820 -0.35   1272   1272   1272
 27.000   18.6310  0.2750   0.22 221.94   3.04   0.46   29.2460  0.3690 -0.45   1144   1144   1144
 27.500   17.2660  0.2670   0.18 222.80   3.22   0.56   26.9980  0.3540 -0.53   1125   1125   1125
 28.000   16.0000  0.2570   0.11 223.68   3.32   0.54   24.9200  0.3390 -0.44   1101   1101   1101
 28.500   14.8400  0.2490   0.11 224.61   3.52   0.53   23.0180  0.3330 -0.45   1067   1067   1067
 29.000   13.7620  0.2420   0.08 225.53   3.64   0.53   21.2570  0.3190 -0.43   1019   1019   1019
 29.500   12.7690  0.2330   0.12 226.50   3.79   0.48   19.6400  0.3070 -0.25    932    932    932
 30.000   11.8590  0.2280   0.11 227.43   3.83   0.54   18.1660  0.2980 -0.10    828    828    828
     T A B L E  II -   5.  T H E R M O D Y N A M I C  S T A T I S T I C A L  P A R A M E T E R S
                                       May
 STATION =   724020     WALLOP ISLAND, VA
    Z      MEAN P   SD P   SKEWP  MEAN T  SD T  SKEWT    MEAN D   SD D  SKEWD  NOBSP  NOBST  NOBSD
    KM       MB       MB             K      K             G/M3    G/M3                           
  0.000 1020.0000  5.0000   0.00 290.00   5.00   0.00 1221.0000 25.0000  0.00    100    100    100
  0.004 1014.7750  6.2870  -0.18 289.98   4.30   0.16 1212.5850 22.6280  0.05   1678   1678   1678
  0.500  958.2380  5.8100  -0.29 289.12   4.83  -0.18 1149.3149 22.4240  0.26   1679   1679   1679
  1.000  903.3070  5.4840  -0.40 286.60   4.63  -0.30 1093.5300 19.6020  0.36   1679   1679   1679
  1.500  851.1400  5.2680  -0.44 283.81   4.44  -0.41 1041.0400 16.9190  0.44   1679   1679   1679
  2.000  801.3750  5.2990  -0.45 281.08   4.32  -0.53  990.3500 14.4900  0.55   1679   1679   1679
  2.500  754.0830  5.3490  -0.45 278.47   4.19  -0.63  941.1530 12.2650  0.65   1678   1678   1678
  3.000  709.2120  5.4120  -0.46 275.85   4.00  -0.72  893.9600 10.3690  0.72   1676   1676   1676
  3.500  666.5760  5.5660  -0.49 273.17   3.82  -0.79  848.7900  8.8310  0.67   1676   1676   1676
  4.000  626.0030  5.6440  -0.51 270.36   3.70  -0.88  805.6220  7.6390  0.64   1675   1675   1675
  4.500  587.5500  5.7040  -0.54 267.46   3.69  -0.97  764.5160  6.8300  0.59   1675   1675   1675
  5.000  551.0940  5.7500  -0.57 264.47   3.75  -0.98  725.3440  6.3400  0.37   1674   1674   1674
  5.500  516.5460  5.7740  -0.60 261.35   3.81  -1.02  688.1090  5.8380  0.38   1673   1673   1673
  6.000  483.9090  5.8410  -0.64 258.14   3.94  -0.96  652.7550  5.4560  0.30   1673   1673   1673
  6.500  452.7220  5.8740  -0.68 254.77   4.05  -0.84  618.8330  5.1190  0.19   1673   1673   1673
  7.000  423.2440  5.8990  -0.71 251.29   4.13  -0.75  586.5890  4.8370  0.08   1672   1672   1672
  7.500  395.4930  5.8900  -0.75 247.76   4.20  -0.66  555.9820  4.6410  0.04   1670   1670   1670
  8.000  368.9050  5.9370  -0.71 244.04   4.22  -0.52  526.5300  4.4610 -0.05   1669   1669   1669
  8.500  343.7750  5.9000  -0.70 240.29   4.19  -0.40  498.3430  4.4620 -0.20   1669   1669   1669
  9.000  320.0780  5.8370  -0.67 236.50   4.08  -0.31  471.4400  4.6210 -0.66   1667   1667   1667
  9.500  297.8160  5.6560  -0.65 232.72   3.90  -0.20  445.7950  4.9110 -1.20   1666   1666   1666
 10.000  276.6400  5.5740  -0.56 228.97   3.67  -0.12  420.8800  5.4640 -1.68   1666   1666   1666
 10.500  256.6670  5.3120  -0.49 225.31   3.42  -0.00  396.8430  6.1710 -1.90   1666   1666   1666
 11.000  237.9130  5.1100  -0.43 221.99   3.15   0.23  373.3720  7.2630 -1.81   1662   1662   1662
 11.500  220.1960  4.8230  -0.32 218.93   3.20   0.52  350.4290  8.3990 -1.59   1662   1662   1662
 12.000  203.6860  4.4210  -0.20 216.23   3.60   0.77  328.2580  9.4700 -1.29   1660   1660   1660
 12.500  188.2630  4.0450  -0.11 214.38   4.14   0.75  306.0890 10.3320 -0.91   1658   1658   1658
 13.000  173.8290  3.6150  -0.02 213.21   4.75   0.49  284.2330 10.6420 -0.54   1658   1658   1658
 13.500  160.4640  3.1840   0.06 212.47   5.17   0.15  263.3240 10.3940 -0.22   1656   1656   1656
 14.000  148.1630  2.7260   0.16 212.17   5.26  -0.11  243.4930  9.5290  0.06   1655   1655   1655
 14.500  136.7180  2.3720   0.17 212.24   4.69  -0.35  224.5710  8.0650  0.27   1651   1651   1651
 15.000  126.1700  2.0640   0.16 212.12   4.08  -0.39  207.3330  6.7260  0.28   1650   1650   1650
 15.500  116.4350  1.8080   0.13 211.86   3.61  -0.19  191.5420  5.6770  0.21   1649   1649   1649
 16.000  107.4490  1.5820   0.12 211.52   3.43  -0.06  177.0350  4.9510  0.19   1646   1646   1646
 16.500   99.2260  1.3410   0.15 211.20   3.31  -0.11  163.7320  4.2770  0.25   1625   1625   1625
 17.000   91.5660  1.2000   0.10 211.17   3.22  -0.10  151.1090  3.8010  0.22   1620   1620   1620
 17.500   84.4830  1.0630   0.10 211.22   3.09  -0.13  139.3840  3.3200  0.21   1616   1616   1616
 18.000   77.9540  0.9430   0.10 211.39   3.01  -0.15  128.5050  2.8930  0.20   1614   1614   1614
 18.500   71.9310  0.8420   0.13 211.67   2.91  -0.14  118.4160  2.4910  0.18   1613   1613   1613
 19.000   66.4360  0.7410   0.31 212.21   2.72  -0.16  109.0860  2.0830  0.20   1607   1607   1607
 19.500   61.3370  0.6800   0.33 212.89   2.58  -0.15  100.3860  1.7730  0.15   1603   1603   1603
 20.000   56.6410  0.6270   0.38 213.67   2.38  -0.15   92.3570  1.4760  0.17   1601   1601   1601
 20.500   52.3240  0.5940   0.44 214.46   2.26  -0.14   85.0020  1.2740  0.19   1597   1597   1597
 21.000   48.3690  0.5410   0.49 215.25   2.17  -0.21   78.2880  1.0910  0.22   1588   1588   1588
 21.500   44.7150  0.5220   0.60 216.09   2.06  -0.17   72.0900  0.9710  0.30   1584   1584   1584
 22.000   41.3480  0.4880   0.58 216.86   1.97  -0.06   66.4250  0.8470  0.33   1576   1576   1576
 22.500   38.2430  0.4630   0.54 217.55   1.95  -0.11   61.2400  0.7580  0.40   1571   1571   1571
 23.000   35.3730  0.4370   0.48 218.25   2.01  -0.10   56.4630  0.6840  0.43   1558   1558   1558
 23.500   32.7270  0.4130   0.42 218.99   2.06  -0.16   52.0630  0.6330  0.52   1549   1549   1549
 24.000   30.2920  0.3790   0.55 219.73   2.15  -0.16   48.0280  0.5720  0.56   1539   1539   1539
 24.500   28.0600  0.3600   0.22 220.49   2.13  -0.25   44.3360  0.5150  0.19   1514   1514   1514
 25.000   25.9890  0.3490   0.12 221.24   2.16  -0.22   40.9220  0.4910  0.18   1500   1500   1500
 25.500   24.0700  0.3330   0.04 222.01   2.19  -0.16   37.7690  0.4580  0.20   1493   1493   1493
 26.000   22.2990  0.3180  -0.07 222.79   2.21  -0.13   34.8670  0.4340  0.13   1483   1483   1483
 26.500   20.6650  0.3040  -0.15 223.63   2.27  -0.10   32.1920  0.4160  0.08   1473   1473   1473
 27.000   19.1590  0.2760  -0.00 224.40   2.30  -0.18   29.7430  0.3670  0.09   1304   1304   1304
 27.500   17.7680  0.2700  -0.12 225.29   2.37  -0.14   27.4740  0.3700 -0.01   1282   1282   1282
 28.000   16.4840  0.2550  -0.14 226.15   2.42  -0.14   25.3920  0.3530 -0.05   1260   1260   1260
 28.500   15.2960  0.2440  -0.18 227.04   2.44  -0.17   23.4690  0.3410 -0.18   1228   1228   1228
 29.000   14.1970  0.2320  -0.22 228.04   2.37  -0.22   21.6870  0.3170 -0.27   1174   1174   1174
 29.500   13.1840  0.2150  -0.26 229.03   2.38  -0.31   20.0530  0.3010 -0.25   1119   1119   1119
 30.000   12.2510  0.1990  -0.20 230.07   2.39  -0.35   18.5490  0.2840 -0.21   1015   1015   1015
     T A B L E  II -   6.  T H E R M O D Y N A M I C  S T A T I S T I C A L  P A R A M E T E R S
                                      June
 STATION =   724020     WALLOP ISLAND, VA
    Z      MEAN P   SD P   SKEWP  MEAN T  SD T  SKEWT    MEAN D   SD D  SKEWD  NOBSP  NOBST  NOBSD
    KM       MB       MB             K      K             G/M3    G/M3                           
  0.000 1020.0000  5.0000   0.00 290.00   5.00   0.00 1221.0000 25.0000  0.00    100    100    100
  0.004 1013.7220  5.1940  -0.11 295.27   3.78  -0.08 1186.8590 19.3320  0.24   1571   1571   1571
  0.500  958.2380  4.8000  -0.22 293.60   3.85  -0.29 1129.6460 17.8290  0.32   1571   1571   1571
  1.000  904.1950  4.4970  -0.30 290.78   3.56  -0.44 1077.0940 15.3110  0.40   1571   1571   1571
  1.500  852.7690  4.2880  -0.39 287.81   3.37  -0.59 1027.1350 13.1960  0.50   1571   1571   1571
  2.000  803.6420  4.2270  -0.46 285.03   3.17  -0.64  978.2580 11.0230  0.57   1574   1574   1574
  2.500  756.8790  4.1930  -0.50 282.40   3.03  -0.75  930.6950  9.2700  0.60   1574   1574   1574
  3.000  712.4660  4.1790  -0.54 279.82   2.87  -0.86  884.7320  7.7520  0.61   1574   1574   1574
  3.500  670.2720  4.2120  -0.59 277.17   2.79  -0.89  840.6920  6.7810  0.53   1574   1574   1574
  4.000  630.0760  4.2230  -0.62 274.39   2.69  -0.84  798.5990  5.9860  0.31   1572   1572   1572
  4.500  591.9390  4.2340  -0.67 271.55   2.64  -0.91  758.3340  5.4560  0.19   1570   1570   1570
  5.000  555.7810  4.2340  -0.71 268.72   2.71  -0.97  719.7110  5.2850  0.12   1570   1570   1570
  5.500  521.5070  4.2200  -0.77 265.79   2.81  -1.04  682.9490  5.0820  0.16   1569   1569   1569
  6.000  489.1740  4.2390  -0.85 262.74   2.94  -1.05  648.1450  4.9310  0.17   1567   1567   1567
  6.500  458.1920  4.2440  -0.89 259.55   3.10  -1.08  614.6600  4.7470  0.23   1566   1566   1566
  7.000  428.8830  4.2420  -0.92 256.24   3.24  -1.02  582.8360  4.6260  0.17   1566   1566   1566
  7.500  401.2360  4.1730  -0.98 252.82   3.34  -0.98  552.7050  4.4670  0.25   1564   1564   1564
  8.000  374.9030  4.2530  -0.98 249.31   3.48  -0.93  523.7470  4.2970  0.21   1560   1560   1560
  8.500  349.8850  4.2600  -0.97 245.69   3.56  -0.87  496.0210  4.0690  0.19   1557   1557   1557
  9.000  326.2680  4.2570  -0.98 241.96   3.56  -0.79  469.6960  3.9170  0.07   1556   1556   1556
  9.500  303.9850  4.1750  -0.96 238.18   3.53  -0.71  444.5890  3.7880 -0.17   1555   1555   1555
 10.000  282.9450  4.2020  -0.96 234.38   3.42  -0.67  420.5350  3.7310 -0.69   1553   1553   1553
 10.500  262.8450  4.0830  -0.89 230.53   3.21  -0.59  397.1820  3.9620 -1.32   1552   1552   1552
 11.000  244.1230  3.9780  -0.86 226.82   2.95  -0.47  374.9380  4.3940 -1.85   1550   1550   1550
 11.500  226.2880  3.8210  -0.79 223.23   2.78  -0.20  353.1420  5.0730 -2.09   1549   1549   1549
 12.000  209.5650  3.6150  -0.70 219.80   2.76   0.09  332.1740  5.8400 -1.99   1548   1548   1548
 12.500  193.9450  3.4010  -0.61 216.82   2.84   0.69  311.6590  6.6720 -1.69   1542   1542   1542
 13.000  179.1820  3.1100  -0.52 214.36   3.25   0.80  291.2810  7.3460 -1.32   1542   1542   1542
 13.500  165.4420  2.8070  -0.44 212.40   3.80   0.65  271.4640  7.8350 -0.94   1541   1541   1541
 14.000  152.7050  2.4690  -0.35 210.95   4.19   0.42  252.3240  7.7870 -0.64   1538   1538   1538
 14.500  140.8850  2.1830  -0.30 210.23   4.20   0.18  233.5940  7.2800 -0.37   1535   1535   1535
 15.000  129.9200  1.9130  -0.28 209.83   3.95   0.04  215.8030  6.4260 -0.20   1532   1532   1532
 15.500  119.7970  1.6670  -0.27 209.50   3.63   0.04  199.2880  5.5890 -0.10   1532   1532   1532
 16.000  110.4490  1.4550  -0.27 209.22   3.35   0.09  183.9780  4.7910 -0.09   1527   1527   1527
 16.500  101.8560  1.2480  -0.16 209.12   3.14   0.15  169.7360  4.0640 -0.05   1522   1522   1522
 17.000   93.9370  1.0890  -0.12 209.19   3.04   0.07  156.4800  3.5060  0.01   1497   1497   1497
 17.500   86.6180  0.9690  -0.10 209.60   2.94   0.03  143.9970  3.0150 -0.00   1497   1497   1497
 18.000   79.8790  0.8730  -0.04 210.14   2.79  -0.06  132.4540  2.5720  0.03   1496   1496   1496
 18.500   73.6830  0.7910   0.07 210.84   2.67  -0.21  121.7660  2.1910  0.11   1496   1496   1496
 19.000   68.0180  0.7110   0.27 211.76   2.50  -0.20  111.9110  1.8460  0.09   1487   1487   1487
 19.500   62.7870  0.6610   0.35 212.78   2.24  -0.18  102.8090  1.5310 -0.01   1484   1484   1484
 20.000   57.9860  0.6180   0.45 213.82   2.04  -0.17   94.4840  1.3040 -0.08   1482   1482   1482
 20.500   53.5700  0.5890   0.67 214.76   1.94  -0.11   86.9030  1.1800  0.03   1476   1476   1476
 21.000   49.5200  0.5370   0.86 215.67   1.84   0.05   79.9950  1.0160  0.21   1467   1467   1467
 21.500   45.7900  0.5030   0.76 216.57   1.76   0.11   73.6590  0.9080  0.13   1459   1459   1459
 22.000   42.3480  0.4760   0.82 217.41   1.73   0.05   67.8570  0.8330  0.25   1453   1453   1453
 22.500   39.1800  0.4570   0.83 218.30   1.68  -0.06   62.5250  0.7770  0.47   1452   1452   1452
 23.000   36.2560  0.4340   0.83 219.17   1.68  -0.07   57.6290  0.7200  0.49   1445   1445   1445
 23.500   33.5530  0.4020   0.77 219.99   1.74   0.02   53.1340  0.6610  0.39   1435   1435   1435
 24.000   31.0650  0.3730   0.68 220.83   1.75   0.05   49.0060  0.5980  0.43   1429   1429   1429
 24.500   28.7820  0.3360   0.69 221.76   1.72   0.07   45.2150  0.5120  0.38   1401   1401   1401
 25.000   26.6700  0.3140   0.52 222.68   1.73   0.01   41.7230  0.4730  0.40   1391   1391   1391
 25.500   24.7170  0.2970   0.47 223.63   1.68   0.06   38.5050  0.4430  0.43   1378   1378   1378
 26.000   22.9160  0.2780   0.42 224.57   1.71   0.04   35.5500  0.4150  0.35   1366   1366   1366
 26.500   21.2470  0.2600   0.38 225.54   1.69   0.13   32.8170  0.3870  0.27   1361   1361   1361
 27.000   19.7130  0.2390   0.34 226.43   1.68   0.13   30.3280  0.3580  0.25   1236   1236   1236
 27.500   18.2840  0.2240   0.34 227.28   1.65   0.05   28.0250  0.3450  0.23   1168   1168   1168
 28.000   16.9700  0.2110   0.15 228.10   1.69   0.00   25.9170  0.3260  0.18   1144   1144   1144
 28.500   15.7630  0.1990   0.18 228.98   1.71  -0.12   23.9800  0.3100  0.20   1114   1114   1114
 29.000   14.6360  0.1860   0.07 229.85   1.74  -0.08   22.1810  0.2910  0.11   1073   1073   1073
 29.500   13.5950  0.1760   0.01 230.71   1.82  -0.06   20.5270  0.2770  0.08   1018   1018   1018
 30.000   12.6410  0.1570   0.03 231.58   1.86  -0.14   19.0140  0.2480  0.09    908    908    908
     T A B L E  II -   7.  T H E R M O D Y N A M I C  S T A T I S T I C A L  P A R A M E T E R S
                                      July
 STATION =   724020     WALLOP ISLAND, VA
    Z      MEAN P   SD P   SKEWP  MEAN T  SD T  SKEWT    MEAN D   SD D  SKEWD  NOBSP  NOBST  NOBSD
    KM       MB       MB             K      K             G/M3    G/M3                           
  0.000 1020.0000  5.0000   0.00 290.00   5.00   0.00 1221.0000 25.0000  0.00    100    100    100
  0.004 1014.1610  4.2540  -0.11 297.62   3.00   0.09 1176.2170 15.4300  0.15   1502   1502   1502
  0.500  959.1730  3.8520  -0.16 295.71   2.87  -0.06 1121.2791 13.8280  0.22   1502   1502   1502
  1.000  905.4810  3.5280  -0.23 292.76   2.64  -0.26 1070.2170 12.0600  0.39   1502   1502   1502
  1.500  854.3420  3.2880  -0.28 289.66   2.56  -0.33 1021.5350 10.6470  0.45   1502   1502   1502
  2.000  805.4800  3.1630  -0.29 286.80   2.46  -0.45  973.7400  9.2650  0.54   1504   1504   1504
  2.500  758.9440  3.0620  -0.30 284.18   2.26  -0.35  926.8070  7.6060  0.45   1502   1502   1502
  3.000  714.7140  2.9920  -0.31 281.56   2.10  -0.28  881.5500  6.3230  0.36   1502   1502   1502
  3.500  672.6770  2.9720  -0.33 278.86   1.98  -0.19  838.2020  5.4860  0.19   1501   1501   1501
  4.000  632.6000  2.9250  -0.34 276.13   1.89  -0.31  796.4390  4.9670  0.16   1501   1501   1501
  4.500  594.5740  2.8800  -0.36 273.36   1.86  -0.30  756.4320  4.6500 -0.00   1500   1500   1500
  5.000  558.4910  2.8320  -0.39 270.56   1.89  -0.44  718.1110  4.3490  0.11   1499   1499   1499
  5.500  524.2790  2.7940  -0.44 267.74   1.96  -0.62  681.3970  4.1000  0.22   1498   1498   1498
  6.000  492.0410  2.8260  -0.54 264.83   2.06  -0.81  646.6760  4.0560  0.43   1498   1498   1498
  6.500  461.0990  2.7810  -0.57 261.76   2.21  -0.74  613.2300  3.9590  0.15   1494   1494   1494
  7.000  431.8220  2.7530  -0.63 258.59   2.34  -0.72  581.4240  3.8140  0.01   1492   1492   1492
  7.500  404.1430  2.7320  -0.68 255.26   2.46  -0.84  551.3280  3.6690  0.26   1490   1490   1490
  8.000  377.9480  2.7870  -0.80 251.86   2.59  -0.82  522.6000  3.5740  0.18   1485   1485   1485
  8.500  352.9700  2.7980  -0.79 248.31   2.66  -0.83  495.0750  3.3870  0.31   1484   1484   1484
  9.000  329.3750  2.8000  -0.78 244.68   2.70  -0.77  468.8780  3.2360  0.21   1483   1483   1483
  9.500  307.1080  2.7980  -0.83 240.94   2.68  -0.70  443.9800  3.0250  0.14   1481   1481   1481
 10.000  286.1870  2.8440  -0.90 237.17   2.63  -0.64  420.3370  2.9140 -0.26   1478   1478   1478
 10.500  266.0690  2.8230  -0.79 233.28   2.56  -0.56  397.3200  2.8660 -0.88   1474   1474   1474
 11.000  247.3430  2.7540  -0.84 229.45   2.47  -0.47  375.5330  3.0810 -1.46   1473   1473   1473
 11.500  229.4620  2.6910  -0.72 225.69   2.36  -0.37  354.1860  3.4230 -1.84   1471   1471   1471
 12.000  212.6730  2.5760  -0.63 222.03   2.31  -0.15  333.6880  3.8660 -2.10   1469   1469   1469
 12.500  197.0110  2.4410  -0.57 218.65   2.34   0.23  313.9130  4.3900 -1.95   1465   1465   1465
 13.000  182.0810  2.2630  -0.44 215.78   2.42   0.52  293.9890  4.8170 -1.53   1463   1463   1463
 13.500  168.1720  2.0630  -0.35 213.25   2.75   0.66  274.7770  5.3090 -1.09   1461   1461   1461
 14.000  155.2410  1.8580  -0.28 211.07   3.16   0.59  256.2920  5.6640 -0.77   1460   1460   1460
 14.500  143.2580  1.6380  -0.23 209.63   3.44   0.48  238.1580  5.7390 -0.49   1455   1455   1455
 15.000  132.0710  1.4220  -0.20 208.80   3.51   0.22  220.4340  5.3510 -0.21   1454   1454   1454
 15.500  121.7300  1.2250  -0.18 208.37   3.46   0.01  203.5880  4.7840  0.01   1451   1451   1451
 16.000  112.1890  1.0540  -0.16 208.24   3.33  -0.21  187.7450  4.1480  0.21   1450   1450   1450
 16.500  103.4020  0.9190  -0.13 208.39   3.15  -0.18  172.9030  3.5340  0.15   1449   1449   1449
 17.000   95.3170  0.7890  -0.05 208.93   2.84  -0.19  158.9640  2.8770  0.12   1421   1421   1421
 17.500   87.8890  0.6980   0.03 209.65   2.59  -0.16  146.0670  2.3870  0.09   1417   1417   1417
 18.000   81.0570  0.6240   0.11 210.43   2.36  -0.24  134.2080  1.9900  0.14   1413   1413   1413
 18.500   74.7750  0.5640   0.20 211.29   2.15  -0.31  123.3000  1.6710  0.16   1409   1409   1409
 19.000   69.0210  0.4940   0.17 212.19   1.99  -0.24  113.3260  1.3870  0.05   1406   1406   1406
 19.500   63.7320  0.4640   0.30 213.17   1.83  -0.07  104.1600  1.1730 -0.04   1404   1404   1404
 20.000   58.8720  0.4330   0.39 214.16   1.73  -0.06   95.7710  1.0130 -0.03   1402   1402   1402
 20.500   54.3990  0.4100   0.49 215.14   1.66  -0.02   88.0880  0.9080 -0.00   1400   1400   1400
 21.000   50.2760  0.3890   0.79 216.04   1.63   0.05   81.0730  0.8280  0.17   1399   1399   1399
 21.500   46.4960  0.3410   0.32 216.91   1.58   0.08   74.6790  0.7010  0.06   1380   1380   1380
 22.000   43.0180  0.3340   0.56 217.78   1.54   0.10   68.8140  0.6580  0.28   1376   1376   1376
 22.500   39.8110  0.3210   0.71 218.69   1.53   0.12   63.4190  0.6150  0.39   1371   1371   1371
 23.000   36.8440  0.3020   0.72 219.58   1.53   0.24   58.4540  0.5570  0.47   1370   1370   1370
 23.500   34.1080  0.2830   0.70 220.45   1.56   0.18   53.9010  0.5220  0.46   1364   1364   1364
 24.000   31.5810  0.2640   0.64 221.34   1.55   0.28   49.7070  0.4770  0.45   1358   1358   1358
 24.500   29.2600  0.2390   0.29 222.22   1.54   0.20   45.8700  0.4170  0.16   1338   1338   1338
 25.000   27.1210  0.2330   0.39 223.09   1.55   0.16   42.3500  0.3920  0.26   1334   1334   1334
 25.500   25.1440  0.2220   0.43 223.96   1.56   0.09   39.1100  0.3640  0.27   1321   1321   1321
 26.000   23.3160  0.2100   0.43 224.88   1.56   0.09   36.1200  0.3300  0.30   1310   1310   1310
 26.500   21.6210  0.1990   0.37 225.75   1.63   0.06   33.3630  0.3120  0.29   1303   1303   1303
 27.000   20.0570  0.1810   0.42 226.65   1.67   0.16   30.8270  0.2810  0.22   1275   1275   1275
 27.500   18.6070  0.1660   0.25 227.33   1.63  -0.18   28.5130  0.2600  0.00   1107   1107   1107
 28.000   17.2720  0.1630   0.14 228.18   1.64  -0.15   26.3690  0.2520 -0.06   1081   1081   1081
 28.500   16.0410  0.1530   0.20 229.01   1.66  -0.14   24.4010  0.2430 -0.04   1054   1054   1054
 29.000   14.8980  0.1450   0.22 229.74   1.74  -0.04   22.5890  0.2320 -0.13   1015   1015   1015
 29.500   13.8390  0.1390   0.17 230.56   1.83  -0.07   20.9100  0.2200 -0.12    966    966    966
 30.000   12.8630  0.1350   0.30 231.37   1.88  -0.09   19.3650  0.2080  0.11    869    869    869
     T A B L E  II -   8.  T H E R M O D Y N A M I C  S T A T I S T I C A L  P A R A M E T E R S
                                    August
 STATION =   724020     WALLOP ISLAND, VA
    Z      MEAN P   SD P   SKEWP  MEAN T  SD T  SKEWT    MEAN D   SD D  SKEWD  NOBSP  NOBST  NOBSD
    KM       MB       MB             K      K             G/M3    G/M3                           
  0.000 1020.0000  5.0000   0.00 290.00   5.00   0.00 1221.0000 25.0000  0.00    100    100    100
  0.004 1015.2440  4.3490  -0.07 296.76   3.11  -0.32 1181.3000 16.6220  0.37   1594   1594   1594
  0.500  960.0730  3.9070  -0.14 294.93   2.77  -0.02 1125.4590 13.9310  0.13   1594   1594   1594
  1.000  906.2000  3.5660  -0.18 292.06   2.65  -0.16 1073.9060 12.3120  0.21   1594   1594   1594
  1.500  854.8980  3.3190  -0.19 289.13   2.50  -0.29 1024.3370 10.6280  0.25   1594   1594   1594
  2.000  805.9230  3.1980  -0.19 286.44   2.36  -0.41  975.7480  8.9800  0.28   1596   1596   1596
  2.500  759.2880  3.0940  -0.20 283.87   2.26  -0.50  928.4000  7.6140  0.35   1596   1596   1596
  3.000  714.9780  3.0140  -0.21 281.36   2.18  -0.38  882.6470  6.5620  0.15   1595   1595   1595
  3.500  672.9000  3.0000  -0.24 278.75   2.11  -0.32  838.9460  5.7910  0.03   1595   1595   1595
  4.000  632.7900  2.9580  -0.28 276.09   2.07  -0.25  796.9200  5.2600 -0.14   1594   1594   1594
  4.500  594.7350  2.9380  -0.31 273.39   2.03  -0.20  756.6710  4.8110 -0.22   1594   1594   1594
  5.000  558.6500  2.9150  -0.36 270.62   2.08  -0.24  718.2620  4.5750 -0.26   1593   1593   1593
  5.500  524.4350  2.8960  -0.40 267.76   2.14  -0.36  681.6310  4.3800 -0.17   1593   1593   1593
  6.000  492.2050  2.9220  -0.47 264.79   2.24  -0.44  647.0540  4.3350 -0.15   1590   1590   1590
  6.500  461.2230  2.9070  -0.50 261.64   2.39  -0.52  613.7290  4.2150 -0.13   1589   1589   1589
  7.000  431.9230  2.9050  -0.54 258.35   2.53  -0.61  582.1300  4.0860 -0.09   1587   1587   1587
  7.500  404.2360  2.8690  -0.55 255.02   2.66  -0.63  551.9950  4.0570 -0.01   1586   1586   1586
  8.000  377.9940  2.9390  -0.66 251.56   2.80  -0.65  523.2900  3.9800 -0.05   1584   1584   1584
  8.500  352.9810  2.9860  -0.68 247.98   2.89  -0.62  495.7600  3.7590 -0.10   1581   1581   1581
  9.000  329.3660  2.9970  -0.70 244.33   2.96  -0.59  469.5450  3.5270 -0.09   1576   1576   1576
  9.500  307.0780  2.9860  -0.70 240.60   2.97  -0.48  444.5730  3.3430 -0.14   1572   1572   1572
 10.000  286.1180  2.9730  -0.77 236.86   2.88  -0.36  420.7830  3.2410 -0.36   1570   1570   1570
 10.500  265.9630  2.9790  -0.64 233.01   2.78  -0.17  397.6150  3.1100 -0.81   1568   1568   1568
 11.000  247.2380  2.8880  -0.70 229.29   2.59   0.00  375.6320  3.4090 -1.37   1565   1565   1565
 11.500  229.3610  2.8340  -0.61 225.61   2.47   0.09  354.1610  3.7280 -1.65   1562   1562   1562
 12.000  212.5740  2.7220  -0.53 222.08   2.44   0.23  333.4720  4.2680 -1.73   1562   1562   1562
 12.500  196.9170  2.5430  -0.45 218.86   2.47   0.50  313.4610  4.8400 -1.49   1559   1559   1559
 13.000  182.0200  2.3770  -0.33 216.13   2.57   0.62  293.4250  5.3300 -1.16   1558   1558   1558
 13.500  168.1420  2.1800  -0.23 213.66   2.85   0.55  274.2140  5.6970 -0.83   1558   1558   1558
 14.000  155.2300  1.9670  -0.10 211.54   3.16   0.47  255.7080  5.8650 -0.57   1558   1558   1558
 14.500  143.2660  1.7190   0.05 209.98   3.33   0.33  237.7640  5.7330 -0.33   1553   1553   1553
 15.000  132.0800  1.5070   0.04 208.97   3.42   0.07  220.2700  5.3870 -0.07   1551   1551   1551
 15.500  121.7480  1.3130   0.01 208.33   3.41  -0.08  203.6550  4.9060  0.12   1550   1550   1550
 16.000  112.2030  1.1370  -0.01 208.05   3.36  -0.22  187.9450  4.3390  0.26   1549   1549   1549
 16.500  103.4080  0.9910   0.02 208.09   3.17  -0.22  173.1700  3.6820  0.28   1546   1546   1546
 17.000   95.3430  0.8540   0.13 208.57   2.90  -0.13  159.2840  3.0550  0.19   1525   1525   1525
 17.500   87.8970  0.7600   0.18 209.32   2.67  -0.07  146.3180  2.5410  0.07   1523   1523   1523
 18.000   81.0560  0.6820   0.31 210.20   2.47  -0.08  134.3560  2.1500  0.07   1519   1519   1519
 18.500   74.7640  0.6110   0.38 211.13   2.27  -0.14  123.3810  1.8100  0.13   1516   1516   1516
 19.000   69.0150  0.5530   0.47 212.04   2.05  -0.09  113.3960  1.4920  0.12   1512   1512   1512
 19.500   63.7180  0.5170   0.49 213.04   1.86  -0.02  104.2020  1.2630  0.06   1507   1507   1507
 20.000   58.8490  0.4810   0.57 213.98   1.72  -0.02   95.8130  1.0740  0.17   1504   1504   1504
 20.500   54.3690  0.4610   0.75 214.87   1.64   0.06   88.1510  0.9410  0.29   1499   1499   1499
 21.000   50.2460  0.4330   1.20 215.74   1.62   0.14   81.1390  0.8510  0.61   1491   1491   1491
 21.500   46.4800  0.4060   1.05 216.52   1.54   0.21   74.7850  0.7430  0.82   1480   1480   1480
 22.000   42.9860  0.3940   1.01 217.38   1.51   0.15   68.8890  0.6900  0.78   1476   1476   1476
 22.500   39.7680  0.3720   0.93 218.27   1.53   0.09   63.4730  0.6540  0.73   1471   1471   1471
 23.000   36.8000  0.3490   0.93 219.08   1.58   0.08   58.5170  0.6070  0.82   1467   1467   1467
 23.500   34.0580  0.3300   0.88 219.91   1.58   0.10   53.9540  0.5590  0.83   1462   1462   1462
 24.000   31.5310  0.3070   0.79 220.78   1.59   0.16   49.7540  0.5210  0.75   1451   1451   1451
 24.500   29.2090  0.2690   0.54 221.61   1.63   0.19   45.9180  0.4290  0.19   1426   1426   1426
 25.000   27.0660  0.2570   0.54 222.42   1.63   0.14   42.3940  0.3970  0.12   1420   1420   1420
 25.500   25.0810  0.2470   0.56 223.23   1.63   0.13   39.1410  0.3730  0.13   1409   1409   1409
 26.000   23.2530  0.2370   0.54 224.00   1.64   0.13   36.1630  0.3500  0.15   1397   1397   1397
 26.500   21.5550  0.2230   0.50 224.77   1.67   0.22   33.4070  0.3270  0.09   1388   1388   1388
 27.000   19.9960  0.2020   0.62 225.53   1.68   0.28   30.8860  0.2880  0.30   1330   1330   1330
 27.500   18.5380  0.1880   0.39 226.10   1.63   0.11   28.5620  0.2770  0.09   1171   1171   1171
 28.000   17.2010  0.1810   0.40 226.86   1.67   0.04   26.4120  0.2620  0.07   1144   1144   1144
 28.500   15.9630  0.1750   0.31 227.59   1.73  -0.06   24.4330  0.2540 -0.06   1112   1112   1112
 29.000   14.8220  0.1690   0.35 228.34   1.77  -0.03   22.6120  0.2420 -0.15   1073   1073   1073
 29.500   13.7590  0.1610   0.28 229.06   1.85   0.09   20.9240  0.2300 -0.24   1018   1018   1018
 30.000   12.7870  0.1490   0.35 229.79   1.91  -0.06   19.3840  0.2080 -0.16    921    921    921
     T A B L E  II -   9.  T H E R M O D Y N A M I C  S T A T I S T I C A L  P A R A M E T E R S
                                 September
 STATION =   724020     WALLOP ISLAND, VA
    Z      MEAN P   SD P   SKEWP  MEAN T  SD T  SKEWT    MEAN D   SD D  SKEWD  NOBSP  NOBST  NOBSD
    KM       MB       MB             K      K             G/M3    G/M3                           
  0.000 1020.0000  5.0000   0.00 290.00   5.00   0.00 1221.0000 25.0000  0.00    100    100    100
  0.004 1015.9660  5.1950  -0.47 293.73   3.84  -0.64 1196.0790 20.8120  0.55   1565   1565   1565
  0.500  960.1480  4.7150  -0.62 292.00   3.66  -0.41 1138.1990 17.9470  0.37   1565   1565   1565
  1.000  905.7150  4.3690  -0.69 289.27   3.65  -0.46 1084.7800 16.2560  0.40   1565   1565   1565
  1.500  853.9690  4.0820  -0.65 286.88   3.47  -0.68 1032.3199 13.8870  0.47   1565   1565   1565
  2.000  804.6890  4.0450  -0.66 284.76   3.15  -0.94  980.9080 11.0790  0.59   1567   1567   1567
  2.500  757.8450  4.0210  -0.68 282.55   2.92  -1.06  931.6760  8.9830  0.67   1564   1564   1564
  3.000  713.4010  4.0100  -0.73 280.17   2.69  -1.01  884.9490  7.3710  0.48   1564   1564   1564
  3.500  671.2310  4.0390  -0.77 277.59   2.56  -0.98  840.7280  6.4540  0.23   1563   1563   1563
  4.000  631.0280  4.0640  -0.88 274.88   2.53  -1.02  798.4550  5.9850  0.13   1562   1562   1562
  4.500  592.9010  4.0650  -0.93 272.16   2.54  -0.84  757.9430  5.6000 -0.04   1559   1559   1559
  5.000  556.7560  4.0420  -0.96 269.34   2.55  -0.83  719.3850  5.1800  0.00   1558   1558   1558
  5.500  522.4930  4.0130  -0.99 266.38   2.63  -0.84  682.7520  4.8570  0.04   1557   1557   1557
  6.000  490.1720  4.0020  -0.99 263.29   2.71  -0.76  648.1370  4.6980 -0.06   1557   1557   1557
  6.500  459.1630  4.0070  -0.95 260.03   2.92  -0.75  614.8310  4.7710  0.18   1557   1557   1557
  7.000  429.8510  3.9900  -0.92 256.69   3.02  -0.60  583.1390  4.6220 -0.19   1557   1557   1557
  7.500  402.1860  3.8650  -0.85 253.27   3.15  -0.54  553.0260  4.5960 -0.22   1554   1554   1554
  8.000  375.8290  3.9760  -0.90 249.75   3.27  -0.48  524.1010  4.5260 -0.31   1553   1553   1553
  8.500  350.7790  3.9850  -0.88 246.15   3.39  -0.39  496.3670  4.4620 -0.35   1551   1551   1551
  9.000  327.1380  3.9650  -0.86 242.44   3.44  -0.33  470.0220  4.3140 -0.43   1550   1550   1550
  9.500  304.8770  3.8450  -0.79 238.74   3.44  -0.29  444.8420  4.1620 -0.49   1546   1546   1546
 10.000  283.8290  3.8500  -0.79 235.04   3.31  -0.21  420.6650  4.1280 -0.73   1546   1546   1546
 10.500  263.7290  3.7750  -0.73 231.30   3.15  -0.18  397.2100  4.2230 -1.01   1544   1544   1544
 11.000  245.0300  3.6580  -0.69 227.72   2.97  -0.10  374.8480  4.5180 -1.18   1540   1540   1540
 11.500  227.1990  3.5430  -0.60 224.26   2.80  -0.06  352.9480  4.9140 -1.22   1540   1540   1540
 12.000  210.4860  3.3720  -0.54 220.99   2.76  -0.02  331.8320  5.4890 -1.14   1540   1540   1540
 12.500  194.8820  3.1560  -0.49 218.10   2.74   0.15  311.3230  6.0460 -0.96   1537   1537   1537
 13.000  180.1150  2.9270  -0.45 215.61   2.72   0.20  291.0740  6.2830 -0.76   1536   1536   1536
 13.500  166.3680  2.6760  -0.41 213.42   2.78   0.22  271.6260  6.4130 -0.56   1536   1536   1536
 14.000  153.6040  2.3710  -0.32 211.41   2.93   0.21  253.1880  6.3040 -0.42   1534   1534   1534
 14.500  141.7400  2.1180  -0.34 209.88   3.06   0.20  235.3420  6.0910 -0.34   1523   1523   1523
 15.000  130.6690  1.8670  -0.32 208.68   3.22   0.18  218.2160  5.7780 -0.27   1519   1519   1519
 15.500  120.4230  1.6370  -0.30 207.73   3.42   0.11  202.0290  5.4160 -0.19   1514   1514   1514
 16.000  110.9560  1.4220  -0.30 207.16   3.54   0.06  186.6680  4.9580 -0.12   1511   1511   1511
 16.500  102.2240  1.2220  -0.26 206.95   3.50   0.02  172.1480  4.3490 -0.06   1506   1506   1506
 17.000   94.1980  1.0420  -0.22 207.37   3.47   0.01  158.3060  3.8060 -0.08   1488   1488   1488
 17.500   86.8000  0.9090  -0.20 208.09   3.31   0.01  145.3640  3.2670 -0.08   1488   1488   1488
 18.000   80.0020  0.8020  -0.16 208.85   3.14   0.08  133.4820  2.7760 -0.14   1486   1486   1486
 18.500   73.7580  0.7150  -0.12 209.78   2.93   0.02  122.5160  2.3310 -0.06   1484   1484   1484
 19.000   68.0450  0.6320  -0.05 210.72   2.80  -0.08  112.5170  1.9560  0.03   1478   1478   1478
 19.500   62.7910  0.5760  -0.01 211.79   2.56  -0.12  103.3010  1.6140  0.06   1473   1473   1473
 20.000   57.9630  0.5330  -0.02 212.72   2.40  -0.15   94.9360  1.3540  0.08   1468   1468   1468
 20.500   53.5240  0.4980   0.01 213.64   2.25  -0.10   87.2850  1.1420  0.07   1463   1463   1463
 21.000   49.4440  0.4500  -0.06 214.46   2.18  -0.09   80.3210  0.9510  0.09   1452   1452   1452
 21.500   45.7160  0.4490   0.15 215.32   2.12  -0.10   73.9690  0.8400  0.05   1450   1450   1450
 22.000   42.2660  0.4370   0.27 216.16   2.05  -0.20   68.1180  0.7540  0.17   1443   1443   1443
 22.500   39.0920  0.4360   0.54 216.91   2.01  -0.20   62.7840  0.7010  0.57   1440   1440   1440
 23.000   36.1560  0.4170   0.50 217.76   1.97  -0.14   57.8440  0.6430  0.63   1432   1432   1432
 23.500   33.4490  0.3950   0.43 218.63   1.91   0.03   53.2980  0.5980  0.62   1423   1423   1423
 24.000   30.9550  0.3840   0.50 219.44   1.89   0.07   49.1410  0.5720  0.76   1416   1416   1416
 24.500   28.6490  0.3290   0.05 220.20   1.93   0.02   45.3240  0.4670 -0.07   1395   1395   1395
 25.000   26.5380  0.3250   0.14 220.99   1.91   0.07   41.8340  0.4560  0.12   1385   1385   1385
 25.500   24.5840  0.3150   0.27 221.74   1.91   0.05   38.6220  0.4290  0.27   1376   1376   1376
 26.000   22.7800  0.3030   0.25 222.43   1.93   0.03   35.6770  0.4050  0.37   1370   1370   1370
 26.500   21.1100  0.2900   0.29 223.14   1.95   0.13   32.9560  0.3880  0.41   1362   1362   1362
 27.000   19.5630  0.2620   0.01 223.79   2.05   0.14   30.4530  0.3400 -0.11   1222   1222   1222
 27.500   18.1310  0.2490   0.10 224.39   1.99  -0.02   28.1480  0.3320 -0.04   1171   1171   1171
 28.000   16.8170  0.2440   0.26 225.04   2.01  -0.06   26.0330  0.3290  0.20   1150   1150   1150
 28.500   15.6000  0.2320   0.22 225.63   2.05   0.02   24.0860  0.3060  0.15   1124   1124   1124
 29.000   14.4720  0.2210   0.23 226.20   2.10   0.07   22.2870  0.2860  0.16   1092   1092   1092
 29.500   13.4260  0.2070   0.11 226.79   2.13   0.14   20.6220  0.2600 -0.01   1042   1042   1042
 30.000   12.4650  0.1980   0.13 227.38   2.16   0.04   19.0950  0.2460 -0.10    952    952    952
     T A B L E  II -  10.  T H E R M O D Y N A M I C  S T A T I S T I C A L  P A R A M E T E R S
                                   October
 STATION =   724020     WALLOP ISLAND, VA
    Z      MEAN P   SD P   SKEWP  MEAN T  SD T  SKEWT    MEAN D   SD D  SKEWD  NOBSP  NOBST  NOBSD
    KM       MB       MB             K      K             G/M3    G/M3                           
  0.000 1020.0000  5.0000   0.00 290.00   5.00   0.00 1221.0000 25.0000  0.00    100    100    100
  0.004 1016.8560  6.9250  -0.39 287.77   4.87  -0.22 1225.0341 26.6810  0.28   1584   1584   1584
  0.500  959.8800  6.4170  -0.51 286.83   4.88  -0.11 1161.0640 23.4520  0.14   1585   1585   1585
  1.000  904.4340  6.0920  -0.61 284.35   5.02  -0.30 1104.2620 21.5120  0.28   1585   1585   1585
  1.500  851.8410  5.9370  -0.67 282.43   4.93  -0.64 1047.8110 18.3890  0.51   1586   1586   1586
  2.000  801.8480  6.0040  -0.68 280.56   4.74  -0.85  993.4380 15.2560  0.65   1586   1586   1586
  2.500  754.4390  6.0820  -0.69 278.55   4.58  -0.99  941.8480 12.9080  0.74   1586   1586   1586
  3.000  709.5650  6.1730  -0.71 276.32   4.41  -1.06  893.2570 11.0610  0.72   1586   1586   1586
  3.500  667.0110  6.3110  -0.76 273.89   4.31  -1.06  847.3380  9.7820  0.54   1586   1586   1586
  4.000  626.5170  6.3900  -0.78 271.24   4.26  -1.05  803.8410  8.8830  0.35   1586   1586   1586
  4.500  588.1230  6.4380  -0.81 268.44   4.22  -1.01  762.6160  8.0420  0.22   1585   1585   1585
  5.000  551.7510  6.4690  -0.84 265.48   4.30  -0.96  723.5680  7.5610  0.14   1584   1584   1584
  5.500  517.3070  6.4930  -0.86 262.42   4.33  -0.88  686.4100  7.0420 -0.01   1583   1583   1583
  6.000  484.7770  6.5790  -0.89 259.21   4.36  -0.77  651.2610  6.6080 -0.22   1583   1583   1583
  6.500  453.6440  6.5600  -0.89 255.84   4.38  -0.64  617.5220  6.3150 -0.47   1582   1582   1582
  7.000  424.2240  6.5260  -0.87 252.38   4.42  -0.53  585.4180  6.1700 -0.64   1581   1581   1581
  7.500  396.5380  6.4550  -0.89 248.89   4.42  -0.37  554.9360  6.1360 -0.81   1581   1581   1581
  8.000  370.0190  6.4350  -0.81 245.29   4.42  -0.17  525.4360  6.0870 -0.91   1579   1579   1579
  8.500  344.9410  6.3380  -0.75 241.68   4.40  -0.01  497.1690  6.2380 -1.06   1579   1579   1579
  9.000  321.2860  6.2380  -0.68 238.04   4.38   0.07  470.1850  6.4920 -1.30   1578   1578   1578
  9.500  299.0930  6.0340  -0.64 234.46   4.34   0.15  444.4060  6.8300 -1.50   1576   1576   1576
 10.000  277.9820  5.9000  -0.53 230.98   4.28   0.20  419.2770  7.2790 -1.67   1574   1574   1574
 10.500  258.0590  5.6240  -0.42 227.58   4.19   0.23  395.0570  7.6780 -1.70   1574   1574   1574
 11.000  239.4140  5.4070  -0.34 224.47   4.03   0.26  371.6100  8.1180 -1.58   1574   1574   1574
 11.500  221.7790  5.1070  -0.24 221.62   3.89   0.26  348.6870  8.5410 -1.34   1572   1572   1572
 12.000  205.3180  4.7570  -0.14 219.05   3.85   0.24  326.6200  8.9040 -1.07   1572   1572   1572
 12.500  189.9550  4.4500  -0.07 216.95   3.67   0.27  305.1170  9.0480 -0.80   1569   1569   1569
 13.000  175.5160  4.0680   0.00 215.12   3.49   0.36  284.3290  8.8950 -0.56   1567   1567   1567
 13.500  162.1160  3.6920   0.06 213.43   3.43   0.40  264.7180  8.6620 -0.38   1567   1567   1567
 14.000  149.7300  3.2830   0.09 211.81   3.53   0.38  246.3820  8.3500 -0.23   1565   1565   1565
 14.500  138.1340  2.9450   0.12 210.52   3.61   0.32  228.7030  7.9630 -0.07   1560   1560   1560
 15.000  127.3690  2.6030   0.15 209.39   3.78   0.17  212.0270  7.4900  0.06   1559   1559   1559
 15.500  117.4030  2.2790   0.16 208.44   3.96   0.02  196.3390  6.9680  0.16   1558   1558   1558
 16.000  108.1930  1.9810   0.14 207.70   4.09  -0.11  181.5850  6.3680  0.23   1557   1557   1557
 16.500   99.7330  1.6900   0.13 207.29   4.17  -0.10  167.7120  5.7000  0.23   1543   1543   1543
 17.000   91.8960  1.4730   0.13 207.50   4.06  -0.16  154.3730  5.0030  0.24   1533   1533   1533
 17.500   84.6770  1.2840   0.13 207.93   3.88  -0.09  141.9440  4.2950  0.20   1529   1529   1529
 18.000   78.0350  1.1230   0.16 208.60   3.68  -0.05  130.3770  3.6520  0.20   1525   1525   1525
 18.500   71.9330  0.9750   0.16 209.39   3.41   0.01  119.7180  3.0290  0.21   1520   1520   1520
 19.000   66.3680  0.8590   0.11 210.18   3.19  -0.01  110.0370  2.5200  0.17   1512   1512   1512
 19.500   61.2240  0.7750   0.14 211.04   3.01   0.05  101.0860  2.1300  0.13   1510   1510   1510
 20.000   56.4930  0.7060   0.14 211.78   2.81   0.04   92.9450  1.7870  0.09   1506   1506   1506
 20.500   52.1400  0.6500   0.19 212.51   2.73  -0.01   85.4880  1.5460  0.06   1499   1499   1499
 21.000   48.1670  0.5980   0.15 213.22   2.62  -0.04   78.7070  1.3130  0.05   1484   1484   1484
 21.500   44.4910  0.5610   0.11 213.91   2.54  -0.00   72.4640  1.1460 -0.03   1481   1481   1481
 22.000   41.1120  0.5390   0.24 214.59   2.44  -0.05   66.7470  1.0160 -0.02   1476   1476   1476
 22.500   37.9950  0.5120   0.25 215.31   2.45  -0.06   61.4790  0.9080 -0.08   1473   1473   1473
 23.000   35.1180  0.4860   0.24 216.05   2.41  -0.03   56.6290  0.8060 -0.07   1470   1470   1470
 23.500   32.4720  0.4640   0.25 216.77   2.43  -0.06   52.1870  0.7430  0.02   1462   1462   1462
 24.000   30.0290  0.4260   0.23 217.51   2.43   0.02   48.0980  0.6610 -0.03   1450   1450   1450
 24.500   27.7870  0.4080   0.07 218.11   2.44   0.03   44.3820  0.5900 -0.37   1433   1433   1433
 25.000   25.7210  0.3980   0.22 218.73   2.45  -0.00   40.9660  0.5680 -0.16   1424   1424   1424
 25.500   23.8050  0.3820   0.23 219.36   2.44  -0.06   37.8050  0.5270 -0.04   1418   1418   1418
 26.000   22.0400  0.3690   0.27 219.96   2.51  -0.16   34.9080  0.5060  0.20   1407   1407   1407
 26.500   20.4060  0.3420   0.36 220.57   2.58  -0.11   32.2290  0.4610  0.34   1379   1379   1379
 27.000   18.8830  0.3150   0.18 221.10   2.61  -0.16   29.7520  0.4190  0.15   1212   1212   1212
 27.500   17.4970  0.3020   0.16 221.62   2.68  -0.25   27.5030  0.3870  0.35   1183   1183   1183
 28.000   16.2110  0.2910   0.11 222.17   2.77  -0.26   25.4180  0.3680  0.26   1158   1158   1158
 28.500   15.0260  0.2790   0.12 222.71   2.86  -0.31   23.5030  0.3530  0.38   1123   1123   1123
 29.000   13.9230  0.2600   0.03 223.25   2.93  -0.27   21.7250  0.3270  0.08   1062   1062   1062
 29.500   12.9060  0.2510  -0.05 223.77   3.09  -0.22   20.0910  0.3120 -0.06    987    987    987
 30.000   11.9690  0.2400  -0.09 224.34   3.17  -0.32   18.5850  0.2930 -0.23    871    871    871
     T A B L E  II -  11.  T H E R M O D Y N A M I C  S T A T I S T I C A L  P A R A M E T E R S
                                  November
 STATION =   724020     WALLOP ISLAND, VA
    Z      MEAN P   SD P   SKEWP  MEAN T  SD T  SKEWT    MEAN D   SD D  SKEWD  NOBSP  NOBST  NOBSD
    KM       MB       MB             K      K             G/M3    G/M3                           
  0.000 1020.0000  5.0000   0.00 290.00   5.00   0.00 1221.0000 25.0000  0.00    100    100    100
  0.004 1018.3870  7.8320  -0.41 282.36   5.17  -0.09 1252.6140 30.0520  0.14   1464   1464   1464
  0.500  960.2360  7.1350  -0.52 281.88   5.90  -0.08 1183.7170 28.9710  0.14   1464   1464   1464
  1.000  903.7670  6.6800  -0.60 279.84   6.11  -0.29 1122.6870 26.6350  0.30   1464   1464   1464
  1.500  850.3740  6.4750  -0.64 278.24   5.94  -0.53 1062.8101 22.7230  0.47   1464   1464   1464
  2.000  799.7330  6.5630  -0.63 276.60   5.60  -0.67 1005.7400 18.7410  0.55   1464   1464   1464
  2.500  751.7840  6.6840  -0.64 274.70   5.34  -0.79  952.1570 15.5910  0.63   1464   1464   1464
  3.000  706.4740  6.8180  -0.66 272.65   5.10  -0.81  901.6780 13.0930  0.60   1464   1464   1464
  3.500  663.4930  7.0480  -0.69 270.26   4.96  -0.85  854.4800 11.2570  0.47   1464   1464   1464
  4.000  622.6580  7.1590  -0.73 267.59   4.88  -0.85  810.0140  9.8650  0.35   1464   1464   1464
  4.500  584.0030  7.2360  -0.76 264.77   4.83  -0.87  767.9280  8.8710  0.32   1462   1462   1462
  5.000  547.3980  7.3040  -0.78 261.77   4.85  -0.86  728.1370  8.1050  0.25   1461   1461   1461
  5.500  512.7660  7.3190  -0.79 258.62   4.85  -0.84  690.4440  7.5230  0.14   1460   1460   1460
  6.000  480.0300  7.4610  -0.78 255.35   4.82  -0.73  654.6920  7.0100 -0.12   1460   1460   1460
  6.500  448.7310  7.4440  -0.78 251.95   4.78  -0.64  620.3000  6.6770 -0.25   1459   1459   1459
  7.000  419.1800  7.3830  -0.77 248.47   4.76  -0.55  587.6080  6.5430 -0.46   1459   1459   1459
  7.500  391.3810  7.3540  -0.77 244.97   4.73  -0.43  556.4990  6.5520 -0.74   1458   1458   1458
  8.000  364.7750  7.2840  -0.71 241.39   4.65  -0.28  526.3830  6.7180 -1.11   1457   1457   1457
  8.500  339.6640  7.1310  -0.67 237.79   4.57  -0.15  497.5850  6.9010 -1.31   1454   1454   1454
  9.000  316.0090  6.9380  -0.62 234.23   4.46  -0.05  469.9880  7.3280 -1.42   1447   1447   1447
  9.500  293.8570  6.7010  -0.59 230.77   4.31   0.10  443.6070  7.9100 -1.54   1447   1447   1447
 10.000  272.7980  6.4710  -0.50 227.39   4.19   0.21  417.9540  8.6860 -1.55   1446   1446   1446
 10.500  253.0400  6.0880  -0.44 224.18   4.14   0.39  393.2660  9.4430 -1.46   1444   1444   1444
 11.000  234.4360  5.8090  -0.34 221.35   4.14   0.53  369.0550 10.2310 -1.25   1442   1442   1442
 11.500  216.9530  5.4100  -0.27 218.81   4.26   0.59  345.5340 10.7750 -1.04   1439   1439   1439
 12.000  200.7350  4.9340  -0.18 216.74   4.43   0.55  322.8040 11.0340 -0.77   1433   1433   1433
 12.500  185.5360  4.5500  -0.10 215.30   4.48   0.36  300.3870 10.9230 -0.50   1429   1429   1429
 13.000  171.3720  4.1050  -0.06 214.16   4.39   0.26  278.9400 10.3020 -0.34   1426   1426   1426
 13.500  158.2510  3.6850  -0.02 213.17   4.26   0.12  258.7800  9.6000 -0.15   1425   1425   1425
 14.000  146.1500  3.2790  -0.01 212.15   4.18   0.01  240.1400  8.9130 -0.01   1419   1419   1419
 14.500  134.8280  2.9150  -0.01 211.24   3.96   0.03  222.4880  8.0620  0.04   1414   1414   1414
 15.000  124.3550  2.5710  -0.02 210.34   3.88   0.12  206.0820  7.3290  0.04   1414   1414   1414
 15.500  114.6720  2.2610  -0.04 209.53   3.89   0.10  190.7640  6.6600  0.06   1412   1412   1412
 16.000  105.7250  1.9800  -0.08 208.81   3.97   0.02  176.4910  6.0920  0.13   1411   1411   1411
 16.500   97.5240  1.7000  -0.12 208.32   4.03  -0.03  163.1840  5.4790  0.16   1388   1388   1388
 17.000   89.8680  1.4890  -0.16 208.24   3.89   0.05  150.4210  4.7680  0.10   1381   1381   1381
 17.500   82.8210  1.3020  -0.21 208.36   3.79  -0.03  138.5390  4.1740  0.13   1376   1376   1376
 18.000   76.3340  1.1420  -0.24 208.63   3.67  -0.08  127.5150  3.6020  0.15   1374   1374   1374
 18.500   70.3840  0.9820  -0.23 208.94   3.58  -0.05  117.3990  3.0650  0.15   1367   1367   1367
 19.000   64.9150  0.8810  -0.26 209.46   3.40  -0.02  108.0010  2.5890  0.10   1356   1356   1356
 19.500   59.8620  0.7970  -0.26 209.94   3.21   0.09   99.3580  2.1840 -0.01   1349   1349   1349
 20.000   55.2140  0.7260  -0.24 210.45   3.11   0.12   91.4200  1.8690 -0.07   1344   1344   1344
 20.500   50.9370  0.6680  -0.09 210.95   3.09   0.13   84.1350  1.6470 -0.10   1339   1339   1339
 21.000   47.0210  0.6140  -0.08 211.54   3.03   0.13   77.4500  1.4340 -0.17   1310   1310   1310
 21.500   43.4000  0.5760  -0.01 212.09   2.99   0.03   71.2990  1.2740 -0.18   1308   1308   1308
 22.000   40.0670  0.5440   0.07 212.60   2.98  -0.03   65.6630  1.1220 -0.18   1306   1306   1306
 22.500   36.9970  0.5160   0.07 213.14   2.99   0.02   60.4780  0.9890 -0.20   1302   1302   1302
 23.000   34.1670  0.4930   0.10 213.63   3.12   0.20   55.7220  0.9010 -0.25   1296   1296   1296
 23.500   31.5590  0.4700   0.09 214.15   3.19   0.29   51.3450  0.8100 -0.17   1287   1287   1287
 24.000   29.1750  0.4460   0.04 214.67   3.28   0.37   47.3510  0.7450 -0.19   1255   1255   1255
 24.500   26.9650  0.4280   0.11 215.15   3.34   0.40   43.6660  0.6810 -0.10   1245   1245   1245
 25.000   24.9310  0.4200   0.22 215.64   3.37   0.40   40.2810  0.6420  0.05   1235   1235   1235
 25.500   23.0500  0.4010   0.21 216.11   3.46   0.35   37.1600  0.6080  0.17   1226   1226   1226
 26.000   21.3150  0.3850   0.22 216.58   3.45   0.46   34.2890  0.5600  0.29   1218   1218   1218
 26.500   19.7090  0.3600   0.10 217.16   3.62   0.50   31.6190  0.5080 -0.06   1126   1126   1126
 27.000   18.2190  0.3460   0.15 217.62   3.67   0.46   29.1690  0.4720 -0.04   1056   1056   1056
 27.500   16.8570  0.3320   0.19 218.11   3.66   0.42   26.9260  0.4380 -0.05   1040   1040   1040
 28.000   15.5980  0.3170   0.18 218.60   3.73   0.45   24.8590  0.4230 -0.12   1023   1023   1023
 28.500   14.4440  0.3040   0.21 219.17   3.83   0.52   22.9600  0.4110  0.01    991    991    991
 29.000   13.3720  0.2940   0.17 219.73   3.92   0.57   21.2010  0.3910 -0.03    945    945    945
 29.500   12.3840  0.2830   0.27 220.49   4.05   0.59   19.5680  0.3750  0.03    880    880    880
 30.000   11.4690  0.2680   0.25 221.00   4.18   0.69   18.0810  0.3580 -0.17    771    771    771
     T A B L E  II -  12.  T H E R M O D Y N A M I C  S T A T I S T I C A L  P A R A M E T E R S
                                  December
 STATION =   724020     WALLOP ISLAND, VA
    Z      MEAN P   SD P   SKEWP  MEAN T  SD T  SKEWT    MEAN D   SD D  SKEWD  NOBSP  NOBST  NOBSD
    KM       MB       MB             K      K             G/M3    G/M3                           
  0.000 1020.0000  5.0000   0.00 290.00   5.00   0.00 1221.0000 25.0000  0.00    100    100    100
  0.004 1018.2650  8.5540  -0.47 278.22   5.41   0.12 1272.2970 31.5520 -0.07   1579   1579   1579
  0.500  959.2390  7.8440  -0.56 277.79   6.54   0.14 1200.7770 32.1540 -0.09   1583   1583   1583
  1.000  902.0240  7.4180  -0.63 276.27   6.78  -0.12 1135.6790 29.3050  0.08   1583   1583   1583
  1.500  848.0400  7.3310  -0.67 274.94   6.72  -0.41 1073.0920 25.2580  0.30   1584   1584   1584
  2.000  796.9360  7.5360  -0.65 273.53   6.39  -0.54 1013.8210 20.7670  0.37   1583   1583   1583
  2.500  748.6390  7.7630  -0.66 271.79   6.07  -0.60  958.6140 17.1800  0.38   1581   1581   1581
  3.000  703.0400  7.9600  -0.68 269.82   5.87  -0.68  906.9450 14.5120  0.43   1581   1581   1581
  3.500  659.8040  8.2440  -0.68 267.45   5.70  -0.72  858.8250 12.2670  0.38   1580   1580   1580
  4.000  618.7780  8.3960  -0.71 264.79   5.65  -0.77  813.6140 10.7960  0.39   1580   1580   1580
  4.500  579.9730  8.5360  -0.73 261.97   5.61  -0.85  770.8830  9.6690  0.35   1580   1580   1580
  5.000  543.2400  8.6260  -0.75 258.96   5.53  -0.84  730.5070  8.6380  0.18   1579   1579   1579
  5.500  508.5190  8.6510  -0.77 255.82   5.51  -0.80  692.2440  7.8590  0.01   1579   1579   1579
  6.000  475.6450  8.8240  -0.77 252.57   5.54  -0.71  655.8900  7.3470 -0.21   1579   1579   1579
  6.500  444.3200  8.8080  -0.78 249.18   5.51  -0.65  621.0510  6.8950 -0.22   1579   1579   1579
  7.000  414.7620  8.7100  -0.77 245.75   5.39  -0.56  587.8400  6.6400 -0.37   1579   1579   1579
  7.500  386.9480  8.7160  -0.77 242.33   5.23  -0.40  556.1790  6.7300 -0.49   1577   1577   1577
  8.000  360.3710  8.5600  -0.72 238.81   5.03  -0.23  525.6290  7.0250 -0.75   1576   1576   1576
  8.500  335.3110  8.3580  -0.67 235.31   4.74  -0.07  496.3690  7.5830 -1.03   1572   1572   1572
  9.000  311.7390  8.0550  -0.60 231.90   4.47   0.03  468.2790  8.4030 -1.35   1567   1567   1567
  9.500  289.7210  7.7830  -0.56 228.63   4.19   0.07  441.4410  9.5410 -1.49   1564   1564   1564
 10.000  268.7570  7.4020  -0.46 225.48   4.05   0.09  415.2710 10.5760 -1.49   1562   1562   1562
 10.500  249.1690  6.9350  -0.40 222.56   4.08   0.26  390.1030 11.5500 -1.39   1557   1557   1557
 11.000  230.7340  6.5060  -0.29 220.14   4.14   0.52  365.2650 12.3210 -1.15   1553   1553   1553
 11.500  213.4630  5.9750  -0.21 218.05   4.47   0.62  341.2300 12.9020 -0.88   1553   1553   1553
 12.000  197.4500  5.4340  -0.14 216.46   4.95   0.48  318.0180 13.2740 -0.57   1546   1546   1546
 12.500  182.4760  4.9080  -0.07 215.53   5.08   0.28  295.1930 12.8110 -0.31   1543   1543   1543
 13.000  168.5780  4.3720  -0.03 214.89   5.09   0.04  273.5330 11.9020 -0.10   1539   1539   1539
 13.500  155.7200  3.8710   0.02 214.23   4.84  -0.09  253.4350 10.6530  0.02   1536   1536   1536
 14.000  143.8480  3.4450   0.03 213.50   4.55  -0.24  234.8910  9.5030  0.09   1519   1519   1519
 14.500  132.7770  3.0490   0.04 212.69   4.22  -0.04  217.6280  8.3990  0.03   1517   1517   1517
 15.000  122.5370  2.6920   0.06 211.80   3.98   0.05  201.6690  7.4640  0.01   1516   1516   1516
 15.500  113.0570  2.3710   0.06 210.94   4.00   0.12  186.8290  6.8060  0.04   1515   1515   1515
 16.000  104.2910  2.0810   0.06 210.06   4.05   0.09  173.0690  6.1840  0.07   1515   1515   1515
 16.500   96.2320  1.8220   0.03 209.43   4.05   0.05  160.1720  5.5710  0.10   1476   1476   1476
 17.000   88.7170  1.5920   0.01 209.05   4.06  -0.02  147.9280  4.9920  0.15   1471   1471   1471
 17.500   81.7810  1.3900  -0.02 208.87   3.98  -0.08  136.4730  4.3830  0.19   1466   1466   1466
 18.000   75.3890  1.2140  -0.05 208.88   3.87  -0.20  125.7970  3.8420  0.25   1464   1464   1464
 18.500   69.5260  1.0550  -0.14 208.93   3.80  -0.19  115.9790  3.3290  0.24   1444   1444   1444
 19.000   64.1030  0.9480  -0.17 209.19   3.57  -0.19  106.7910  2.8380  0.21   1430   1430   1430
 19.500   59.1050  0.8500  -0.23 209.58   3.33  -0.15   98.2790  2.4020  0.15   1426   1426   1426
 20.000   54.5050  0.7660  -0.27 209.98   3.16  -0.12   90.4510  2.0570  0.12   1423   1423   1423
 20.500   50.2860  0.6820  -0.30 210.40   3.01  -0.04   83.2810  1.7400  0.07   1412   1412   1412
 21.000   46.4080  0.6380  -0.34 210.84   2.91   0.17   76.6940  1.5230 -0.04   1385   1385   1385
 21.500   42.8220  0.5860  -0.38 211.30   2.90   0.30   70.6140  1.3370 -0.11   1379   1379   1379
 22.000   39.5210  0.5490  -0.39 211.72   3.04   0.41   65.0400  1.2180 -0.16   1377   1377   1377
 22.500   36.4790  0.5140  -0.41 212.13   3.13   0.56   59.9160  1.1130 -0.24   1369   1369   1369
 23.000   33.6770  0.4840  -0.42 212.63   3.30   0.65   55.1860  1.0290 -0.30   1363   1363   1363
 23.500   31.0970  0.4600  -0.32 213.14   3.50   0.75   50.8370  0.9490 -0.28   1357   1357   1357
 24.000   28.7430  0.4350  -0.34 213.64   3.74   0.77   46.8800  0.8990 -0.30   1327   1327   1327
 24.500   26.5540  0.4160  -0.28 214.09   3.90   0.70   43.2180  0.8260 -0.34   1321   1321   1321
 25.000   24.5390  0.4060  -0.12 214.57   4.07   0.85   39.8490  0.7710 -0.37   1314   1314   1314
 25.500   22.6760  0.3900  -0.09 215.03   4.26   0.89   36.7450  0.7110 -0.39   1304   1304   1304
 26.000   20.9670  0.3780   0.17 215.53   4.50   0.80   33.8980  0.6730 -0.34   1290   1290   1290
 26.500   19.3690  0.3580   0.08 216.06   4.87   0.83   31.2390  0.6380 -0.58   1143   1143   1143
 27.000   17.9120  0.3470   0.26 216.58   5.03   0.94   28.8190  0.5950 -0.53   1120   1120   1120
 27.500   16.5740  0.3360   0.30 217.19   5.23   0.98   26.5910  0.5590 -0.58   1096   1096   1096
 28.000   15.3400  0.3350   0.49 217.76   5.46   0.94   24.5470  0.5380 -0.41   1072   1072   1072
 28.500   14.1970  0.3220   0.37 218.29   5.67   0.98   22.6630  0.5040 -0.47   1027   1027   1027
 29.000   13.1430  0.3150   0.46 218.86   5.84   0.93   20.9270  0.4720 -0.42    981    981    981
 29.500   12.1720  0.3070   0.52 219.54   6.03   0.86   19.3190  0.4450 -0.32    900    900    900
 30.000   11.2760  0.2990   0.54 220.28   6.29   0.79   17.8370  0.4250 -0.30    773    773    773
     T A B L E  II -  13.  T H E R M O D Y N A M I C  S T A T I S T I C A L  P A R A M E T E R S
                                    Annual
 STATION =   724020     WALLOP ISLAND, VA
    Z      MEAN P   SD P   SKEWP  MEAN T  SD T  SKEWT    MEAN D   SD D  SKEWD  NOBSP  NOBST  NOBSD
    KM       MB       MB             K      K             G/M3    G/M3                           
  0.000 1020.0000  5.0000   0.00 290.00   5.00   0.00 1221.0000 25.0000  0.00    100    100    100
  0.004 1016.0720  7.3290  -0.10 286.59   8.99  -0.22 1230.1000 45.9430  0.38  18817  18817  18817
  0.500  958.8010  6.6460  -0.52 285.58   9.02  -0.47 1165.6740 41.1750  0.56  18824  18824  18824
  1.000  903.1400  6.5020  -0.80 283.26   8.70  -0.59 1107.4680 35.5810  0.66  18824  18824  18824
  1.500  850.3850  6.7530  -0.90 281.06   8.16  -0.70 1051.3361 29.4480  0.73  18825  18825  18825
  2.000  800.2160  7.2910  -0.89 278.92   7.67  -0.76  997.3470 24.0050  0.78  18834  18834  18834
  2.500  752.6220  7.8130  -0.88 276.71   7.32  -0.79  945.9110 19.7420  0.81  18825  18825  18825
  3.000  707.5730  8.2660  -0.88 274.38   7.04  -0.82  897.0920 16.4070  0.82  18819  18819  18819
  3.500  664.7970  8.7700  -0.87 271.85   6.89  -0.82  850.9640 13.8240  0.78  18815  18815  18815
  4.000  624.1230  9.1390  -0.87 269.12   6.82  -0.81  807.1770 11.9120  0.74  18807  18807  18807
  4.500  585.6040  9.4510  -0.87 266.27   6.84  -0.79  765.6050 10.4500  0.66  18796  18796  18796
  5.000  549.1060  9.7080  -0.86 263.32   6.91  -0.74  726.0750  9.2860  0.55  18785  18785  18785
  5.500  514.5740  9.8850  -0.85 260.25   7.01  -0.69  688.5210  8.3590  0.44  18776  18776  18776
  6.000  481.9100 10.1780  -0.83 257.06   7.12  -0.62  652.8820  7.5270  0.30  18766  18766  18766
  6.500  450.7040 10.2950  -0.81 253.73   7.21  -0.54  618.6750  6.8950  0.19  18755  18755  18755
  7.000  421.2420 10.3460  -0.78 250.33   7.25  -0.45  586.1240  6.4130  0.02  18746  18746  18746
  7.500  393.4670 10.3990  -0.78 246.88   7.24  -0.35  555.1400  6.1630 -0.17  18721  18721  18721
  8.000  366.9760 10.4520  -0.71 243.34   7.20  -0.25  525.3030  6.1400 -0.59  18692  18692  18692
  8.500  341.9100 10.3790  -0.66 239.77   7.09  -0.16  496.7090  6.4130 -1.14  18665  18665  18665
  9.000  318.3000 10.2290  -0.60 236.21   6.91  -0.08  469.3870  6.9700 -1.66  18628  18628  18628
  9.500  296.1460 10.0090  -0.56 232.74   6.61  -0.00  443.2310  7.8810 -1.98  18606  18606  18606
 10.000  275.1440  9.8260  -0.48 229.33   6.30   0.01  417.9210  8.9370 -2.08  18592  18592  18592
 10.500  255.3180  9.4150  -0.41 226.07   5.92   0.00  393.4200 10.0550 -1.97  18566  18566  18566
 11.000  236.7450  9.0990  -0.34 223.20   5.47  -0.04  369.5230 11.3170 -1.69  18535  18535  18535
 11.500  219.2340  8.6230  -0.26 220.62   5.14  -0.13  346.2230 12.4770 -1.38  18517  18517  18517
 12.000  202.9320  8.0700  -0.19 218.42   4.93  -0.16  323.7790 13.3960 -1.07  18476  18476  18476
 12.500  187.7040  7.5520  -0.13 216.77   4.66  -0.07  301.8110 13.9450 -0.76  18436  18436  18436
 13.000  173.4530  6.9160  -0.08 215.46   4.52   0.04  280.6350 13.9060 -0.51  18415  18415  18415
 13.500  160.2400  6.2870  -0.04 214.29   4.51   0.10  260.7180 13.5540 -0.30  18396  18396  18396
 14.000  148.0320  5.6750  -0.03 213.16   4.56   0.10  242.1500 12.9120 -0.15  18320  18320  18320
 14.500  136.6440  5.1380  -0.00 212.23   4.47   0.10  224.5110 11.9810 -0.05  18271  18271  18271
 15.000  126.0840  4.6100   0.00 211.40   4.36   0.07  207.9620 10.8650  0.00  18251  18251  18251
 15.500  116.3160  4.1330   0.01 210.66   4.28   0.05  192.5140  9.7640  0.02  18225  18225  18225
 16.000  107.2880  3.7050   0.01 210.04   4.19  -0.00  178.0830  8.6840  0.02  18193  18193  18193
 16.500   99.0100  3.3080   0.00 209.65   4.07  -0.03  164.6360  7.6270 -0.02  17972  17972  17972
 17.000   91.2900  2.9960   0.01 209.61   3.88  -0.05  151.8090  6.6510 -0.05  17837  17837  17837
 17.500   84.1810  2.7230   0.03 209.76   3.66  -0.10  139.8760  5.7460 -0.08  17801  17801  17801
 18.000   77.6340  2.4860   0.05 210.04   3.48  -0.17  128.8090  4.9630 -0.11  17752  17752  17752
 18.500   71.6230  2.2640   0.06 210.45   3.34  -0.24  118.5940  4.2630 -0.14  17654  17654  17654
 19.000   66.0960  2.0950   0.06 211.00   3.21  -0.32  109.1450  3.6990 -0.16  17563  17563  17563
 19.500   60.9930  1.9490   0.08 211.64   3.12  -0.39  100.4070  3.2110 -0.17  17513  17513  17513
 20.000   56.2990  1.8200   0.09 212.30   3.10  -0.47   92.3860  2.8210 -0.17  17453  17453  17453
 20.500   51.9830  1.7020   0.11 212.95   3.13  -0.50   85.0390  2.4950 -0.14  17379  17379  17379
 21.000   48.0290  1.5930   0.09 213.62   3.17  -0.52   78.3210  2.2310 -0.15  17178  17178  17178
 21.500   44.3720  1.5080   0.09 214.28   3.23  -0.56   72.1330  2.0260 -0.12  17102  17102  17102
 22.000   41.0030  1.4280   0.09 214.93   3.31  -0.58   66.4510  1.8450 -0.08  17037  17037  17037
 22.500   37.9000  1.3550   0.09 215.57   3.42  -0.56   61.2370  1.6870 -0.05  16976  16976  16976
 23.000   35.0350  1.2850   0.08 216.22   3.56  -0.53   56.4360  1.5530 -0.04  16894  16894  16894
 23.500   32.3930  1.2180   0.08 216.88   3.69  -0.51   52.0220  1.4330 -0.03  16803  16803  16803
 24.000   29.9770  1.1450   0.06 217.56   3.84  -0.49   47.9910  1.3110 -0.04  16569  16569  16569
 24.500   27.7320  1.0880   0.04 218.19   3.98  -0.48   44.2670  1.2110 -0.09  16387  16387  16387
 25.000   25.6680  1.0390   0.03 218.87   4.12  -0.46   40.8440  1.1430 -0.10  16265  16265  16265
 25.500   23.7570  0.9900   0.03 219.54   4.29  -0.46   37.6870  1.0750 -0.11  16152  16152  16152
 26.000   21.9960  0.9430   0.02 220.20   4.45  -0.44   34.7880  1.0150 -0.13  16025  16025  16025
 26.500   20.4040  0.8950  -0.05 221.07   4.59  -0.48   32.1430  0.9570 -0.19  15255  15255  15255
 27.000   18.8890  0.8620  -0.03 221.69   4.78  -0.44   29.6720  0.9160 -0.20  14229  14229  14229
 27.500   17.4760  0.8100  -0.01 222.28   4.87  -0.42   27.3790  0.8700 -0.19  13586  13586  13586
 28.000   16.1960  0.7710  -0.01 223.01   5.00  -0.44   25.2910  0.8330 -0.20  13300  13300  13300
 28.500   15.0210  0.7340  -0.03 223.78   5.13  -0.45   23.3750  0.8000 -0.22  12877  12877  12877
 29.000   13.9350  0.6970  -0.05 224.57   5.24  -0.46   21.6080  0.7650 -0.22  12272  12272  12272
 29.500   12.9350  0.6610  -0.07 225.44   5.35  -0.49   19.9790  0.7320 -0.24  11458  11458  11458
 30.000   12.0120  0.6290  -0.10 226.29   5.44  -0.51   18.4840  0.7010 -0.26  10216  10216  10216
