      72572      40.77N  111.97W
  T A B L E  III -   1.  M O I S T U R E  R E L A T E D  S T A T I S T I C A L  P A R A M E T E R S
                                   January
 STATION =   725720     DUGWAY PROVING GROUNDS
      Z VAPOR P   SD VP SKEW VP      TV      TV SKEW TV DEWPT T  SD DPT SKW DPT NOBS TP NOBS TV   
           MEAN                    MEAN      SD            MEAN                                   
     KM      MB      MB          KELVIN  KELVIN          KELVIN  KELVIN                           
  0.000  16.000   6.000    0.00  291.00    6.00    0.00  290.00    7.00    0.00       0       0
  1.289   4.422   1.417    0.35  272.95    5.42   -0.04  268.13    4.47   -0.39    1164    1164
  1.500   3.913   1.356    0.49  272.97    5.28   -0.05  266.44    4.70   -0.33    1163    1163
  2.000   3.278   1.305    0.58  272.03    5.27   -0.24  263.92    5.37   -0.43    1163    1163
  2.500   2.732   1.239    0.49  269.71    5.55   -0.32  261.23    6.49   -0.92    1162    1162
  3.000   2.199   1.160    0.44  267.06    5.63   -0.36  257.88    8.11   -1.18    1162    1162
  3.500   1.747   1.011    0.52  264.47    5.61   -0.41  254.68    8.81   -1.06    1162    1162
  4.000   1.347   0.865    0.65  261.77    5.60   -0.50  251.23    9.26   -0.83    1161    1161
  4.500   1.053   0.703    0.75  258.83    5.57   -0.53  248.23    9.41   -0.82    1161    1161
  5.000   0.796   0.548    0.87  255.66    5.59   -0.54  245.02    9.39   -0.84    1162    1162
  5.500   0.596   0.430    0.87  252.37    5.61   -0.56  241.59    9.77   -0.89    1162    1162
  6.000   0.423   0.311    0.96  248.91    5.65   -0.52  238.06    9.36   -0.80    1162    1162
  6.500   0.300   0.224    1.02  245.36    5.61   -0.47  234.55    9.16   -0.79    1163    1163
  7.000   0.208   0.159    1.08  241.75    5.50   -0.41  230.99    9.08   -0.83    1158    1158
  7.500   0.138   0.107    1.21  238.11    5.35   -0.28  227.22    8.73   -0.82    1148    1148
  8.000   0.088   0.071    1.46  234.39    5.11   -0.19  223.52    8.15   -0.78    1125    1125
  8.500   0.054   0.046    1.61  230.75    4.74   -0.07  219.69    7.64   -0.70    1092    1092
  9.000   0.035   0.030    1.74  227.25    4.28    0.05  216.25    7.04   -0.67    1086    1086
  9.500   0.022   0.019    1.78  223.99    3.84    0.16  213.08    6.48   -0.72    1060    1060
 10.000   0.015   0.012    1.76  221.10    3.59    0.38  210.32    5.74   -0.79    1055    1055
 10.500 999.900 999.900  999.90  218.76    4.03    0.64  208.05    5.41   -0.90     851     851
 11.000 999.900 999.900  999.90  217.25    4.92    0.66  206.21    5.64   -0.86     611     611
 11.500 999.900 999.900  999.90  216.52    6.00    0.38  205.36    6.17   -0.73     588     588
 12.000 999.900 999.900  999.90  216.41    6.61    0.02  204.85    6.36   -0.61     648     648
 12.500 999.900 999.900  999.90  216.80    6.47   -0.36  204.19    6.44   -0.61     712     712
 13.000 999.900 999.900  999.90  217.13    5.92   -0.61  203.45    6.47   -0.55     768     768
 13.500 999.900 999.900  999.90  217.05    5.05   -0.72  202.43    6.49   -0.49     800     800
 14.000 999.900 999.900  999.90  216.62    4.53   -0.64  201.74    6.64   -0.47     752     752
 14.500 999.900 999.900  999.90  215.86    4.22   -0.32  200.94    6.91   -0.43     680     680
 15.000 999.900 999.900  999.90  214.95    4.13   -0.15  200.26    7.08   -0.38     580     580
 15.500 999.900 999.900  999.90  213.99    4.05   -0.01  199.68    7.20   -0.40     528     528
 16.000 999.900 999.900  999.90  213.24    4.09    0.06  199.60    6.91   -0.35     473     473
 16.500 999.900 999.900  999.90  212.61    4.20   -0.11  199.43    6.81   -0.49     384     384
 17.000 999.900 999.900  999.90  212.18    4.30   -0.25  199.46    6.66   -0.61     340     340
 17.500 999.900 999.900  999.90  211.82    4.12   -0.38  199.12    6.77   -0.59     325     325
 18.000 999.900 999.900  999.90  211.60    4.01   -0.31  199.09    6.80   -0.62     315     315
 18.500 999.900 999.900  999.90  211.49    3.91   -0.38  198.86    6.50   -0.66     288     288
 19.000 999.900 999.900  999.90  211.42    3.85   -0.32  198.76    6.51   -0.73     269     269
 19.500 999.900 999.900  999.90  211.53    3.80   -0.29  198.95    6.30   -0.83     281     281
 20.000 999.900 999.900  999.90  211.72    3.80   -0.31  198.96    6.49   -0.75     306     306
 20.500 999.900 999.900  999.90  211.91    3.78   -0.27  198.86    6.58   -0.71     329     329
 21.000 999.900 999.900  999.90  212.17    3.82   -0.28  199.36    6.43   -0.76     314     314
 21.500 999.900 999.900  999.90  212.50    3.92   -0.41  199.32    6.60   -0.73     336     336
 22.000 999.900 999.900  999.90  212.75    4.03   -0.44  199.49    6.62   -0.71     374     374
 22.500 999.900 999.900  999.90  213.00    4.06   -0.43  199.10    6.93   -0.58     397     397
 23.000 999.900 999.900  999.90  213.24    4.13   -0.46  199.12    6.91   -0.48     425     425
 23.500 999.900 999.900  999.90  213.46    4.30   -0.54  199.07    6.99   -0.44     460     460
 24.000 999.900 999.900  999.90  213.64    4.36   -0.49  198.98    7.14   -0.42     488     488
 24.500 999.900 999.900  999.90  213.89    4.37   -0.50  198.80    7.14   -0.37     490     490
 25.000 999.900 999.900  999.90  214.19    4.48   -0.46  198.64    7.21   -0.31     507     507
 25.500 999.900 999.900  999.90  214.43    4.63   -0.43  198.43    7.32   -0.22     519     519
 26.000 999.900 999.900  999.90  214.75    4.69   -0.40  198.39    7.44   -0.15     526     526
 26.500 999.900 999.900  999.90  215.10    4.80   -0.37  198.18    7.53   -0.04     556     556
 27.000 999.900 999.900  999.90  215.56    4.91   -0.40  198.21    7.54    0.02     556     556
 27.500 999.900 999.900  999.90  216.08    4.91   -0.38  197.94    7.74    0.08     573     573
 28.000 999.900 999.900  999.90  216.54    4.95   -0.38  197.79    7.74    0.16     578     578
 28.500 999.900 999.900  999.90  217.17    5.06   -0.40  197.56    7.85    0.26     598     598
 29.000 999.900 999.900  999.90  217.92    5.04   -0.31  197.65    7.98    0.32     602     602
 29.500 999.900 999.900  999.90  218.72    5.21   -0.38  197.94    8.05    0.40     583     583
 30.000 999.900 999.900  999.90  219.81    5.38   -0.23  198.32    8.33    0.41     536     536
  T A B L E  III -   2.  M O I S T U R E  R E L A T E D  S T A T I S T I C A L  P A R A M E T E R S
                                  February
 STATION =   725720     DUGWAY PROVING GROUNDS
      Z VAPOR P   SD VP SKEW VP      TV      TV SKEW TV DEWPT T  SD DPT SKW DPT NOBS TP NOBS TV   
           MEAN                    MEAN      SD            MEAN                                   
     KM      MB      MB          KELVIN  KELVIN          KELVIN  KELVIN                           
  0.000  16.000   6.000    0.00  291.00    6.00    0.00  290.00    7.00    0.00       0       0
  1.289   4.733   1.424    0.19  275.42    5.50    0.01  269.09    4.31   -0.60    1093    1093
  1.500   4.105   1.355    0.27  275.17    4.84    0.07  267.10    4.64   -0.52    1093    1093
  2.000   3.345   1.234    0.36  272.76    4.83    0.02  264.27    5.06   -0.44    1093    1093
  2.500   2.754   1.149    0.22  269.59    4.88   -0.03  261.41    6.35   -1.28    1093    1093
  3.000   2.201   1.046    0.19  266.43    4.87   -0.11  258.11    7.71   -1.51    1093    1093
  3.500   1.696   0.921    0.29  263.53    4.86   -0.18  254.46    8.81   -1.41    1090    1090
  4.000   1.280   0.762    0.40  260.57    4.86   -0.22  250.83    9.17   -1.13    1088    1088
  4.500   0.942   0.613    0.57  257.50    4.91   -0.30  247.00    9.53   -0.97    1087    1087
  5.000   0.684   0.469    0.73  254.25    4.99   -0.33  243.34    9.51   -0.91    1088    1088
  5.500   0.506   0.354    0.82  250.92    5.06   -0.34  240.08    9.30   -0.86    1090    1090
  6.000   0.365   0.259    0.90  247.41    5.09   -0.30  236.79    8.91   -0.82    1089    1089
  6.500   0.255   0.189    1.05  243.82    5.10   -0.21  233.16    8.71   -0.73    1089    1089
  7.000   0.172   0.131    1.16  240.16    5.05   -0.12  229.48    8.44   -0.72    1081    1081
  7.500   0.116   0.093    1.25  236.44    4.99   -0.04  225.91    8.21   -0.66    1064    1064
  8.000   0.076   0.063    1.34  232.70    4.80    0.03  222.36    7.69   -0.54    1049    1049
  8.500   0.048   0.040    1.41  229.05    4.49    0.14  218.79    7.11   -0.49    1039    1039
  9.000   0.031   0.025    1.47  225.61    4.01    0.23  215.47    6.46   -0.55    1024    1024
  9.500   0.019   0.016    1.42  222.48    3.66    0.13  212.46    5.96   -0.59     973     973
 10.000   0.013   0.010    1.13  219.87    3.59    0.16  209.83    5.36   -0.82     954     954
 10.500 999.900 999.900  999.90  218.03    4.03    0.43  207.82    5.31   -1.07     722     722
 11.000 999.900 999.900  999.90  216.95    4.97    0.52  206.32    5.55   -0.81     599     599
 11.500 999.900 999.900  999.90  216.85    5.74    0.19  205.70    5.96   -0.78     620     620
 12.000 999.900 999.900  999.90  217.43    5.96   -0.24  205.29    6.08   -0.68     731     731
 12.500 999.900 999.900  999.90  218.13    5.59   -0.60  204.58    6.40   -0.62     796     796
 13.000 999.900 999.900  999.90  218.38    5.00   -0.93  203.70    6.55   -0.57     842     842
 13.500 999.900 999.900  999.90  218.25    4.33   -0.93  202.70    6.67   -0.51     872     872
 14.000 999.900 999.900  999.90  217.77    3.75   -0.55  201.71    6.77   -0.43     836     836
 14.500 999.900 999.900  999.90  216.99    3.59   -0.29  200.91    6.84   -0.35     775     775
 15.000 999.900 999.900  999.90  216.11    3.58   -0.28  200.07    6.82   -0.22     693     693
 15.500 999.900 999.900  999.90  215.26    3.63   -0.13  199.63    6.82   -0.19     644     644
 16.000 999.900 999.900  999.90  214.56    3.71   -0.07  199.23    6.91   -0.12     596     596
 16.500 999.900 999.900  999.90  214.10    3.73   -0.07  199.17    7.03   -0.12     492     492
 17.000 999.900 999.900  999.90  213.63    3.73   -0.20  198.79    7.06   -0.14     450     450
 17.500 999.900 999.900  999.90  213.28    3.74   -0.24  198.41    7.10   -0.17     406     406
 18.000 999.900 999.900  999.90  212.95    3.57   -0.25  198.24    6.95   -0.17     397     397
 18.500 999.900 999.900  999.90  212.85    3.42   -0.33  198.32    6.88   -0.16     336     336
 19.000 999.900 999.900  999.90  212.73    3.31   -0.31  198.09    6.89   -0.13     316     316
 19.500 999.900 999.900  999.90  212.80    3.29   -0.39  197.73    6.87   -0.12     321     321
 20.000 999.900 999.900  999.90  212.91    3.25   -0.40  197.45    6.98   -0.10     341     341
 20.500 999.900 999.900  999.90  212.98    3.23   -0.44  197.21    6.97   -0.12     397     397
 21.000 999.900 999.900  999.90  212.99    3.35   -0.52  197.08    6.70    0.05     389     389
 21.500 999.900 999.900  999.90  213.06    3.37   -0.60  197.16    6.87    0.05     377     377
 22.000 999.900 999.900  999.90  213.22    3.46   -0.62  197.38    6.91   -0.01     389     389
 22.500 999.900 999.900  999.90  213.41    3.53   -0.55  197.17    6.83    0.04     415     415
 23.000 999.900 999.900  999.90  213.64    3.60   -0.53  196.97    6.96    0.13     445     445
 23.500 999.900 999.900  999.90  213.85    3.70   -0.60  197.00    6.93    0.08     486     486
 24.000 999.900 999.900  999.90  214.17    3.77   -0.63  197.06    6.99    0.14     524     524
 24.500 999.900 999.900  999.90  214.50    3.80   -0.61  197.14    7.05    0.14     538     538
 25.000 999.900 999.900  999.90  214.88    3.84   -0.61  197.20    7.22    0.13     560     560
 25.500 999.900 999.900  999.90  215.33    3.93   -0.56  197.27    7.32    0.15     586     586
 26.000 999.900 999.900  999.90  215.81    3.88   -0.41  197.22    7.37    0.18     619     619
 26.500 999.900 999.900  999.90  216.25    3.93   -0.26  196.73    7.42    0.25     658     658
 27.000 999.900 999.900  999.90  216.76    3.93   -0.04  196.67    7.53    0.26     665     665
 27.500 999.900 999.900  999.90  217.42    4.02    0.07  196.89    7.59    0.31     668     668
 28.000 999.900 999.900  999.90  217.96    4.16    0.06  196.95    7.55    0.33     676     676
 28.500 999.900 999.900  999.90  218.56    4.27    0.06  197.02    7.52    0.38     678     678
 29.000 999.900 999.900  999.90  219.41    4.32    0.29  197.18    7.39    0.37     678     678
 29.500 999.900 999.900  999.90  220.25    4.44    0.29  197.50    7.42    0.36     642     642
 30.000 999.900 999.900  999.90  221.10    4.67    0.31  197.78    7.41    0.36     599     599
  T A B L E  III -   3.  M O I S T U R E  R E L A T E D  S T A T I S T I C A L  P A R A M E T E R S
                                     March
 STATION =   725720     DUGWAY PROVING GROUNDS
      Z VAPOR P   SD VP SKEW VP      TV      TV SKEW TV DEWPT T  SD DPT SKW DPT NOBS TP NOBS TV   
           MEAN                    MEAN      SD            MEAN                                   
     KM      MB      MB          KELVIN  KELVIN          KELVIN  KELVIN                           
  0.000  16.000   6.000    0.00  291.00    6.00    0.00  290.00    7.00    0.00       0       0
  1.289   5.225   1.564    0.54  280.42    6.30    0.42  270.46    4.12   -0.19    1163    1163
  1.500   4.288   1.490    0.40  279.90    5.63    0.23  267.61    4.84   -0.39    1163    1163
  2.000   3.531   1.285    0.43  276.57    5.66    0.10  265.01    4.97   -0.41    1163    1163
  2.500   2.934   1.130    0.42  272.82    5.63    0.02  262.50    5.42   -0.88    1163    1163
  3.000   2.390   1.039    0.26  269.15    5.52   -0.10  259.51    6.78   -1.55    1162    1162
  3.500   1.856   0.951    0.24  265.81    5.33   -0.26  255.76    8.47   -1.54    1159    1159
  4.000   1.404   0.826    0.44  262.59    5.22   -0.42  251.88    9.44   -1.35    1158    1158
  4.500   1.040   0.665    0.60  259.35    5.20   -0.54  248.11    9.66   -1.14    1160    1160
  5.000   0.764   0.512    0.71  256.07    5.23   -0.62  244.59    9.50   -0.97    1160    1160
  5.500   0.566   0.392    0.82  252.71    5.24   -0.65  241.34    9.28   -0.91    1160    1160
  6.000   0.404   0.291    1.00  249.21    5.24   -0.67  237.76    9.07   -0.82    1161    1161
  6.500   0.287   0.211    1.05  245.63    5.22   -0.69  234.23    9.01   -0.81    1161    1161
  7.000   0.201   0.152    1.21  241.93    5.22   -0.66  230.74    8.78   -0.79    1159    1159
  7.500   0.136   0.108    1.45  238.23    5.16   -0.63  227.08    8.42   -0.66    1160    1160
  8.000   0.091   0.075    1.84  234.53    4.92   -0.42  223.52    8.05   -0.60    1154    1154
  8.500   0.058   0.049    2.09  230.88    4.51   -0.10  220.03    7.34   -0.56    1131    1131
  9.000   0.037   0.031    2.32  227.32    4.02    0.17  216.73    6.68   -0.56    1123    1123
  9.500   0.024   0.020    2.93  223.97    3.61    0.29  213.61    6.11   -0.58    1107    1107
 10.000   0.016   0.013    2.93  220.98    3.40    0.43  210.72    5.46   -0.67    1096    1096
 10.500 999.900 999.900  999.90  218.44    3.69    0.73  208.32    5.33   -0.68     829     829
 11.000 999.900 999.900  999.90  216.50    4.45    0.87  206.23    5.63   -0.65     596     596
 11.500 999.900 999.900  999.90  215.56    5.43    0.57  205.34    6.28   -0.64     556     556
 12.000 999.900 999.900  999.90  215.47    6.06    0.17  204.85    6.49   -0.77     624     624
 12.500 999.900 999.900  999.90  216.06    6.15   -0.29  204.34    6.63   -0.81     708     708
 13.000 999.900 999.900  999.90  216.78    5.36   -0.59  203.60    6.73   -0.79     795     795
 13.500 999.900 999.900  999.90  216.99    4.39   -0.53  202.55    6.76   -0.72     863     863
 14.000 999.900 999.900  999.90  216.67    3.87   -0.28  201.70    6.94   -0.68     822     822
 14.500 999.900 999.900  999.90  216.12    3.65   -0.12  200.97    7.12   -0.61     751     751
 15.000 999.900 999.900  999.90  215.48    3.61   -0.03  200.22    7.31   -0.56     694     694
 15.500 999.900 999.900  999.90  214.81    3.66    0.00  199.76    7.29   -0.52     638     638
 16.000 999.900 999.900  999.90  214.21    3.71   -0.06  199.49    7.05   -0.49     603     603
 16.500 999.900 999.900  999.90  213.69    3.68   -0.15  199.18    6.95   -0.49     487     487
 17.000 999.900 999.900  999.90  213.28    3.59   -0.22  198.91    6.99   -0.44     426     426
 17.500 999.900 999.900  999.90  213.02    3.44   -0.21  198.28    7.04   -0.29     406     406
 18.000 999.900 999.900  999.90  212.77    3.36   -0.20  198.18    7.06   -0.36     408     408
 18.500 999.900 999.900  999.90  212.68    3.20   -0.21  198.59    7.14   -0.51     355     355
 19.000 999.900 999.900  999.90  212.62    3.01   -0.21  198.20    7.22   -0.47     321     321
 19.500 999.900 999.900  999.90  212.63    2.90   -0.20  198.45    7.00   -0.44     300     300
 20.000 999.900 999.900  999.90  212.76    2.85   -0.19  198.10    6.98   -0.37     335     335
 20.500 999.900 999.900  999.90  212.87    2.80   -0.08  198.29    6.85   -0.43     394     394
 21.000 999.900 999.900  999.90  213.00    2.81   -0.17  198.59    6.63   -0.39     357     357
 21.500 999.900 999.900  999.90  213.26    2.82   -0.08  198.62    6.82   -0.43     367     367
 22.000 999.900 999.900  999.90  213.56    2.83   -0.01  198.59    6.84   -0.37     402     402
 22.500 999.900 999.900  999.90  213.78    2.80    0.04  198.30    6.97   -0.30     448     448
 23.000 999.900 999.900  999.90  214.06    2.73    0.03  198.23    7.14   -0.27     498     498
 23.500 999.900 999.900  999.90  214.39    2.81    0.04  198.07    7.25   -0.25     558     558
 24.000 999.900 999.900  999.90  214.70    2.74   -0.01  198.09    7.18   -0.23     626     626
 24.500 999.900 999.900  999.90  215.04    2.78    0.04  197.89    7.34   -0.16     638     638
 25.000 999.900 999.900  999.90  215.43    2.83    0.12  197.67    7.47   -0.09     675     675
 25.500 999.900 999.900  999.90  215.94    2.89    0.18  197.56    7.57   -0.03     735     735
 26.000 999.900 999.900  999.90  216.44    3.01    0.29  197.56    7.72    0.00     773     773
 26.500 999.900 999.900  999.90  216.91    3.14    0.24  197.50    7.72    0.09     813     813
 27.000 999.900 999.900  999.90  217.45    3.16    0.15  197.29    7.80    0.17     816     816
 27.500 999.900 999.900  999.90  218.05    3.30    0.14  197.48    7.84    0.21     814     814
 28.000 999.900 999.900  999.90  218.72    3.43    0.08  197.43    7.90    0.24     818     818
 28.500 999.900 999.900  999.90  219.49    3.64    0.07  197.51    7.97    0.31     812     812
 29.000 999.900 999.900  999.90  220.31    3.77    0.07  197.71    8.13    0.35     795     795
 29.500 999.900 999.900  999.90  221.19    4.00    0.13  197.97    8.26    0.38     749     749
 30.000 999.900 999.900  999.90  222.27    4.19    0.29  198.28    8.25    0.44     691     691
  T A B L E  III -   4.  M O I S T U R E  R E L A T E D  S T A T I S T I C A L  P A R A M E T E R S
                                     April
 STATION =   725720     DUGWAY PROVING GROUNDS
      Z VAPOR P   SD VP SKEW VP      TV      TV SKEW TV DEWPT T  SD DPT SKW DPT NOBS TP NOBS TV   
           MEAN                    MEAN      SD            MEAN                                   
     KM      MB      MB          KELVIN  KELVIN          KELVIN  KELVIN                           
  0.000  16.000   6.000    0.00  291.00    6.00    0.00  290.00    7.00    0.00       0       0
  1.289   5.946   1.682    0.22  283.80    6.53    0.53  272.25    4.10   -0.48    1068    1068
  1.500   4.864   1.635    0.31  283.05    5.88    0.35  269.30    4.88   -0.66    1068    1068
  2.000   4.005   1.387    0.29  279.45    5.89    0.23  266.67    5.02   -0.81    1068    1068
  2.500   3.382   1.170    0.28  275.49    5.81    0.16  264.49    4.88   -0.71    1068    1068
  3.000   2.816   1.030    0.16  271.57    5.62    0.08  261.99    5.51   -1.35    1068    1068
  3.500   2.212   0.959    0.04  267.85    5.34   -0.04  258.39    7.31   -1.77    1068    1068
  4.000   1.650   0.839    0.14  264.35    5.08   -0.18  254.30    8.46   -1.53    1066    1066
  4.500   1.225   0.707    0.39  260.92    4.92   -0.33  250.45    8.91   -1.23    1065    1065
  5.000   0.899   0.570    0.59  257.54    4.87   -0.46  246.61    9.30   -1.13    1065    1065
  5.500   0.645   0.430    0.80  254.07    4.94   -0.56  242.86    9.31   -1.13    1064    1064
  6.000   0.458   0.313    0.93  250.52    4.96   -0.55  239.28    8.99   -1.07    1064    1064
  6.500   0.313   0.220    0.99  246.90    4.95   -0.48  235.36    8.74   -0.97    1063    1063
  7.000   0.213   0.155    1.13  243.22    4.94   -0.43  231.54    8.56   -0.92    1063    1063
  7.500   0.144   0.106    1.26  239.51    4.82   -0.41  227.85    8.38   -0.98    1060    1060
  8.000   0.094   0.071    1.29  235.77    4.69   -0.37  224.09    8.09   -0.98    1050    1050
  8.500   0.060   0.046    1.28  232.06    4.44   -0.32  220.41    7.63   -0.96    1040    1040
  9.000   0.038   0.029    1.40  228.54    4.05   -0.30  216.86    7.13   -0.95    1027    1027
  9.500   0.025   0.019    1.54  225.30    3.62   -0.19  213.63    6.50   -0.98    1018    1018
 10.000   0.016   0.011    1.37  222.43    3.23    0.21  210.74    5.80   -1.04    1013    1013
 10.500   0.010   0.008    0.93  220.03    3.42    0.76  208.10    5.41   -1.15     902     902
 11.000 999.900 999.900  999.90  218.14    4.26    0.79  205.85    5.72   -0.90     690     690
 11.500 999.900 999.900  999.90  216.89    5.26    0.52  204.60    6.30   -0.64     602     602
 12.000 999.900 999.900  999.90  216.37    5.93    0.19  203.88    6.78   -0.55     604     604
 12.500 999.900 999.900  999.90  216.53    6.15   -0.20  203.31    7.18   -0.56     646     646
 13.000 999.900 999.900  999.90  216.90    5.64   -0.50  202.53    7.22   -0.55     693     693
 13.500 999.900 999.900  999.90  217.19    4.82   -0.57  201.84    7.15   -0.50     761     761
 14.000 999.900 999.900  999.90  217.00    4.20   -0.35  200.96    7.21   -0.41     746     746
 14.500 999.900 999.900  999.90  216.60    3.82   -0.13  200.22    7.29   -0.35     720     720
 15.000 999.900 999.900  999.90  216.04    3.66   -0.14  199.64    7.41   -0.32     678     678
 15.500 999.900 999.900  999.90  215.44    3.55   -0.16  199.09    7.47   -0.30     634     634
 16.000 999.900 999.900  999.90  214.95    3.47   -0.19  198.64    7.48   -0.28     618     618
 16.500 999.900 999.900  999.90  214.48    3.43   -0.20  198.53    7.19   -0.19     518     518
 17.000 999.900 999.900  999.90  214.06    3.37   -0.14  198.38    7.30   -0.24     440     440
 17.500 999.900 999.900  999.90  213.68    3.16   -0.10  198.59    7.11   -0.40     392     392
 18.000 999.900 999.900  999.90  213.43    2.97   -0.19  198.35    7.07   -0.41     386     386
 18.500 999.900 999.900  999.90  213.19    2.78   -0.20  197.81    7.34   -0.45     380     380
 19.000 999.900 999.900  999.90  213.12    2.65   -0.10  198.42    7.16   -0.55     303     303
 19.500 999.900 999.900  999.90  213.01    2.59   -0.21  198.36    7.26   -0.55     289     289
 20.000 999.900 999.900  999.90  213.14    2.56   -0.18  198.38    7.37   -0.54     336     336
 20.500 999.900 999.900  999.90  213.40    2.43   -0.12  198.07    7.45   -0.50     408     408
 21.000 999.900 999.900  999.90  213.63    2.44   -0.08  198.30    7.29   -0.55     408     408
 21.500 999.900 999.900  999.90  213.97    2.38   -0.05  198.20    7.37   -0.49     448     448
 22.000 999.900 999.900  999.90  214.35    2.38   -0.19  197.50    7.61   -0.38     502     502
 22.500 999.900 999.900  999.90  214.79    2.40   -0.11  197.45    7.65   -0.32     556     556
 23.000 999.900 999.900  999.90  215.25    2.39    0.03  197.26    7.58   -0.23     617     617
 23.500 999.900 999.900  999.90  215.78    2.43    0.12  197.21    7.41   -0.16     688     688
 24.000 999.900 999.900  999.90  216.29    2.55    0.16  197.10    7.24   -0.01     797     797
 24.500 999.900 999.900  999.90  216.92    2.75    0.44  197.32    7.27    0.05     806     806
 25.000 999.900 999.900  999.90  217.55    2.84    0.48  197.28    7.36    0.10     829     829
 25.500 999.900 999.900  999.90  218.25    2.95    0.35  197.39    7.43    0.16     850     850
 26.000 999.900 999.900  999.90  218.95    3.08    0.54  197.48    7.50    0.26     864     864
 26.500 999.900 999.900  999.90  219.68    3.23    0.55  197.58    7.56    0.31     885     885
 27.000 999.900 999.900  999.90  220.41    3.29    0.48  197.77    7.50    0.35     871     871
 27.500 999.900 999.900  999.90  221.31    3.39    0.30  198.00    7.48    0.43     854     854
 28.000 999.900 999.900  999.90  222.26    3.67    0.42  198.36    7.55    0.47     847     847
 28.500 999.900 999.900  999.90  223.17    3.59    0.53  198.52    7.58    0.50     829     829
 29.000 999.900 999.900  999.90  224.19    3.65    0.56  198.90    7.68    0.57     802     802
 29.500 999.900 999.900  999.90  225.27    3.78    0.67  199.32    7.68    0.65     773     773
 30.000 999.900 999.900  999.90  226.35    3.88    0.65  199.68    7.59    0.72     715     715
  T A B L E  III -   5.  M O I S T U R E  R E L A T E D  S T A T I S T I C A L  P A R A M E T E R S
                                       May
 STATION =   725720     DUGWAY PROVING GROUNDS
      Z VAPOR P   SD VP SKEW VP      TV      TV SKEW TV DEWPT T  SD DPT SKW DPT NOBS TP NOBS TV   
           MEAN                    MEAN      SD            MEAN                                   
     KM      MB      MB          KELVIN  KELVIN          KELVIN  KELVIN                           
  0.000  16.000   6.000    0.00  291.00    6.00    0.00  290.00    7.00    0.00       0       0
  1.289   7.429   2.282    0.37  289.41    7.13    0.37  275.25    4.51   -0.39    1192    1192
  1.500   6.039   2.165    0.19  288.72    6.14    0.11  272.14    5.47   -0.84    1191    1191
  2.000   4.937   1.812    0.01  285.16    6.04   -0.08  269.30    5.82   -1.20    1191    1191
  2.500   4.202   1.528    0.00  281.18    5.98   -0.14  267.14    5.83   -1.49    1192    1192
  3.000   3.579   1.318   -0.02  277.13    5.79   -0.19  264.98    6.03   -1.76    1192    1192
  3.500   2.947   1.192    0.03  273.19    5.48   -0.25  262.17    7.00   -1.98    1193    1193
  4.000   2.333   1.103    0.09  269.37    5.13   -0.31  258.81    8.18   -1.78    1187    1187
  4.500   1.793   0.968    0.15  265.67    4.78   -0.37  255.14    9.23   -1.57    1179    1179
  5.000   1.339   0.814    0.40  262.15    4.56   -0.47  251.31    9.56   -1.23    1179    1179
  5.500   0.951   0.647    0.65  258.69    4.47   -0.53  247.04    9.85   -1.00    1177    1177
  6.000   0.663   0.488    0.87  255.24    4.49   -0.55  242.80    9.88   -0.83    1178    1178
  6.500   0.456   0.345    1.03  251.71    4.60   -0.57  238.85    9.66   -0.83    1178    1178
  7.000   0.317   0.245    1.16  248.12    4.68   -0.60  235.17    9.34   -0.84    1177    1177
  7.500   0.218   0.167    1.19  244.39    4.73   -0.59  231.65    8.89   -0.87    1175    1175
  8.000   0.147   0.114    1.28  240.60    4.68   -0.54  228.09    8.45   -0.82    1172    1172
  8.500   0.100   0.078    1.27  236.80    4.53   -0.47  224.62    8.07   -0.77    1170    1170
  9.000   0.065   0.050    1.30  233.00    4.27   -0.36  221.04    7.50   -0.77    1164    1164
  9.500   0.041   0.032    1.34  229.37    3.81   -0.18  217.63    6.81   -0.77    1143    1143
 10.000   0.027   0.020    1.40  225.92    3.37    0.04  214.45    6.03   -0.73    1133    1133
 10.500   0.017   0.013    1.63  222.79    3.19    0.21  211.45    5.44   -0.73    1112    1112
 11.000 999.900 999.900  999.90  220.02    3.42    0.69  208.59    5.31   -0.81     910     910
 11.500 999.900 999.900  999.90  217.78    4.12    0.88  206.31    5.47   -0.76     780     780
 12.000 999.900 999.900  999.90  216.31    4.92    0.72  204.60    5.99   -0.70     684     684
 12.500 999.900 999.900  999.90  215.55    5.57    0.39  203.26    6.65   -0.54     605     605
 13.000 999.900 999.900  999.90  215.48    5.66    0.05  202.41    7.05   -0.54     650     650
 13.500 999.900 999.900  999.90  215.79    5.23   -0.27  201.60    7.20   -0.54     733     733
 14.000 999.900 999.900  999.90  215.82    4.70   -0.50  200.87    7.24   -0.52     759     759
 14.500 999.900 999.900  999.90  215.47    4.12   -0.47  200.03    7.39   -0.45     725     725
 15.000 999.900 999.900  999.90  214.96    3.80   -0.32  199.06    7.54   -0.35     676     676
 15.500 999.900 999.900  999.90  214.33    3.64   -0.30  198.53    7.81   -0.37     620     620
 16.000 999.900 999.900  999.90  213.77    3.65   -0.32  198.19    7.84   -0.33     579     579
 16.500 999.900 999.900  999.90  213.40    3.59   -0.41  198.07    8.02   -0.29     476     476
 17.000 999.900 999.900  999.90  213.02    3.45   -0.22  197.88    7.94   -0.32     411     411
 17.500 999.900 999.900  999.90  212.80    3.31   -0.23  197.67    7.98   -0.35     371     371
 18.000 999.900 999.900  999.90  212.64    3.10   -0.18  197.40    7.94   -0.32     343     343
 18.500 999.900 999.900  999.90  212.63    2.88   -0.15  197.10    7.78   -0.28     372     372
 19.000 999.900 999.900  999.90  212.79    2.60   -0.04  197.24    7.73   -0.28     327     327
 19.500 999.900 999.900  999.90  213.13    2.47    0.01  197.27    7.80   -0.28     350     350
 20.000 999.900 999.900  999.90  213.51    2.34    0.02  197.29    7.82   -0.26     415     415
 20.500 999.900 999.900  999.90  214.02    2.20    0.02  197.33    7.63   -0.24     525     525
 21.000 999.900 999.900  999.90  214.61    2.12    0.11  197.21    7.66   -0.14     651     651
 21.500 999.900 999.900  999.90  215.26    2.06    0.14  197.21    7.59   -0.07     717     717
 22.000 999.900 999.900  999.90  215.86    2.04    0.16  197.16    7.55   -0.02     803     803
 22.500 999.900 999.900  999.90  216.50    2.02    0.11  197.32    7.57    0.01     870     870
 23.000 999.900 999.900  999.90  217.20    1.99    0.03  197.48    7.63    0.07     930     930
 23.500 999.900 999.900  999.90  217.95    1.97   -0.02  197.65    7.72    0.13     963     963
 24.000 999.900 999.900  999.90  218.75    2.02   -0.06  197.84    7.83    0.19     996     996
 24.500 999.900 999.900  999.90  219.48    2.14    0.08  197.87    7.86    0.33    1004    1004
 25.000 999.900 999.900  999.90  220.25    2.16    0.01  197.94    7.96    0.40    1001    1001
 25.500 999.900 999.900  999.90  221.08    2.18   -0.05  198.09    8.09    0.45     995     995
 26.000 999.900 999.900  999.90  221.95    2.21   -0.03  198.33    8.22    0.51     989     989
 26.500 999.900 999.900  999.90  222.90    2.25   -0.16  198.65    8.31    0.57     983     983
 27.000 999.900 999.900  999.90  223.77    2.32   -0.11  198.98    8.40    0.62     975     975
 27.500 999.900 999.900  999.90  224.64    2.36   -0.08  199.32    8.39    0.66     960     960
 28.000 999.900 999.900  999.90  225.58    2.39   -0.10  199.80    8.44    0.69     950     950
 28.500 999.900 999.900  999.90  226.57    2.46   -0.07  200.24    8.45    0.73     923     923
 29.000 999.900 999.900  999.90  227.48    2.50   -0.10  200.68    8.40    0.76     891     891
 29.500 999.900 999.900  999.90  228.39    2.56   -0.14  201.09    8.26    0.82     854     854
 30.000 999.900 999.900  999.90  229.39    2.61   -0.20  201.58    8.13    0.86     788     788
  T A B L E  III -   6.  M O I S T U R E  R E L A T E D  S T A T I S T I C A L  P A R A M E T E R S
                                      June
 STATION =   725720     DUGWAY PROVING GROUNDS
      Z VAPOR P   SD VP SKEW VP      TV      TV SKEW TV DEWPT T  SD DPT SKW DPT NOBS TP NOBS TV   
           MEAN                    MEAN      SD            MEAN                                   
     KM      MB      MB          KELVIN  KELVIN          KELVIN  KELVIN                           
  0.000  16.000   6.000    0.00  291.00    6.00    0.00  290.00    7.00    0.00       0       0
  1.289   8.446   2.598    0.22  295.00    7.49    0.24  277.05    4.65   -0.45    1086    1086
  1.500   6.814   2.576    0.50  294.46    6.11   -0.14  273.71    5.84   -0.91    1083    1083
  2.000   5.495   2.200    0.39  291.00    5.77   -0.41  270.57    6.40   -1.18    1083    1083
  2.500   4.641   1.815    0.07  287.10    5.66   -0.52  268.30    6.30   -1.24    1084    1084
  3.000   4.023   1.579    0.07  283.02    5.45   -0.55  266.41    6.25   -1.32    1084    1084
  3.500   3.340   1.388    0.07  279.00    5.11   -0.61  263.77    6.93   -1.60    1084    1084
  4.000   2.709   1.250    0.10  275.06    4.68   -0.66  260.78    7.77   -1.56    1082    1082
  4.500   2.199   1.096    0.11  271.18    4.24   -0.73  257.82    8.64   -1.60    1082    1082
  5.000   1.717   0.923    0.19  267.37    3.91   -0.81  254.51    9.11   -1.44    1082    1082
  5.500   1.272   0.755    0.34  263.71    3.72   -0.83  250.65    9.40   -1.18    1082    1082
  6.000   0.881   0.594    0.62  260.17    3.68   -0.82  246.05    9.73   -0.89    1083    1083
  6.500   0.597   0.422    0.79  256.71    3.66   -0.83  241.75    9.58   -0.84    1081    1081
  7.000   0.414   0.299    0.99  253.15    3.69   -0.85  237.99    9.23   -0.83    1080    1080
  7.500   0.285   0.207    1.19  249.52    3.74   -0.86  234.39    8.70   -0.83    1079    1079
  8.000   0.196   0.139    1.19  245.72    3.73   -0.74  230.94    8.26   -0.90    1078    1078
  8.500   0.133   0.093    1.15  241.87    3.64   -0.63  227.45    7.83   -0.97    1074    1074
  9.000   0.088   0.061    1.19  237.97    3.49   -0.47  223.94    7.39   -1.03    1072    1072
  9.500   0.058   0.040    1.12  234.07    3.37   -0.40  220.54    6.89   -1.05    1058    1058
 10.000   0.038   0.026    1.18  230.22    3.25   -0.29  217.27    6.16   -0.96    1042    1042
 10.500   0.025   0.016    1.10  226.57    3.10   -0.08  214.15    5.45   -0.95    1035    1035
 11.000   0.015   0.011    0.88  223.25    3.01    0.26  211.17    4.92   -0.99     962     962
 11.500   0.010   0.007    0.79  220.36    3.23    0.50  208.48    4.53   -1.00     924     924
 12.000 999.900 999.900  999.90  218.09    3.73    0.67  206.23    4.27   -0.91     883     883
 12.500 999.900 999.900  999.90  216.57    4.26    0.51  204.27    4.97   -0.74     650     650
 13.000 999.900 999.900  999.90  215.72    4.52    0.28  202.85    5.48   -0.64     600     600
 13.500 999.900 999.900  999.90  215.32    4.53   -0.04  201.84    5.99   -0.68     590     590
 14.000 999.900 999.900  999.90  214.85    4.32   -0.16  200.66    6.45   -0.57     585     585
 14.500 999.900 999.900  999.90  214.18    4.02   -0.09  199.60    6.92   -0.50     476     476
 15.000 999.900 999.900  999.90  213.36    3.90    0.04  198.51    7.02   -0.39     383     383
 15.500 999.900 999.900  999.90  212.54    3.83    0.05  197.73    7.13   -0.39     333     333
 16.000 999.900 999.900  999.90  211.82    3.76   -0.07  197.55    6.98   -0.34     272     272
 16.500 999.900 999.900  999.90  211.41    3.57   -0.08  196.74    7.03   -0.28     236     236
 17.000 999.900 999.900  999.90  211.12    3.33    0.06  196.09    6.62   -0.09     149     149
 17.500 999.900 999.900  999.90  211.05    2.96    0.12  195.41    6.76   -0.04     123     123
 18.000 999.900 999.900  999.90  211.32    2.62    0.01  195.51    6.50   -0.01     113     113
 18.500 999.900 999.900  999.90  212.00    2.27   -0.17  196.23    6.53   -0.08     171     171
 19.000 999.900 999.900  999.90  212.66    1.98   -0.10  195.79    6.74   -0.10     210     210
 19.500 999.900 999.900  999.90  213.39    1.90   -0.07  196.74    6.85   -0.24     323     323
 20.000 999.900 999.900  999.90  214.15    1.80    0.05  197.30    6.91   -0.35     459     459
 20.500 999.900 999.900  999.90  214.90    1.72    0.02  197.60    6.99   -0.37     632     632
 21.000 999.900 999.900  999.90  215.67    1.63    0.04  197.37    6.92   -0.23     872     872
 21.500 999.900 999.900  999.90  216.41    1.67   -0.00  197.46    7.07   -0.16     895     895
 22.000 999.900 999.900  999.90  217.21    1.67    0.05  197.63    7.13   -0.07     917     917
 22.500 999.900 999.900  999.90  217.94    1.66    0.11  197.72    7.18    0.00     939     939
 23.000 999.900 999.900  999.90  218.74    1.68    0.01  197.87    7.24    0.11     946     946
 23.500 999.900 999.900  999.90  219.56    1.65    0.03  198.04    7.30    0.20     945     945
 24.000 999.900 999.900  999.90  220.38    1.62   -0.02  198.14    7.36    0.30     944     944
 24.500 999.900 999.900  999.90  221.24    1.72    0.18  198.23    7.45    0.39     949     949
 25.000 999.900 999.900  999.90  222.13    1.78    0.12  198.38    7.55    0.46     943     943
 25.500 999.900 999.900  999.90  223.04    1.84    0.08  198.59    7.61    0.53     936     936
 26.000 999.900 999.900  999.90  223.93    1.80    0.03  198.86    7.67    0.59     931     931
 26.500 999.900 999.900  999.90  224.85    1.78    0.10  199.19    7.68    0.64     921     921
 27.000 999.900 999.900  999.90  225.84    1.81    0.13  199.59    7.66    0.70     913     913
 27.500 999.900 999.900  999.90  226.71    1.85    0.10  200.04    7.71    0.72     902     902
 28.000 999.900 999.900  999.90  227.59    1.84   -0.03  200.50    7.72    0.76     895     895
 28.500 999.900 999.900  999.90  228.54    1.91   -0.01  200.92    7.70    0.81     874     874
 29.000 999.900 999.900  999.90  229.47    1.96    0.19  201.47    7.69    0.84     857     857
 29.500 999.900 999.900  999.90  230.38    1.99    0.25  202.01    7.66    0.87     822     822
 30.000 999.900 999.900  999.90  231.30    1.96    0.30  202.58    7.64    0.88     762     762
  T A B L E  III -   7.  M O I S T U R E  R E L A T E D  S T A T I S T I C A L  P A R A M E T E R S
                                      July
 STATION =   725720     DUGWAY PROVING GROUNDS
      Z VAPOR P   SD VP SKEW VP      TV      TV SKEW TV DEWPT T  SD DPT SKW DPT NOBS TP NOBS TV   
           MEAN                    MEAN      SD            MEAN                                   
     KM      MB      MB          KELVIN  KELVIN          KELVIN  KELVIN                           
  0.000  16.000   6.000    0.00  291.00    6.00    0.00  290.00    7.00    0.00       0       0
  1.289  10.424   3.263    0.49  300.82    6.76    0.05  280.09    4.68   -0.21    1140    1140
  1.500   8.511   3.450    0.46  300.33    4.52   -0.23  276.67    6.48   -0.94    1137    1137
  2.000   6.937   2.982    0.48  296.98    3.66   -0.66  273.63    6.82   -0.94    1137    1137
  2.500   5.983   2.545    0.45  293.04    3.39   -0.81  271.56    6.78   -1.06    1139    1139
  3.000   5.201   2.207    0.43  288.83    3.20   -0.85  269.71    6.59   -1.04    1138    1138
  3.500   4.473   1.915    0.34  284.56    2.97   -0.88  267.67    6.60   -1.06    1137    1137
  4.000   3.839   1.648    0.22  280.28    2.74   -0.82  265.58    6.81   -1.24    1138    1138
  4.500   3.257   1.436    0.14  276.02    2.53   -0.68  263.28    7.27   -1.42    1139    1139
  5.000   2.653   1.247    0.04  271.86    2.38   -0.60  260.34    8.12   -1.53    1139    1139
  5.500   2.015   1.107    0.02  267.96    2.32   -0.61  256.25    9.45   -1.21    1136    1136
  6.000   1.425   0.963    0.23  264.42    2.31   -0.54  250.88   11.33   -0.93    1135    1135
  6.500   0.956   0.754    0.58  261.06    2.36   -0.56  245.67   11.66   -0.62    1134    1134
  7.000   0.630   0.552    0.88  257.71    2.42   -0.64  240.82   11.50   -0.44    1133    1133
  7.500   0.436   0.395    1.05  254.29    2.50   -0.55  236.99   11.07   -0.41    1134    1134
  8.000   0.307   0.281    1.12  250.72    2.61   -0.48  233.61   10.60   -0.40    1134    1134
  8.500   0.215   0.196    1.15  247.04    2.72   -0.45  230.16   10.31   -0.41    1135    1135
  9.000   0.146   0.131    1.20  243.30    2.79   -0.45  226.69    9.91   -0.49    1134    1134
  9.500   0.098   0.087    1.22  239.52    2.81   -0.47  223.23    9.52   -0.53    1131    1131
 10.000   0.063   0.056    1.22  235.74    2.82   -0.50  219.88    8.95   -0.60    1108    1108
 10.500   0.040   0.035    1.16  232.03    2.78   -0.53  216.55    8.29   -0.67    1096    1096
 11.000   0.026   0.022    1.16  228.46    2.74   -0.54  213.42    7.61   -0.71    1091    1091
 11.500   0.017   0.013    1.12  225.00    2.68   -0.52  210.53    6.65   -0.79    1090    1090
 12.000   0.011   0.008    1.06  221.84    2.56   -0.37  207.77    5.79   -0.84    1088    1088
 12.500 999.900 999.900  999.90  219.03    2.48   -0.04  205.14    5.35   -0.95     846     846
 13.000 999.900 999.900  999.90  216.51    2.50    0.31  202.98    5.19   -0.84     640     640
 13.500 999.900 999.900  999.90  214.19    2.68    0.55  201.21    5.51   -0.61     366     366
 14.000 999.900 999.900  999.90  212.06    2.88    0.66  200.31    5.63   -0.41     226     226
 14.500 999.900 999.900  999.90  210.21    3.10    0.75  201.26    5.57   -0.45      93      93
 15.000 999.900 999.900  999.90  208.76    3.27    0.72  200.63    6.06   -0.29      56      56
 15.500 999.900 999.900  999.90  207.80    3.26    0.74  200.36    6.60   -0.42      41      41
 16.000 999.900 999.900  999.90  207.34    3.14    0.71  200.26    7.16   -0.85      25      25
 16.500 999.900 999.900  999.90  207.38    3.04    0.53  199.51    6.47   -0.44      28      28
 17.000 999.900 999.900  999.90  207.78    2.76    0.38  204.64    2.27   -0.65      14      14
 17.500 999.900 999.900  999.90  208.47    2.49    0.22  203.25    5.83   -1.22      13      13
 18.000 999.900 999.900  999.90  209.53    2.28    0.34  200.27    6.68   -0.66      35      35
 18.500 999.900 999.900  999.90  210.67    2.13    0.11  199.02    6.89   -0.38      56      56
 19.000 999.900 999.900  999.90  211.78    2.01    0.30  197.39    7.09   -0.20     151     151
 19.500 999.900 999.900  999.90  212.77    1.93    0.29  198.01    6.77   -0.27     206     206
 20.000 999.900 999.900  999.90  213.81    1.84    0.25  197.72    6.77   -0.19     393     393
 20.500 999.900 999.900  999.90  214.75    1.70    0.43  197.78    6.97   -0.25     612     612
 21.000 999.900 999.900  999.90  215.68    1.62    0.43  197.51    6.88   -0.08     865     865
 21.500 999.900 999.900  999.90  216.64    1.60    0.36  197.68    6.92    0.04    1000    1000
 22.000 999.900 999.900  999.90  217.52    1.58    0.26  197.92    7.01    0.08    1014    1014
 22.500 999.900 999.900  999.90  218.37    1.59    0.25  198.07    7.10    0.14    1017    1017
 23.000 999.900 999.900  999.90  219.17    1.55    0.42  198.16    7.14    0.19    1014    1014
 23.500 999.900 999.900  999.90  220.01    1.59    0.48  198.36    7.26    0.25    1013    1013
 24.000 999.900 999.900  999.90  220.86    1.54    0.31  198.51    7.38    0.31    1006    1006
 24.500 999.900 999.900  999.90  221.72    1.56    0.20  198.64    7.43    0.39     997     997
 25.000 999.900 999.900  999.90  222.58    1.59    0.17  198.74    7.47    0.48     987     987
 25.500 999.900 999.900  999.90  223.43    1.61    0.24  198.87    7.53    0.56     977     977
 26.000 999.900 999.900  999.90  224.31    1.64    0.23  199.16    7.63    0.62     969     969
 26.500 999.900 999.900  999.90  225.24    1.62    0.13  199.54    7.68    0.65     962     962
 27.000 999.900 999.900  999.90  226.12    1.61    0.07  199.93    7.70    0.70     953     953
 27.500 999.900 999.900  999.90  226.98    1.70    0.10  200.34    7.74    0.73     941     941
 28.000 999.900 999.900  999.90  227.78    1.74    0.00  200.84    7.77    0.74     928     928
 28.500 999.900 999.900  999.90  228.58    1.79    0.06  201.30    7.76    0.76     904     904
 29.000 999.900 999.900  999.90  229.42    1.83   -0.21  201.84    7.73    0.75     879     879
 29.500 999.900 999.900  999.90  230.33    1.90   -0.19  202.39    7.63    0.77     863     863
 30.000 999.900 999.900  999.90  231.16    1.93    0.01  202.76    7.54    0.79     825     825
  T A B L E  III -   8.  M O I S T U R E  R E L A T E D  S T A T I S T I C A L  P A R A M E T E R S
                                    August
 STATION =   725720     DUGWAY PROVING GROUNDS
      Z VAPOR P   SD VP SKEW VP      TV      TV SKEW TV DEWPT T  SD DPT SKW DPT NOBS TP NOBS TV   
           MEAN                    MEAN      SD            MEAN                                   
     KM      MB      MB          KELVIN  KELVIN          KELVIN  KELVIN                           
  0.000  16.000   6.000    0.00  291.00    6.00    0.00  290.00    7.00    0.00       0       0
  1.289  10.258   3.197    0.52  299.67    6.46    0.04  279.86    4.64   -0.18    1189    1189
  1.500   8.505   2.991    0.47  299.20    4.27   -0.21  276.95    5.47   -0.87    1189    1189
  2.000   7.041   2.518    0.38  295.92    3.46   -0.72  274.26    5.42   -0.69    1189    1189
  2.500   6.089   2.212    0.33  291.95    3.18   -0.93  272.21    5.49   -0.78    1189    1189
  3.000   5.310   1.983    0.28  287.77    2.96   -0.94  270.26    5.80   -1.14    1189    1189
  3.500   4.550   1.759    0.29  283.52    2.72   -0.95  268.09    6.01   -1.18    1190    1190
  4.000   3.862   1.550    0.14  279.28    2.46   -0.93  265.79    6.38   -1.29    1190    1190
  4.500   3.244   1.355   -0.01  275.07    2.27   -0.93  263.33    7.02   -1.54    1190    1190
  5.000   2.601   1.191   -0.03  270.99    2.18   -0.83  260.23    7.68   -1.39    1189    1189
  5.500   1.918   1.042    0.04  267.21    2.17   -0.70  255.75    9.13   -1.18    1188    1188
  6.000   1.317   0.867    0.39  263.79    2.27   -0.75  250.52   10.10   -0.82    1187    1187
  6.500   0.860   0.671    0.76  260.55    2.29   -0.68  245.01   10.52   -0.46    1188    1188
  7.000   0.579   0.490    1.02  257.22    2.32   -0.64  240.52   10.34   -0.31    1189    1189
  7.500   0.392   0.340    1.21  253.71    2.38   -0.58  236.56    9.89   -0.29    1189    1189
  8.000   0.271   0.241    1.34  250.06    2.51   -0.55  232.97    9.47   -0.23    1187    1187
  8.500   0.195   0.173    1.25  246.35    2.59   -0.50  229.73    9.40   -0.29    1187    1187
  9.000   0.137   0.121    1.22  242.60    2.67   -0.35  226.45    9.18   -0.34    1186    1186
  9.500   0.093   0.081    1.24  238.82    2.72   -0.26  223.04    8.99   -0.45    1184    1184
 10.000   0.060   0.052    1.24  235.08    2.74   -0.20  219.68    8.39   -0.49    1167    1167
 10.500   0.038   0.032    1.28  231.43    2.79   -0.18  216.32    7.61   -0.47    1152    1152
 11.000   0.024   0.019    1.22  227.95    2.85   -0.17  213.16    6.86   -0.55    1144    1144
 11.500   0.016   0.012    1.08  224.71    2.80   -0.12  210.22    5.99   -0.54    1143    1143
 12.000   0.011   0.007    0.96  221.83    2.78   -0.05  207.45    5.39   -0.58    1141    1141
 12.500 999.900 999.900  999.90  219.25    2.65   -0.09  204.78    5.14   -0.59     925     925
 13.000 999.900 999.900  999.90  216.96    2.59    0.16  202.54    5.10   -0.44     750     750
 13.500 999.900 999.900  999.90  214.85    2.61    0.52  200.54    5.59   -0.41     540     540
 14.000 999.900 999.900  999.90  212.88    2.83    0.69  199.12    5.99   -0.27     344     344
 14.500 999.900 999.900  999.90  211.08    3.06    0.62  197.91    7.01   -0.28     150     150
 15.000 999.900 999.900  999.90  209.55    3.28    0.46  197.13    7.68   -0.21      90      90
 15.500 999.900 999.900  999.90  208.42    3.29    0.40  197.95    7.86   -0.38      55      55
 16.000 999.900 999.900  999.90  207.85    3.14    0.38  198.30    8.04   -0.64      35      35
 16.500 999.900 999.900  999.90  207.75    2.93    0.31  199.09    7.14   -0.69      25      25
 17.000 999.900 999.900  999.90  207.98    2.63    0.34  198.60    9.20   -0.82      15      15
 17.500 999.900 999.900  999.90  208.73    2.36    0.23  198.47    9.18   -0.82      18      18
 18.000 999.900 999.900  999.90  209.88    2.13    0.20  198.78    8.00   -0.80      33      33
 18.500 999.900 999.900  999.90  210.90    2.06    0.07  197.43    7.51   -0.45      77      77
 19.000 999.900 999.900  999.90  212.04    1.92    0.18  197.23    6.71   -0.43     189     189
 19.500 999.900 999.900  999.90  213.04    1.90    0.07  197.48    6.85   -0.45     302     302
 20.000 999.900 999.900  999.90  213.99    1.76    0.01  197.79    6.47   -0.35     485     485
 20.500 999.900 999.900  999.90  214.90    1.58    0.00  197.91    6.49   -0.31     670     670
 21.000 999.900 999.900  999.90  215.79    1.59   -0.10  198.00    6.51   -0.16     912     912
 21.500 999.900 999.900  999.90  216.60    1.60   -0.09  198.14    6.54   -0.08    1009    1009
 22.000 999.900 999.900  999.90  217.38    1.50   -0.17  198.24    6.68   -0.00    1030    1030
 22.500 999.900 999.900  999.90  218.17    1.51    0.07  198.46    6.73    0.06    1034    1034
 23.000 999.900 999.900  999.90  218.97    1.56    0.09  198.65    6.89    0.13    1033    1033
 23.500 999.900 999.900  999.90  219.73    1.55    0.09  198.85    7.00    0.17    1031    1031
 24.000 999.900 999.900  999.90  220.53    1.50    0.14  199.08    7.09    0.23    1029    1029
 24.500 999.900 999.900  999.90  221.34    1.54    0.13  199.31    7.18    0.31    1029    1029
 25.000 999.900 999.900  999.90  222.12    1.56    0.14  199.47    7.22    0.39    1015    1015
 25.500 999.900 999.900  999.90  222.85    1.59    0.10  199.65    7.33    0.44    1006    1006
 26.000 999.900 999.900  999.90  223.71    1.68    0.05  199.94    7.45    0.50    1000    1000
 26.500 999.900 999.900  999.90  224.51    1.69    0.01  200.16    7.50    0.53     992     992
 27.000 999.900 999.900  999.90  225.26    1.79    0.08  200.38    7.61    0.57     977     977
 27.500 999.900 999.900  999.90  226.04    1.88    0.07  200.73    7.58    0.61     967     967
 28.000 999.900 999.900  999.90  226.74    1.99   -0.01  201.04    7.59    0.63     949     949
 28.500 999.900 999.900  999.90  227.42    2.03    0.00  201.37    7.63    0.66     937     937
 29.000 999.900 999.900  999.90  228.15    2.05   -0.02  201.68    7.54    0.69     908     908
 29.500 999.900 999.900  999.90  228.85    2.06   -0.15  202.05    7.56    0.69     876     876
 30.000 999.900 999.900  999.90  229.58    2.11   -0.14  202.50    7.58    0.69     839     839
  T A B L E  III -   9.  M O I S T U R E  R E L A T E D  S T A T I S T I C A L  P A R A M E T E R S
                                 September
 STATION =   725720     DUGWAY PROVING GROUNDS
      Z VAPOR P   SD VP SKEW VP      TV      TV SKEW TV DEWPT T  SD DPT SKW DPT NOBS TP NOBS TV   
           MEAN                    MEAN      SD            MEAN                                   
     KM      MB      MB          KELVIN  KELVIN          KELVIN  KELVIN                           
  0.000  16.000   6.000    0.00  291.00    6.00    0.00  290.00    7.00    0.00       0       0
  1.289   8.804   3.111    1.64  293.67    7.25    0.07  277.56    4.81    0.19    1103    1103
  1.500   7.214   2.739    0.71  293.73    5.48   -0.40  274.59    5.40   -0.27    1103    1103
  2.000   5.959   2.427    0.66  290.59    5.13   -0.77  271.76    5.97   -0.70    1103    1103
  2.500   5.026   2.109    0.51  286.74    4.99   -0.89  269.33    6.24   -0.80    1103    1103
  3.000   4.317   1.884    0.51  282.72    4.74   -0.96  267.14    6.69   -1.09    1104    1104
  3.500   3.612   1.689    0.38  278.73    4.36   -1.02  264.54    7.48   -1.26    1102    1102
  4.000   2.932   1.512    0.34  274.88    3.92   -1.07  261.40    8.53   -1.29    1102    1102
  4.500   2.300   1.331    0.35  271.18    3.62   -1.04  257.79    9.52   -1.08    1102    1102
  5.000   1.740   1.130    0.51  267.65    3.52   -1.01  253.94   10.07   -0.83    1100    1100
  5.500   1.250   0.908    0.74  264.26    3.53   -0.95  249.66   10.24   -0.57    1101    1101
  6.000   0.868   0.679    1.08  260.99    3.55   -1.01  245.43    9.99   -0.46    1103    1103
  6.500   0.597   0.495    1.39  257.58    3.58   -1.04  241.46    9.39   -0.26    1102    1102
  7.000   0.416   0.352    1.62  254.08    3.61   -1.08  237.83    8.94   -0.25    1101    1101
  7.500   0.291   0.249    1.77  250.47    3.58   -1.00  234.27    8.75   -0.37    1099    1099
  8.000   0.202   0.177    1.88  246.73    3.53   -0.77  230.67    8.64   -0.42    1097    1097
  8.500   0.137   0.119    1.99  242.91    3.46   -0.53  227.16    8.28   -0.50    1097    1097
  9.000   0.095   0.080    2.01  239.06    3.34   -0.29  224.02    7.85   -0.56    1094    1094
  9.500   0.063   0.054    2.12  235.27    3.19   -0.04  220.69    7.33   -0.48    1085    1085
 10.000   0.041   0.034    1.99  231.53    3.13    0.14  217.49    6.60   -0.41    1065    1065
 10.500   0.027   0.021    2.00  228.05    3.10    0.28  214.41    5.87   -0.41    1058    1058
 11.000   0.018   0.013    1.89  224.94    3.21    0.37  211.49    5.23   -0.34    1045    1045
 11.500   0.012   0.009    1.75  222.41    3.37    0.38  208.89    4.76   -0.28    1039    1039
 12.000 999.900 999.900  999.90  220.38    3.50    0.14  206.59    4.70   -0.45    1020    1020
 12.500 999.900 999.900  999.90  218.68    3.52   -0.09  204.72    5.05   -0.49     841     841
 13.000 999.900 999.900  999.90  217.02    3.36   -0.19  202.94    5.29   -0.43     763     763
 13.500 999.900 999.900  999.90  215.48    3.18   -0.01  201.42    5.77   -0.37     631     631
 14.000 999.900 999.900  999.90  213.88    3.04    0.31  200.29    5.96   -0.43     512     512
 14.500 999.900 999.900  999.90  212.38    3.17    0.38  199.98    6.38   -0.33     242     242
 15.000 999.900 999.900  999.90  211.04    3.31    0.37  199.18    6.57   -0.25     159     159
 15.500 999.900 999.900  999.90  210.00    3.43    0.38  198.20    7.06   -0.10     119     119
 16.000 999.900 999.900  999.90  209.34    3.53    0.31  198.19    6.97   -0.05      96      96
 16.500 999.900 999.900  999.90  209.02    3.54    0.26  198.32    6.66    0.00      93      93
 17.000 999.900 999.900  999.90  209.07    3.41    0.15  199.26    6.54   -0.41      64      64
 17.500 999.900 999.900  999.90  209.34    3.10    0.17  200.01    6.16   -0.76      59      59
 18.000 999.900 999.900  999.90  209.81    2.84    0.16  198.35    6.55   -0.30      66      66
 18.500 999.900 999.900  999.90  210.41    2.59    0.03  197.69    6.48   -0.29      94      94
 19.000 999.900 999.900  999.90  211.26    2.45    0.03  198.27    6.86   -0.31     116     116
 19.500 999.900 999.900  999.90  212.12    2.40    0.01  198.57    6.45   -0.44     198     198
 20.000 999.900 999.900  999.90  212.89    2.27   -0.02  198.61    6.43   -0.49     308     308
 20.500 999.900 999.900  999.90  213.65    2.13   -0.11  198.66    6.50   -0.49     440     440
 21.000 999.900 999.900  999.90  214.41    2.01   -0.06  198.36    6.56   -0.34     674     674
 21.500 999.900 999.900  999.90  215.07    1.97   -0.02  198.52    6.70   -0.30     721     721
 22.000 999.900 999.900  999.90  215.84    1.90   -0.17  198.57    6.78   -0.23     810     810
 22.500 999.900 999.900  999.90  216.61    1.87    0.02  198.65    6.88   -0.17     879     879
 23.000 999.900 999.900  999.90  217.39    1.84   -0.14  198.76    6.93   -0.10     931     931
 23.500 999.900 999.900  999.90  218.16    1.86   -0.11  198.90    7.03   -0.02     952     952
 24.000 999.900 999.900  999.90  218.93    1.83   -0.10  199.13    7.16    0.03     958     958
 24.500 999.900 999.900  999.90  219.70    1.86    0.00  199.26    7.30    0.13     977     977
 25.000 999.900 999.900  999.90  220.48    1.94    0.05  199.45    7.42    0.19     975     975
 25.500 999.900 999.900  999.90  221.16    2.00   -0.07  199.59    7.49    0.25     971     971
 26.000 999.900 999.900  999.90  221.86    2.00    0.17  199.79    7.55    0.29     968     968
 26.500 999.900 999.900  999.90  222.53    2.06    0.01  199.94    7.60    0.35     962     962
 27.000 999.900 999.900  999.90  223.16    2.13   -0.05  200.02    7.63    0.41     951     951
 27.500 999.900 999.900  999.90  223.80    2.14   -0.11  200.18    7.61    0.46     947     947
 28.000 999.900 999.900  999.90  224.41    2.18   -0.21  200.30    7.57    0.51     937     937
 28.500 999.900 999.900  999.90  225.03    2.28   -0.20  200.48    7.60    0.56     924     924
 29.000 999.900 999.900  999.90  225.62    2.35   -0.17  200.66    7.52    0.59     902     902
 29.500 999.900 999.900  999.90  226.26    2.43   -0.09  200.78    7.44    0.64     878     878
 30.000 999.900 999.900  999.90  226.82    2.45   -0.16  200.99    7.53    0.66     845     845
  T A B L E  III -  10.  M O I S T U R E  R E L A T E D  S T A T I S T I C A L  P A R A M E T E R S
                                   October
 STATION =   725720     DUGWAY PROVING GROUNDS
      Z VAPOR P   SD VP SKEW VP      TV      TV SKEW TV DEWPT T  SD DPT SKW DPT NOBS TP NOBS TV   
           MEAN                    MEAN      SD            MEAN                                   
     KM      MB      MB          KELVIN  KELVIN          KELVIN  KELVIN                           
  0.000  16.000   6.000    0.00  291.00    6.00    0.00  290.00    7.00    0.00       0       0
  1.289   6.878   2.005    0.42  285.66    6.71    0.41  274.24    4.22   -0.38    1159    1159
  1.500   5.755   1.871    0.47  286.02    5.67    0.12  271.65    4.65   -0.42    1159    1159
  2.000   4.661   1.701    0.44  283.21    5.77   -0.11  268.61    5.27   -0.62    1159    1159
  2.500   3.914   1.525    0.32  279.65    5.77   -0.23  266.13    5.78   -0.85    1159    1159
  3.000   3.246   1.419    0.14  276.02    5.53   -0.35  263.23    7.32   -1.51    1158    1158
  3.500   2.597   1.279    0.17  272.63    5.21   -0.47  259.93    8.48   -1.51    1157    1157
  4.000   2.029   1.105    0.27  269.39    4.94   -0.63  256.48    9.21   -1.36    1156    1156
  4.500   1.545   0.927    0.50  266.27    4.79   -0.76  253.02    9.16   -1.03    1156    1156
  5.000   1.148   0.745    0.70  263.15    4.75   -0.87  249.38    9.14   -0.78    1157    1157
  5.500   0.844   0.563    0.78  259.88    4.78   -0.94  245.91    8.88   -0.67    1157    1157
  6.000   0.612   0.412    0.97  256.51    4.82   -1.00  242.49    8.51   -0.68    1159    1159
  6.500   0.429   0.293    1.06  253.02    4.86   -1.03  238.86    8.09   -0.61    1157    1157
  7.000   0.305   0.207    1.05  249.42    4.78   -0.93  235.44    7.82   -0.63    1157    1157
  7.500   0.220   0.151    1.06  245.75    4.65   -0.84  232.20    7.81   -0.79    1156    1156
  8.000   0.150   0.103    1.09  241.96    4.45   -0.64  228.60    7.62   -0.86    1155    1155
  8.500   0.101   0.069    1.15  238.15    4.24   -0.56  225.06    7.30   -0.87    1153    1153
  9.000   0.067   0.047    1.15  234.32    4.00   -0.49  221.52    7.06   -0.83    1153    1153
  9.500   0.044   0.030    1.17  230.65    3.67   -0.34  218.12    6.62   -0.81    1153    1153
 10.000   0.029   0.019    1.26  227.19    3.36   -0.08  214.85    6.09   -0.87    1147    1147
 10.500   0.019   0.012    1.12  224.05    3.23    0.24  211.83    5.58   -0.96    1135    1135
 11.000   0.012   0.008    0.88  221.32    3.42    0.44  208.96    5.22   -1.01    1025    1025
 11.500 999.900 999.900  999.90  219.15    3.85    0.47  206.63    5.18   -0.89     944     944
 12.000 999.900 999.900  999.90  217.57    4.27    0.36  204.88    5.34   -0.81     897     897
 12.500 999.900 999.900  999.90  216.48    4.51    0.13  203.52    5.93   -0.73     737     737
 13.000 999.900 999.900  999.90  215.48    4.37   -0.08  202.05    6.37   -0.61     655     655
 13.500 999.900 999.900  999.90  214.51    4.19   -0.09  200.88    6.67   -0.53     579     579
 14.000 999.900 999.900  999.90  213.47    3.95    0.07  200.04    7.09   -0.54     431     431
 14.500 999.900 999.900  999.90  212.41    3.96    0.28  199.04    7.43   -0.38     331     331
 15.000 999.900 999.900  999.90  211.41    4.06    0.39  197.90    7.61   -0.23     280     280
 15.500 999.900 999.900  999.90  210.56    4.12    0.37  197.53    7.66   -0.23     229     229
 16.000 999.900 999.900  999.90  209.92    4.24    0.29  197.15    7.69   -0.15     199     199
 16.500 999.900 999.900  999.90  209.70    4.21    0.11  196.87    7.58   -0.12     178     178
 17.000 999.900 999.900  999.90  209.65    3.99    0.01  196.74    7.65   -0.19     139     139
 17.500 999.900 999.900  999.90  209.68    3.76   -0.08  197.18    7.42   -0.38     130     130
 18.000 999.900 999.900  999.90  209.80    3.45   -0.04  197.65    7.45   -0.47     113     113
 18.500 999.900 999.900  999.90  210.18    3.16    0.03  197.89    7.40   -0.56     123     123
 19.000 999.900 999.900  999.90  210.59    2.80    0.06  197.90    7.83   -0.48     110     110
 19.500 999.900 999.900  999.90  211.06    2.71    0.23  197.43    7.72   -0.35     127     127
 20.000 999.900 999.900  999.90  211.54    2.48    0.10  198.07    7.44   -0.34     157     157
 20.500 999.900 999.900  999.90  212.03    2.31    0.12  198.07    7.29   -0.46     224     224
 21.000 999.900 999.900  999.90  212.51    2.31    0.16  197.93    7.38   -0.34     284     284
 21.500 999.900 999.900  999.90  213.14    2.35    0.25  198.11    7.29   -0.27     327     327
 22.000 999.900 999.900  999.90  213.72    2.34    0.08  198.10    7.27   -0.22     417     417
 22.500 999.900 999.900  999.90  214.30    2.38    0.12  198.57    7.21   -0.27     522     522
 23.000 999.900 999.900  999.90  214.98    2.50    0.08  198.84    7.14   -0.31     624     624
 23.500 999.900 999.900  999.90  215.71    2.50    0.02  198.89    7.14   -0.28     717     717
 24.000 999.900 999.900  999.90  216.41    2.58   -0.15  198.63    7.22   -0.19     886     886
 24.500 999.900 999.900  999.90  217.04    2.68   -0.15  198.75    7.32   -0.13     908     908
 25.000 999.900 999.900  999.90  217.66    2.71   -0.08  198.74    7.43   -0.11     931     931
 25.500 999.900 999.900  999.90  218.16    2.76   -0.18  198.72    7.52   -0.05     950     950
 26.000 999.900 999.900  999.90  218.72    2.82   -0.15  198.81    7.57   -0.00     959     959
 26.500 999.900 999.900  999.90  219.25    2.93   -0.04  198.85    7.66    0.02     985     985
 27.000 999.900 999.900  999.90  219.73    3.06   -0.06  198.90    7.63    0.05     966     966
 27.500 999.900 999.900  999.90  220.21    3.15   -0.09  198.90    7.62    0.08     950     950
 28.000 999.900 999.900  999.90  220.76    3.20   -0.06  199.03    7.67    0.11     942     942
 28.500 999.900 999.900  999.90  221.20    3.24   -0.01  199.01    7.72    0.16     928     928
 29.000 999.900 999.900  999.90  221.58    3.31   -0.11  199.03    7.70    0.19     907     907
 29.500 999.900 999.900  999.90  222.09    3.24   -0.19  199.01    7.68    0.20     870     870
 30.000 999.900 999.900  999.90  222.61    3.25   -0.27  199.15    7.67    0.24     818     818
  T A B L E  III -  11.  M O I S T U R E  R E L A T E D  S T A T I S T I C A L  P A R A M E T E R S
                                  November
 STATION =   725720     DUGWAY PROVING GROUNDS
      Z VAPOR P   SD VP SKEW VP      TV      TV SKEW TV DEWPT T  SD DPT SKW DPT NOBS TP NOBS TV   
           MEAN                    MEAN      SD            MEAN                                   
     KM      MB      MB          KELVIN  KELVIN          KELVIN  KELVIN                           
  0.000  16.000   6.000    0.00  291.00    6.00    0.00  290.00    7.00    0.00       0       0
  1.289   5.422   1.715    0.43  278.84    6.28    0.16  270.88    4.46   -0.34    1099    1099
  1.500   4.603   1.630    0.49  279.12    5.86    0.01  268.55    4.86   -0.25    1098    1098
  2.000   3.623   1.459    0.54  276.88    6.29   -0.15  265.18    5.49   -0.38    1098    1098
  2.500   2.974   1.352    0.45  273.78    6.46   -0.28  262.25    6.65   -0.93    1098    1098
  3.000   2.427   1.315    0.48  270.64    6.33   -0.40  258.88    8.67   -1.26    1098    1098
  3.500   1.939   1.209    0.56  267.76    6.16   -0.50  255.41    9.84   -0.99    1099    1099
  4.000   1.500   1.033    0.74  264.90    6.04   -0.62  251.91   10.31   -0.82    1099    1099
  4.500   1.156   0.838    0.81  261.94    5.97   -0.70  248.67   10.44   -0.76    1099    1099
  5.000   0.878   0.661    0.91  258.86    5.95   -0.75  245.55   10.16   -0.62    1098    1098
  5.500   0.667   0.503    0.96  255.63    6.00   -0.80  242.67    9.76   -0.62    1098    1098
  6.000   0.488   0.375    1.08  252.28    6.02   -0.83  239.40    9.46   -0.56    1098    1098
  6.500   0.356   0.275    1.12  248.79    6.01   -0.82  236.18    9.23   -0.58    1099    1099
  7.000   0.258   0.202    1.08  245.26    5.91   -0.77  232.85    9.30   -0.61    1099    1099
  7.500   0.182   0.145    1.11  241.71    5.72   -0.69  229.49    9.04   -0.57    1097    1097
  8.000   0.123   0.097    1.11  238.09    5.47   -0.60  226.02    8.65   -0.62    1097    1097
  8.500   0.083   0.065    1.30  234.50    5.04   -0.41  222.67    8.08   -0.64    1097    1097
  9.000   0.055   0.042    1.28  230.96    4.54   -0.14  219.34    7.42   -0.64    1096    1096
  9.500   0.036   0.026    1.25  227.55    4.11    0.08  216.21    6.71   -0.63    1092    1092
 10.000   0.024   0.016    1.22  224.33    3.80    0.20  213.20    5.88   -0.57    1088    1088
 10.500   0.015   0.011    0.97  221.38    3.71    0.38  210.56    5.28   -0.63    1037    1037
 11.000 999.900 999.900  999.90  218.98    3.94    0.60  208.13    5.01   -0.80     812     812
 11.500 999.900 999.900  999.90  217.14    4.49    0.56  206.30    5.27   -0.78     688     688
 12.000 999.900 999.900  999.90  215.82    5.01    0.33  205.17    5.51   -0.68     649     649
 12.500 999.900 999.900  999.90  214.91    5.41    0.08  204.24    6.01   -0.58     584     584
 13.000 999.900 999.900  999.90  214.36    5.25   -0.13  203.26    6.28   -0.56     570     570
 13.500 999.900 999.900  999.90  213.85    4.91   -0.20  202.32    6.47   -0.54     530     530
 14.000 999.900 999.900  999.90  213.15    4.56   -0.09  201.74    6.56   -0.59     434     434
 14.500 999.900 999.900  999.90  212.35    4.31    0.15  200.81    6.69   -0.48     364     364
 15.000 999.900 999.900  999.90  211.62    4.30    0.20  200.21    6.83   -0.47     318     318
 15.500 999.900 999.900  999.90  211.04    4.38    0.17  200.21    6.80   -0.46     273     273
 16.000 999.900 999.900  999.90  210.59    4.39    0.02  200.05    6.59   -0.40     271     271
 16.500 999.900 999.900  999.90  210.38    4.39   -0.04  199.87    6.41   -0.28     219     219
 17.000 999.900 999.900  999.90  210.29    4.25   -0.18  199.46    6.26   -0.29     189     189
 17.500 999.900 999.900  999.90  210.32    3.97   -0.28  198.87    6.30   -0.25     172     172
 18.000 999.900 999.900  999.90  210.35    3.68   -0.26  198.37    6.56   -0.20     170     170
 18.500 999.900 999.900  999.90  210.49    3.28   -0.25  198.20    6.50   -0.36     144     144
 19.000 999.900 999.900  999.90  210.62    3.06   -0.20  198.20    6.74   -0.14     122     122
 19.500 999.900 999.900  999.90  210.93    2.86   -0.23  198.35    6.62   -0.13     108     108
 20.000 999.900 999.900  999.90  211.14    2.67   -0.24  198.53    6.49   -0.22     121     121
 20.500 999.900 999.900  999.90  211.39    2.56   -0.31  198.91    6.53   -0.46     168     168
 21.000 999.900 999.900  999.90  211.69    2.59   -0.33  198.57    6.78   -0.38     162     162
 21.500 999.900 999.900  999.90  212.10    2.55   -0.58  199.35    6.65   -0.55     202     202
 22.000 999.900 999.900  999.90  212.58    2.58   -0.50  199.54    6.68   -0.64     259     259
 22.500 999.900 999.900  999.90  212.94    2.66   -0.59  199.92    6.57   -0.64     312     312
 23.000 999.900 999.900  999.90  213.21    2.66   -0.70  199.46    6.77   -0.57     385     385
 23.500 999.900 999.900  999.90  213.61    2.73   -0.67  199.31    6.95   -0.48     465     465
 24.000 999.900 999.900  999.90  214.07    2.81   -0.76  199.24    6.91   -0.34     569     569
 24.500 999.900 999.900  999.90  214.56    2.91   -0.69  199.11    7.07   -0.26     592     592
 25.000 999.900 999.900  999.90  215.00    3.02   -0.72  199.00    7.16   -0.22     649     649
 25.500 999.900 999.900  999.90  215.46    3.05   -0.63  199.07    7.20   -0.17     705     705
 26.000 999.900 999.900  999.90  215.87    3.03   -0.49  199.00    7.26   -0.13     738     738
 26.500 999.900 999.900  999.90  216.30    3.17   -0.48  199.13    7.30   -0.10     800     800
 27.000 999.900 999.900  999.90  216.64    3.24   -0.39  199.19    7.31   -0.05     780     780
 27.500 999.900 999.900  999.90  217.10    3.29   -0.18  199.20    7.27    0.00     771     771
 28.000 999.900 999.900  999.90  217.61    3.35   -0.03  199.24    7.27    0.05     771     771
 28.500 999.900 999.900  999.90  218.11    3.45    0.03  199.24    7.36    0.10     761     761
 29.000 999.900 999.900  999.90  218.52    3.48   -0.03  199.18    7.46    0.13     741     741
 29.500 999.900 999.900  999.90  219.00    3.49    0.03  199.24    7.55    0.13     696     696
 30.000 999.900 999.900  999.90  219.54    3.53   -0.03  199.31    7.68    0.14     646     646
  T A B L E  III -  12.  M O I S T U R E  R E L A T E D  S T A T I S T I C A L  P A R A M E T E R S
                                  December
 STATION =   725720     DUGWAY PROVING GROUNDS
      Z VAPOR P   SD VP SKEW VP      TV      TV SKEW TV DEWPT T  SD DPT SKW DPT NOBS TP NOBS TV   
           MEAN                    MEAN      SD            MEAN                                   
     KM      MB      MB          KELVIN  KELVIN          KELVIN  KELVIN                           
  0.000  16.000   6.000    0.00  291.00    6.00    0.00  290.00    7.00    0.00       0       0
  1.289   4.483   1.411    0.42  273.49    5.59    0.11  268.33    4.38   -0.44    1052    1052
  1.500   3.965   1.326    0.51  273.80    5.17    0.31  266.65    4.54   -0.31    1052    1052
  2.000   3.232   1.230    0.50  272.26    5.48    0.06  263.79    5.15   -0.40    1052    1052
  2.500   2.679   1.189    0.37  269.87    5.63   -0.12  260.92    6.73   -1.28    1052    1052
  3.000   2.222   1.141    0.36  267.21    5.62   -0.25  258.06    8.07   -1.36    1051    1051
  3.500   1.760   1.031    0.54  264.58    5.60   -0.37  254.69    8.99   -1.11    1051    1051
  4.000   1.377   0.870    0.67  261.91    5.54   -0.46  251.52    9.19   -0.90    1052    1052
  4.500   1.064   0.706    0.77  259.08    5.52   -0.54  248.38    9.43   -0.94    1050    1050
  5.000   0.812   0.569    0.99  256.06    5.53   -0.56  245.21    9.47   -0.90    1050    1050
  5.500   0.613   0.450    1.14  252.95    5.56   -0.56  241.94    9.65   -0.88    1051    1051
  6.000   0.449   0.339    1.26  249.63    5.56   -0.54  238.68    9.38   -0.81    1050    1050
  6.500   0.319   0.246    1.33  246.16    5.55   -0.48  235.16    9.28   -0.82    1049    1049
  7.000   0.226   0.177    1.46  242.57    5.50   -0.42  231.81    8.93   -0.81    1049    1049
  7.500   0.153   0.121    1.59  238.95    5.40   -0.35  228.10    8.64   -0.77    1049    1049
  8.000   0.100   0.080    1.78  235.28    5.16   -0.27  224.40    8.22   -0.73    1047    1047
  8.500   0.066   0.054    2.06  231.61    4.82   -0.19  220.79    7.76   -0.69    1047    1047
  9.000   0.043   0.035    2.37  228.08    4.36   -0.11  217.57    7.11   -0.64    1039    1039
  9.500   0.028   0.022    2.74  224.75    3.90   -0.03  214.47    6.32   -0.57    1023    1023
 10.000   0.018   0.014    2.92  221.68    3.61    0.07  211.54    5.56   -0.55    1016    1016
 10.500   0.011   0.010    1.98  219.12    3.74    0.46  209.06    5.18   -0.59     868     868
 11.000 999.900 999.900  999.90  217.16    4.28    0.69  206.82    5.30   -0.56     643     643
 11.500 999.900 999.900  999.90  215.89    5.03    0.57  205.48    5.74   -0.52     571     571
 12.000 999.900 999.900  999.90  215.32    5.68    0.25  204.67    6.10   -0.50     584     584
 12.500 999.900 999.900  999.90  215.14    5.86   -0.11  203.88    6.24   -0.56     598     598
 13.000 999.900 999.900  999.90  215.26    5.58   -0.44  203.04    6.39   -0.54     644     644
 13.500 999.900 999.900  999.90  215.18    5.04   -0.56  202.18    6.48   -0.55     673     673
 14.000 999.900 999.900  999.90  214.89    4.49   -0.39  201.27    6.78   -0.51     598     598
 14.500 999.900 999.900  999.90  214.37    4.19   -0.21  200.86    6.72   -0.57     529     529
 15.000 999.900 999.900  999.90  213.80    4.06   -0.07  200.34    6.72   -0.53     482     482
 15.500 999.900 999.900  999.90  213.30    4.12   -0.08  200.03    6.54   -0.37     433     433
 16.000 999.900 999.900  999.90  212.79    4.23   -0.14  199.80    6.51   -0.36     419     419
 16.500 999.900 999.900  999.90  212.45    4.22   -0.16  199.45    6.63   -0.34     343     343
 17.000 999.900 999.900  999.90  212.15    4.12   -0.25  199.39    6.46   -0.22     311     311
 17.500 999.900 999.900  999.90  212.05    3.89   -0.34  199.23    6.35   -0.25     283     283
 18.000 999.900 999.900  999.90  212.01    3.79   -0.25  198.93    6.47   -0.18     301     301
 18.500 999.900 999.900  999.90  212.04    3.66   -0.32  198.36    6.70   -0.11     274     274
 19.000 999.900 999.900  999.90  212.12    3.57   -0.28  199.08    6.55   -0.23     259     259
 19.500 999.900 999.900  999.90  212.29    3.64   -0.23  198.96    6.52   -0.23     282     282
 20.000 999.900 999.900  999.90  212.47    3.61   -0.20  198.70    6.63   -0.14     322     322
 20.500 999.900 999.900  999.90  212.86    3.69   -0.22  198.79    6.76   -0.10     373     373
 21.000 999.900 999.900  999.90  213.09    3.79   -0.30  198.74    6.94   -0.00     354     354
 21.500 999.900 999.900  999.90  213.33    3.78   -0.33  198.65    6.99    0.02     364     364
 22.000 999.900 999.900  999.90  213.60    3.91   -0.43  198.83    7.02    0.05     392     392
 22.500 999.900 999.900  999.90  213.94    3.90   -0.39  198.65    7.07    0.09     425     425
 23.000 999.900 999.900  999.90  214.30    3.88   -0.23  198.50    7.18    0.12     464     464
 23.500 999.900 999.900  999.90  214.55    3.84   -0.15  198.47    7.14    0.13     501     501
 24.000 999.900 999.900  999.90  214.69    3.89   -0.23  198.46    7.14    0.16     526     526
 24.500 999.900 999.900  999.90  214.91    3.94   -0.21  198.46    7.14    0.18     531     531
 25.000 999.900 999.900  999.90  215.14    3.99   -0.29  198.54    7.12    0.17     541     541
 25.500 999.900 999.900  999.90  215.25    4.15   -0.34  198.56    7.13    0.18     550     550
 26.000 999.900 999.900  999.90  215.45    4.22   -0.20  198.50    7.16    0.20     568     568
 26.500 999.900 999.900  999.90  215.75    4.15   -0.13  198.57    7.28    0.19     573     573
 27.000 999.900 999.900  999.90  215.92    4.29   -0.06  198.53    7.32    0.23     559     559
 27.500 999.900 999.900  999.90  216.21    4.39   -0.00  198.51    7.49    0.27     557     557
 28.000 999.900 999.900  999.90  216.51    4.49    0.07  198.57    7.53    0.34     551     551
 28.500 999.900 999.900  999.90  216.79    4.56   -0.01  198.53    7.61    0.40     532     532
 29.000 999.900 999.900  999.90  217.19    4.77   -0.01  198.52    7.74    0.42     518     518
 29.500 999.900 999.900  999.90  217.63    4.92    0.06  198.66    7.72    0.46     478     478
 30.000 999.900 999.900  999.90  218.19    4.91    0.12  198.81    7.74    0.47     446     446
  T A B L E  III -  13.  M O I S T U R E  R E L A T E D  S T A T I S T I C A L  P A R A M E T E R S
                                    Annual
 STATION =   725720     DUGWAY PROVING GROUNDS
      Z VAPOR P   SD VP SKEW VP      TV      TV SKEW TV DEWPT T  SD DPT SKW DPT NOBS TP NOBS TV   
           MEAN                    MEAN      SD            MEAN                                   
     KM      MB      MB          KELVIN  KELVIN          KELVIN  KELVIN                           
  0.000  16.000   6.000    0.00  291.00    6.00    0.00  290.00    7.00    0.00       0       0
  1.289   6.900   3.083    1.11  285.88   11.51    0.25  273.66    6.11    0.01   13508   13508
  1.500   5.737   2.722    1.15  285.66   10.81    0.09  270.99    6.38   -0.07   13499   13499
  2.000   4.690   2.324    1.10  282.85   10.26    0.05  268.13    6.69   -0.22   13499   13499
  2.500   3.960   2.044    0.99  279.35    9.89    0.02  265.68    7.25   -0.61   13502   13502
  3.000   3.343   1.853    0.91  275.73    9.43   -0.01  263.07    8.30   -1.01   13499   13499
  3.500   2.742   1.665    0.88  272.23    8.87   -0.06  260.03    9.37   -1.07   13492   13492
  4.000   2.202   1.475    0.92  268.78    8.34   -0.13  256.79   10.17   -0.93   13479   13479
  4.500   1.746   1.280    1.00  265.33    7.90   -0.22  253.52   10.71   -0.79   13470   13470
  5.000   1.345   1.069    1.14  261.88    7.61   -0.31  250.09   10.94   -0.64   13469   13469
  5.500   0.994   0.849    1.32  258.43    7.47   -0.37  246.38   10.94   -0.52   13466   13466
  6.000   0.701   0.644    1.62  255.00    7.49   -0.38  242.41   10.69   -0.40   13469   13469
  6.500   0.480   0.464    1.95  251.52    7.56   -0.35  238.40   10.32   -0.35   13464   13464
  7.000   0.330   0.328    2.19  247.96    7.63   -0.31  234.65    9.98   -0.35   13446   13446
  7.500   0.227   0.230    2.36  244.33    7.64   -0.25  231.03    9.67   -0.35   13410   13410
  8.000   0.155   0.162    2.52  240.62    7.57   -0.17  227.47    9.34   -0.31   13345   13345
  8.500   0.105   0.113    2.61  236.90    7.41   -0.07  223.98    9.01   -0.24   13262   13262
  9.000   0.070   0.077    2.67  233.24    7.13    0.04  220.60    8.57   -0.18   13198   13198
  9.500   0.046   0.051    2.75  229.72    6.78    0.14  217.36    8.06   -0.13   13027   13027
 10.000   0.030   0.033    2.77  226.41    6.35    0.22  214.28    7.36   -0.07   12884   12884
 10.500   0.019   0.021    2.59  223.45    5.94    0.20  211.74    6.76   -0.17   11797   11797
 11.000   0.012   0.014    2.32  220.96    5.66    0.11  209.45    6.40   -0.34   10128   10128
 11.500 999.900 999.900  999.90  219.07    5.51   -0.06  207.47    6.03   -0.58    9545    9545
 12.000 999.900 999.900  999.90  217.77    5.41   -0.23  205.78    5.80   -0.71    9553    9553
 12.500 999.900 999.900  999.90  216.94    5.25   -0.37  204.24    6.01   -0.69    8648    8648
 13.000 999.900 999.900  999.90  216.34    4.89   -0.39  202.97    6.24   -0.59    8370    8370
 13.500 999.900 999.900  999.90  215.71    4.52   -0.25  201.89    6.53   -0.52    7938    7938
 14.000 999.900 999.900  999.90  214.90    4.35   -0.05  201.04    6.77   -0.49    7045    7045
 14.500 999.900 999.900  999.90  213.97    4.37    0.06  200.39    7.03   -0.45    5836    5836
 15.000 999.900 999.900  999.90  213.06    4.49    0.05  199.65    7.18   -0.39    5089    5089
 15.500 999.900 999.900  999.90  212.26    4.55    0.04  199.21    7.26   -0.37    4547    4547
 16.000 999.900 999.900  999.90  211.66    4.55    0.03  198.96    7.18   -0.34    4186    4186
 16.500 999.900 999.900  999.90  211.33    4.43    0.02  198.72    7.15   -0.31    3479    3479
 17.000 999.900 999.900  999.90  211.15    4.18    0.03  198.61    7.11   -0.34    2948    2948
 17.500 999.900 999.900  999.90  211.16    3.83    0.01  198.38    7.10   -0.37    2698    2698
 18.000 999.900 999.900  999.90  211.32    3.47   -0.00  198.22    7.06   -0.36    2680    2680
 18.500 999.900 999.900  999.90  211.61    3.16   -0.12  197.98    7.07   -0.37    2670    2670
 19.000 999.900 999.900  999.90  211.97    2.94   -0.22  197.92    7.06   -0.36    2693    2693
 19.500 999.900 999.900  999.90  212.39    2.87   -0.34  197.98    6.97   -0.38    3087    3087
 20.000 999.900 999.900  999.90  212.84    2.83   -0.45  197.98    6.93   -0.35    3978    3978
 20.500 999.900 999.900  999.90  213.31    2.84   -0.54  198.01    6.95   -0.36    5172    5172
 21.000 999.900 999.900  999.90  213.78    2.95   -0.63  197.92    6.91   -0.24    6242    6242
 21.500 999.900 999.900  999.90  214.29    3.05   -0.69  198.02    6.98   -0.19    6763    6763
 22.000 999.900 999.900  999.90  214.82    3.19   -0.75  198.09    7.05   -0.15    7309    7309
 22.500 999.900 999.900  999.90  215.34    3.33   -0.72  198.17    7.11   -0.11    7814    7814
 23.000 999.900 999.900  999.90  215.87    3.47   -0.69  198.23    7.18   -0.06    8312    8312
 23.500 999.900 999.900  999.90  216.43    3.64   -0.71  198.32    7.24   -0.01    8779    8779
 24.000 999.900 999.900  999.90  216.99    3.82   -0.72  198.38    7.29    0.05    9349    9349
 24.500 999.900 999.900  999.90  217.58    4.02   -0.66  198.44    7.36    0.13    9459    9459
 25.000 999.900 999.900  999.90  218.17    4.21   -0.64  198.48    7.45    0.18    9613    9613
 25.500 999.900 999.900  999.90  218.76    4.41   -0.63  198.55    7.53    0.23    9780    9780
 26.000 999.900 999.900  999.90  219.40    4.59   -0.57  198.67    7.62    0.28    9904    9904
 26.500 999.900 999.900  999.90  220.05    4.79   -0.55  198.77    7.69    0.32   10090   10090
 27.000 999.900 999.900  999.90  220.68    4.98   -0.52  198.91    7.74    0.37    9982    9982
 27.500 999.900 999.900  999.90  221.36    5.14   -0.50  199.10    7.77    0.40    9904    9904
 28.000 999.900 999.900  999.90  222.06    5.29   -0.50  199.31    7.81    0.44    9842    9842
 28.500 999.900 999.900  999.90  222.78    5.43   -0.50  199.48    7.88    0.47    9700    9700
 29.000 999.900 999.900  999.90  223.54    5.54   -0.49  199.72    7.91    0.49    9480    9480
 29.500 999.900 999.900  999.90  224.40    5.65   -0.51  200.03    7.92    0.51    9084    9084
 30.000 999.900 999.900  999.90  225.31    5.69   -0.51  200.36    7.94    0.52    8510    8510
