      72293      34.73N  120.57W
  T A B L E  III -   1.  M O I S T U R E  R E L A T E D  S T A T I S T I C A L  P A R A M E T E R S
                                   January
 Station =   72293      Vandenberg AFB, CA
      Z VAPOR P   SD VP SKEW VP      TV      TV SKEW TV DEWPT T  SD DPT SKW DPT NOBS TP NOBS TV   
           MEAN                    MEAN      SD            MEAN                                   
     KM      MB      MB          KELVIN  KELVIN          KELVIN  KELVIN                           
  0.000  16.000   6.000    0.00  291.00    6.00    0.00  290.00    7.00    0.00       0       0
  0.100   9.590   3.037    0.03  286.21    4.15   -0.16  278.84    4.96   -0.66    1132    1132
  0.500   7.729   3.111    0.19  286.19    4.40    0.42  275.26    6.41   -0.71    1133    1133
  1.000   5.846   2.894    0.45  284.02    4.94    0.07  270.81    7.64   -0.56    1134    1134
  1.500   4.475   2.612    0.64  281.55    5.09   -0.18  266.60    8.78   -0.50    1134    1134
  2.000   3.514   2.172    0.69  278.94    5.08   -0.34  263.15    9.23   -0.59    1134    1134
  2.500   2.753   1.841    0.79  276.32    5.04   -0.41  259.75    9.50   -0.44    1134    1134
  3.000   2.158   1.539    0.89  273.56    4.96   -0.53  256.40    9.93   -0.46    1134    1134
  3.500   1.716   1.272    0.94  270.58    4.88   -0.63  253.46   10.07   -0.48    1134    1134
  4.000   1.339   1.004    1.01  267.52    4.84   -0.70  250.58    9.81   -0.41    1134    1134
  4.500   1.045   0.796    1.06  264.39    4.81   -0.81  247.68    9.76   -0.40    1133    1133
  5.000   0.818   0.629    1.08  261.10    4.79   -0.89  244.94    9.63   -0.40    1133    1133
  5.500   0.651   0.501    1.12  257.68    4.79   -0.96  242.50    9.47   -0.46    1133    1133
  6.000   0.520   0.399    1.09  254.17    4.76   -0.93  240.11    9.43   -0.56    1132    1132
  6.500   0.393   0.310    1.14  250.54    4.76   -0.88  237.10    9.46   -0.58    1132    1132
  7.000   0.287   0.231    1.16  246.86    4.72   -0.82  233.85    9.42   -0.63    1131    1131
  7.500   0.204   0.169    1.30  243.25    4.59   -0.61  230.63    9.10   -0.56    1121    1121
  8.000   0.140   0.116    1.37  239.46    4.37   -0.35  227.41    8.61   -0.65    1111    1111
  8.500   0.095   0.079    1.41  235.68    4.20   -0.18  224.39    7.94   -0.61    1079    1079
  9.000   0.063   0.053    1.31  231.97    4.04   -0.02  221.23    7.35   -0.56    1054    1054
  9.500   0.041   0.033    1.21  228.40    3.87    0.13  217.92    6.76   -0.56    1048    1048
 10.000   0.027   0.021    1.18  224.94    3.85    0.33  214.57    6.22   -0.51    1042    1042
 10.500   0.017   0.013    1.20  221.84    3.94    0.62  211.46    5.63   -0.56    1022    1022
 11.000   0.010   0.009    1.10  219.53    4.16    0.84  208.89    5.43   -0.73     866     866
 11.500 999.900 999.900  999.90  217.78    4.74    0.74  207.04    5.58   -0.92     746     746
 12.000 999.900 999.900  999.90  216.50    5.51    0.35  205.54    6.28   -0.93     664     664
 12.500 999.900 999.900  999.90  216.37    5.39    0.13  204.41    6.89   -0.86     630     630
 13.000 999.900 999.900  999.90  215.98    5.08   -0.13  203.37    7.22   -0.82     653     653
 13.500 999.900 999.900  999.90  215.35    4.72   -0.38  202.34    7.24   -0.79     669     669
 14.000 999.900 999.900  999.90  214.55    4.43   -0.56  200.70    7.52   -0.61     524     524
 14.500 999.900 999.900  999.90  213.63    3.93   -0.43  199.61    7.59   -0.52     437     437
 15.000 999.900 999.900  999.90  212.49    3.67   -0.16  198.83    7.66   -0.53     329     329
 15.500 999.900 999.900  999.90  211.25    3.59    0.04  198.61    7.20   -0.45     241     241
 16.000 999.900 999.900  999.90  209.95    3.60    0.17  199.23    6.25   -0.51     167     167
 16.500 999.900 999.900  999.90  208.97    3.79    0.14  197.46    6.64   -0.18      93      93
 17.000 999.900 999.900  999.90  208.54    3.70    0.19  198.16    6.61   -0.21      71      71
 17.500 999.900 999.900  999.90  208.19    3.62    0.17  197.80    6.48   -0.23      62      62
 18.000 999.900 999.900  999.90  207.94    3.54    0.11  197.60    6.57   -0.22      57      57
 18.500 999.900 999.900  999.90  207.71    3.57    0.04  197.70    5.57   -0.52      56      56
 19.000 999.900 999.900  999.90  208.19    3.52    0.03  197.40    5.84   -0.38      59      59
 19.500 999.900 999.900  999.90  208.68    3.50   -0.10  197.25    6.10   -0.37      63      63
 20.000 999.900 999.900  999.90  209.12    3.46   -0.22  196.87    6.51   -0.28      77      77
 20.500 999.900 999.900  999.90  209.58    3.48   -0.37  196.93    6.80   -0.17     101     101
 21.000 999.900 999.900  999.90  210.18    3.57   -0.47  198.12    6.78   -0.45     149     149
 21.500 999.900 999.900  999.90  210.87    3.54   -0.50  197.66    7.11   -0.37     186     186
 22.000 999.900 999.900  999.90  211.46    3.59   -0.60  197.79    7.26   -0.29     228     228
 22.500 999.900 999.900  999.90  212.03    3.62   -0.55  197.96    7.34   -0.32     256     256
 23.000 999.900 999.900  999.90  212.54    3.56   -0.54  198.31    7.37   -0.38     298     298
 23.500 999.900 999.900  999.90  213.03    3.51   -0.45  198.36    7.45   -0.40     342     342
 24.000 999.900 999.900  999.90  213.64    3.42   -0.44  199.19    7.44   -0.54     403     403
 24.500 999.900 999.900  999.90  214.27    3.34   -0.46  199.19    7.61   -0.53     424     424
 25.000 999.900 999.900  999.90  214.86    3.30   -0.48  199.41    7.69   -0.56     449     449
 25.500 999.900 999.900  999.90  215.43    3.35   -0.38  199.52    7.85   -0.53     475     475
 26.000 999.900 999.900  999.90  216.01    3.37   -0.36  199.72    8.02   -0.50     497     497
 26.500 999.900 999.900  999.90  216.63    3.39   -0.12  200.27    8.12   -0.57     576     576
 27.000 999.900 999.900  999.90  217.28    3.39    0.02  200.45    8.35   -0.53     580     580
 27.500 999.900 999.900  999.90  218.02    3.43    0.21  200.43    8.70   -0.47     585     585
 28.000 999.900 999.900  999.90  218.76    3.45    0.25  200.49    8.95   -0.43     588     588
 28.500 999.900 999.900  999.90  219.53    3.50    0.28  200.52    9.22   -0.37     569     569
 29.000 999.900 999.900  999.90  220.43    3.54    0.21  200.44    9.43   -0.28     546     546
 29.500 999.900 999.900  999.90  221.30    3.71    0.16  199.85    9.78   -0.12     480     480
 30.000 999.900 999.900  999.90  222.12    3.88   -0.03  197.95   10.15    0.23     343     343
  T A B L E  III -   2.  M O I S T U R E  R E L A T E D  S T A T I S T I C A L  P A R A M E T E R S
                                  February
 Station =   72293      Vandenberg AFB, CA
      Z VAPOR P   SD VP SKEW VP      TV      TV SKEW TV DEWPT T  SD DPT SKW DPT NOBS TP NOBS TV   
           MEAN                    MEAN      SD            MEAN                                   
     KM      MB      MB          KELVIN  KELVIN          KELVIN  KELVIN                           
  0.000  16.000   6.000    0.00  291.00    6.00    0.00  290.00    7.00    0.00       0       0
  0.100   9.547   2.657   -0.01  285.88    4.17    0.25  278.93    4.29   -0.55    1075    1075
  0.500   7.701   2.865    0.13  285.34    4.56    0.86  275.36    5.96   -0.80    1076    1076
  1.000   5.805   2.629    0.45  282.85    5.23    0.52  270.98    7.05   -0.73    1076    1076
  1.500   4.236   2.381    0.71  280.21    5.49    0.23  266.03    8.51   -0.64    1076    1076
  2.000   3.131   2.003    0.93  277.62    5.45    0.02  261.63    9.18   -0.52    1076    1076
  2.500   2.466   1.693    1.09  275.01    5.39   -0.20  258.40    9.36   -0.42    1076    1076
  3.000   1.924   1.391    1.18  272.27    5.33   -0.37  255.13    9.63   -0.46    1076    1076
  3.500   1.528   1.176    1.31  269.32    5.25   -0.47  252.13    9.80   -0.37    1076    1076
  4.000   1.212   0.969    1.29  266.22    5.21   -0.51  249.14   10.19   -0.46    1076    1076
  4.500   0.940   0.770    1.30  263.05    5.05   -0.50  246.17   10.16   -0.44    1076    1076
  5.000   0.736   0.600    1.28  259.77    4.97   -0.52  243.51    9.94   -0.43    1076    1076
  5.500   0.569   0.477    1.29  256.41    4.93   -0.50  240.64    9.92   -0.41    1076    1076
  6.000   0.434   0.378    1.38  252.89    4.95   -0.47  237.70    9.81   -0.34    1075    1075
  6.500   0.325   0.283    1.39  249.25    4.93   -0.45  234.80    9.61   -0.37    1075    1075
  7.000   0.240   0.212    1.41  245.53    4.86   -0.37  231.84    9.55   -0.42    1069    1069
  7.500   0.171   0.154    1.44  241.85    4.74   -0.28  228.86    9.20   -0.43    1049    1049
  8.000   0.118   0.105    1.37  238.06    4.54   -0.16  225.88    8.68   -0.48    1026    1026
  8.500   0.079   0.074    1.39  234.32    4.31   -0.04  222.84    8.24   -0.41     983     983
  9.000   0.051   0.047    1.37  230.67    4.11    0.07  219.51    7.55   -0.36     963     963
  9.500   0.033   0.030    1.35  227.30    3.91    0.25  216.23    6.95   -0.36     959     959
 10.000   0.022   0.019    1.41  224.08    3.91    0.49  213.06    6.30   -0.39     954     954
 10.500   0.014   0.012    1.47  221.29    4.14    0.73  210.24    5.89   -0.52     931     931
 11.000 999.900 999.900  999.90  219.38    4.48    0.88  208.12    5.63   -0.63     776     776
 11.500 999.900 999.900  999.90  218.03    5.20    0.61  206.54    6.09   -0.78     674     674
 12.000 999.900 999.900  999.90  217.02    5.91    0.22  205.45    6.68   -0.71     619     619
 12.500 999.900 999.900  999.90  217.18    5.32    0.03  204.28    7.06   -0.68     645     645
 13.000 999.900 999.900  999.90  217.10    4.63   -0.21  203.38    7.10   -0.65     688     688
 13.500 999.900 999.900  999.90  216.57    4.03   -0.37  202.28    7.10   -0.55     714     714
 14.000 999.900 999.900  999.90  215.77    3.66   -0.25  201.08    7.24   -0.45     589     589
 14.500 999.900 999.900  999.90  214.75    3.40   -0.16  200.17    7.36   -0.44     488     488
 15.000 999.900 999.900  999.90  213.60    3.31   -0.06  199.86    7.28   -0.52     390     390
 15.500 999.900 999.900  999.90  212.38    3.41   -0.05  199.71    7.04   -0.60     323     323
 16.000 999.900 999.900  999.90  211.13    3.55   -0.02  199.28    7.05   -0.63     263     263
 16.500 999.900 999.900  999.90  210.18    3.76   -0.06  199.23    7.33   -0.68     143     143
 17.000 999.900 999.900  999.90  209.77    3.77   -0.06  199.59    6.86   -0.68     125     125
 17.500 999.900 999.900  999.90  209.42    3.74   -0.08  199.73    6.79   -0.78     108     108
 18.000 999.900 999.900  999.90  209.04    3.65   -0.03  200.45    5.80   -0.70      91      91
 18.500 999.900 999.900  999.90  208.75    3.64    0.02  199.94    6.32   -0.82      92      92
 19.000 999.900 999.900  999.90  209.22    3.52    0.00  199.74    6.18   -0.83      91      91
 19.500 999.900 999.900  999.90  209.63    3.45    0.03  199.71    6.37   -0.64     102     102
 20.000 999.900 999.900  999.90  210.08    3.29   -0.00  199.95    6.31   -0.48     115     115
 20.500 999.900 999.900  999.90  210.50    3.19   -0.05  200.17    6.34   -0.41     123     123
 21.000 999.900 999.900  999.90  211.21    3.10   -0.09  199.71    6.46   -0.44     161     161
 21.500 999.900 999.900  999.90  211.76    2.96   -0.17  199.74    6.32   -0.41     189     189
 22.000 999.900 999.900  999.90  212.34    2.87   -0.33  198.74    6.66   -0.32     242     242
 22.500 999.900 999.900  999.90  212.85    2.79   -0.50  198.92    6.70   -0.37     266     266
 23.000 999.900 999.900  999.90  213.35    2.75   -0.56  198.52    7.13   -0.34     307     307
 23.500 999.900 999.900  999.90  213.83    2.81   -0.56  198.53    7.36   -0.30     352     352
 24.000 999.900 999.900  999.90  214.38    2.71   -0.53  198.94    7.33   -0.34     429     429
 24.500 999.900 999.900  999.90  215.00    2.59   -0.46  199.03    7.43   -0.37     466     466
 25.000 999.900 999.900  999.90  215.59    2.56   -0.37  199.06    7.60   -0.33     495     495
 25.500 999.900 999.900  999.90  216.22    2.63   -0.21  199.40    7.72   -0.35     517     517
 26.000 999.900 999.900  999.90  216.87    2.68   -0.03  199.75    7.68   -0.34     534     534
 26.500 999.900 999.900  999.90  217.57    2.78    0.00  200.07    7.75   -0.34     604     604
 27.000 999.900 999.900  999.90  218.24    2.81    0.17  200.16    7.94   -0.36     597     597
 27.500 999.900 999.900  999.90  219.04    2.90    0.13  200.52    8.07   -0.36     578     578
 28.000 999.900 999.900  999.90  219.86    2.98    0.16  200.81    8.21   -0.36     571     571
 28.500 999.900 999.900  999.90  220.82    3.08    0.11  201.16    8.57   -0.31     531     531
 29.000 999.900 999.900  999.90  221.68    3.26    0.16  201.31    8.84   -0.23     493     493
 29.500 999.900 999.900  999.90  222.63    3.34    0.13  201.15    9.23   -0.11     424     424
 30.000 999.900 999.900  999.90  223.85    3.57    0.24  200.44   10.13    0.16     284     284
  T A B L E  III -   3.  M O I S T U R E  R E L A T E D  S T A T I S T I C A L  P A R A M E T E R S
                                     March
 Station =   72293      Vandenberg AFB, CA
      Z VAPOR P   SD VP SKEW VP      TV      TV SKEW TV DEWPT T  SD DPT SKW DPT NOBS TP NOBS TV   
           MEAN                    MEAN      SD            MEAN                                   
     KM      MB      MB          KELVIN  KELVIN          KELVIN  KELVIN                           
  0.000  16.000   6.000    0.00  291.00    6.00    0.00  290.00    7.00    0.00       0       0
  0.100  10.467   2.230   -0.37  286.45    3.56    0.17  280.49    3.36   -0.94    1122    1122
  0.500   8.520   2.482    0.04  286.17    4.57    0.60  277.21    4.59   -0.83    1123    1123
  1.000   6.144   2.297    0.28  284.63    5.19    0.09  272.24    5.75   -0.76    1123    1123
  1.500   4.430   2.122    0.50  282.24    5.35   -0.21  267.19    7.35   -0.84    1123    1123
  2.000   3.210   1.848    0.78  279.59    5.24   -0.41  262.39    8.45   -0.70    1123    1123
  2.500   2.443   1.553    0.93  276.96    5.01   -0.60  258.56    9.04   -0.69    1123    1123
  3.000   1.935   1.337    1.02  274.19    4.89   -0.73  255.27    9.69   -0.68    1123    1123
  3.500   1.516   1.088    1.17  271.22    4.83   -0.83  252.30    9.61   -0.66    1123    1123
  4.000   1.176   0.869    1.29  268.15    4.73   -0.91  249.28    9.60   -0.68    1122    1122
  4.500   0.926   0.691    1.32  264.92    4.65   -1.00  246.55    9.52   -0.69    1122    1122
  5.000   0.719   0.532    1.35  261.53    4.60   -1.05  243.91    9.04   -0.58    1122    1122
  5.500   0.561   0.433    1.40  258.01    4.57   -1.07  241.07    9.11   -0.52    1122    1122
  6.000   0.433   0.343    1.40  254.41    4.55   -1.08  238.26    9.08   -0.45    1122    1122
  6.500   0.325   0.265    1.47  250.66    4.50   -1.01  235.25    9.07   -0.47    1122    1122
  7.000   0.239   0.196    1.47  246.89    4.40   -0.87  232.24    8.91   -0.49    1120    1120
  7.500   0.175   0.147    1.57  243.13    4.24   -0.63  229.43    8.68   -0.52    1106    1106
  8.000   0.124   0.103    1.60  239.25    4.02   -0.42  226.65    7.97   -0.48    1093    1093
  8.500   0.083   0.072    1.60  235.39    3.79   -0.22  223.54    7.55   -0.46    1046    1046
  9.000   0.053   0.047    1.60  231.60    3.56   -0.07  220.28    6.85   -0.33    1007    1007
  9.500   0.035   0.031    2.00  227.95    3.30    0.15  217.01    6.33   -0.29     998     998
 10.000   0.023   0.020    2.17  224.38    3.24    0.19  213.76    5.66   -0.22     995     995
 10.500   0.015   0.012    2.09  221.07    3.41    0.55  210.71    5.14   -0.19     977     977
 11.000 999.900 999.900  999.90  218.57    3.73    1.07  208.01    5.12   -0.40     773     773
 11.500 999.900 999.900  999.90  216.63    4.42    0.95  206.53    5.32   -0.61     608     608
 12.000 999.900 999.900  999.90  215.20    5.34    0.58  205.22    5.95   -0.71     521     521
 12.500 999.900 999.900  999.90  215.38    5.15    0.26  204.42    6.32   -0.78     552     552
 13.000 999.900 999.900  999.90  215.41    4.73   -0.08  203.30    6.76   -0.80     604     604
 13.500 999.900 999.900  999.90  215.13    4.21   -0.23  202.19    7.07   -0.84     645     645
 14.000 999.900 999.900  999.90  214.56    3.82   -0.34  201.14    7.37   -0.77     534     534
 14.500 999.900 999.900  999.90  213.83    3.41   -0.17  200.54    7.37   -0.80     428     428
 15.000 999.900 999.900  999.90  212.90    3.18    0.01  200.03    7.18   -0.75     360     360
 15.500 999.900 999.900  999.90  211.90    3.18    0.11  199.45    7.30   -0.80     282     282
 16.000 999.900 999.900  999.90  210.86    3.28    0.11  199.71    6.64   -0.69     224     224
 16.500 999.900 999.900  999.90  210.05    3.44    0.04  200.22    6.19   -0.75     116     116
 17.000 999.900 999.900  999.90  209.71    3.39   -0.03  199.77    6.28   -0.72     107     107
 17.500 999.900 999.900  999.90  209.47    3.33    0.03  199.52    5.90   -0.47      96      96
 18.000 999.900 999.900  999.90  209.27    3.31    0.06  198.63    6.80   -0.47      97      97
 18.500 999.900 999.900  999.90  209.08    3.32    0.07  198.48    6.75   -0.43      97      97
 19.000 999.900 999.900  999.90  209.53    3.20    0.11  198.11    7.06   -0.39     101     101
 19.500 999.900 999.900  999.90  210.02    3.00    0.09  198.30    6.89   -0.42     104     104
 20.000 999.900 999.900  999.90  210.55    2.87    0.05  198.47    6.72   -0.49     124     124
 20.500 999.900 999.900  999.90  211.03    2.72   -0.00  198.02    7.22   -0.62     138     138
 21.000 999.900 999.900  999.90  211.70    2.55   -0.05  198.96    6.70   -0.77     185     185
 21.500 999.900 999.900  999.90  212.37    2.44   -0.11  198.83    6.88   -0.75     224     224
 22.000 999.900 999.900  999.90  212.96    2.32   -0.18  198.80    7.16   -0.68     291     291
 22.500 999.900 999.900  999.90  213.50    2.22   -0.12  198.63    7.48   -0.63     343     343
 23.000 999.900 999.900  999.90  213.99    2.06   -0.09  198.64    7.74   -0.67     377     377
 23.500 999.900 999.900  999.90  214.49    2.02   -0.11  198.22    8.03   -0.56     446     446
 24.000 999.900 999.900  999.90  215.07    1.97    0.03  198.88    7.96   -0.67     589     589
 24.500 999.900 999.900  999.90  215.74    1.92    0.07  199.05    8.05   -0.65     614     614
 25.000 999.900 999.900  999.90  216.35    1.99    0.11  199.13    8.19   -0.61     645     645
 25.500 999.900 999.900  999.90  217.07    2.10    0.14  199.44    8.34   -0.60     665     665
 26.000 999.900 999.900  999.90  217.75    2.17    0.17  199.78    8.38   -0.56     687     687
 26.500 999.900 999.900  999.90  218.57    2.42    0.31  200.31    8.52   -0.55     725     725
 27.000 999.900 999.900  999.90  219.36    2.57    0.52  200.61    8.70   -0.53     708     708
 27.500 999.900 999.900  999.90  220.24    2.75    0.59  200.89    8.90   -0.50     678     678
 28.000 999.900 999.900  999.90  221.26    3.00    0.64  201.39    9.12   -0.47     653     653
 28.500 999.900 999.900  999.90  222.30    3.21    0.71  201.58    9.48   -0.40     600     600
 29.000 999.900 999.900  999.90  223.29    3.43    0.77  201.63    9.81   -0.27     546     546
 29.500 999.900 999.900  999.90  224.39    3.79    0.87  201.49   10.22   -0.09     477     477
 30.000 999.900 999.900  999.90  225.01    3.52    0.47  199.12   10.45    0.22     312     312
  T A B L E  III -   4.  M O I S T U R E  R E L A T E D  S T A T I S T I C A L  P A R A M E T E R S
                                     April
 Station =   72293      Vandenberg AFB, CA
      Z VAPOR P   SD VP SKEW VP      TV      TV SKEW TV DEWPT T  SD DPT SKW DPT NOBS TP NOBS TV   
           MEAN                    MEAN      SD            MEAN                                   
     KM      MB      MB          KELVIN  KELVIN          KELVIN  KELVIN                           
  0.000  16.000   6.000    0.00  291.00    6.00    0.00  290.00    7.00    0.00       0       0
  0.100  10.377   1.870   -0.43  286.31    3.34    0.35  280.46    2.78   -0.94    1045    1045
  0.500   8.382   2.286   -0.06  286.02    4.55    0.77  277.04    4.36   -1.09    1046    1046
  1.000   6.160   2.347    0.28  285.32    5.17    0.09  272.21    6.08   -1.11    1045    1045
  1.500   4.467   2.127    0.54  283.10    5.32   -0.19  267.22    7.70   -1.16    1046    1046
  2.000   3.156   1.812    0.97  280.50    5.17   -0.41  262.19    8.48   -0.83    1046    1046
  2.500   2.416   1.515    1.12  277.87    4.94   -0.59  258.43    9.23   -0.99    1046    1046
  3.000   1.901   1.306    1.23  275.28    4.80   -0.81  255.10    9.73   -0.86    1046    1046
  3.500   1.516   1.056    1.32  272.44    4.66   -0.93  252.59    9.10   -0.69    1046    1046
  4.000   1.216   0.835    1.18  269.41    4.49   -0.97  250.07    8.89   -0.66    1046    1046
  4.500   0.964   0.665    1.31  266.24    4.41   -1.03  247.52    8.57   -0.64    1046    1046
  5.000   0.759   0.514    1.24  262.90    4.38   -1.07  244.95    8.32   -0.67    1046    1046
  5.500   0.590   0.397    1.14  259.45    4.34   -1.11  242.22    8.24   -0.71    1046    1046
  6.000   0.448   0.309    1.27  255.92    4.28   -1.13  239.34    7.99   -0.58    1046    1046
  6.500   0.342   0.238    1.31  252.22    4.16   -0.99  236.61    7.85   -0.64    1044    1044
  7.000   0.251   0.174    1.39  248.46    4.01   -0.89  233.66    7.54   -0.67    1042    1042
  7.500   0.186   0.127    1.23  244.71    3.85   -0.74  230.81    7.34   -0.69    1039    1039
  8.000   0.130   0.090    1.29  240.84    3.64   -0.47  227.64    6.89   -0.59    1030    1030
  8.500   0.087   0.064    1.59  236.97    3.44   -0.23  224.37    6.50   -0.53    1005    1005
  9.000   0.055   0.042    1.33  233.11    3.23   -0.09  220.93    6.14   -0.64     949     949
  9.500   0.037   0.029    1.62  229.37    3.06   -0.03  217.82    5.62   -0.48     933     933
 10.000   0.024   0.018    1.57  225.63    2.98    0.09  214.66    5.08   -0.44     929     929
 10.500   0.016   0.011    1.89  222.10    2.94    0.37  211.53    4.54   -0.47     922     922
 11.000 999.900 999.900  999.90  219.07    3.00    0.89  208.77    4.44   -0.42     769     769
 11.500 999.900 999.900  999.90  216.48    3.46    1.19  206.61    4.51   -0.25     638     638
 12.000 999.900 999.900  999.90  214.51    4.30    0.91  205.37    5.11   -0.16     492     492
 12.500 999.900 999.900  999.90  214.33    4.44    0.57  204.87    5.81   -0.40     460     460
 13.000 999.900 999.900  999.90  214.33    4.51    0.05  204.06    6.44   -0.63     499     499
 13.500 999.900 999.900  999.90  214.17    4.47   -0.38  203.17    6.75   -0.76     549     549
 14.000 999.900 999.900  999.90  213.85    4.28   -0.65  202.27    7.09   -0.67     475     475
 14.500 999.900 999.900  999.90  213.36    3.78   -0.58  201.52    7.05   -0.64     417     417
 15.000 999.900 999.900  999.90  212.79    3.48   -0.37  201.33    6.87   -0.66     360     360
 15.500 999.900 999.900  999.90  212.07    3.31   -0.30  201.18    6.67   -0.75     311     311
 16.000 999.900 999.900  999.90  211.28    3.33   -0.29  200.91    6.68   -0.79     252     252
 16.500 999.900 999.900  999.90  210.65    3.49   -0.20  200.67    7.04   -0.85     174     174
 17.000 999.900 999.900  999.90  210.51    3.44   -0.16  200.64    6.70   -0.74     156     156
 17.500 999.900 999.900  999.90  210.38    3.36   -0.20  200.72    6.85   -0.88     143     143
 18.000 999.900 999.900  999.90  210.28    3.21   -0.17  200.75    6.90   -0.96     134     134
 18.500 999.900 999.900  999.90  210.23    3.13   -0.14  200.23    7.01   -0.93     141     141
 19.000 999.900 999.900  999.90  210.81    2.94   -0.07  200.00    7.40   -0.81     155     155
 19.500 999.900 999.900  999.90  211.34    2.77   -0.03  200.19    7.16   -0.75     174     174
 20.000 999.900 999.900  999.90  211.79    2.60   -0.01  200.59    7.04   -0.84     190     190
 20.500 999.900 999.900  999.90  212.25    2.39   -0.00  200.42    7.33   -0.95     219     219
 21.000 999.900 999.900  999.90  212.96    2.21    0.02  199.70    7.46   -0.74     301     301
 21.500 999.900 999.900  999.90  213.65    2.06   -0.13  199.83    7.33   -0.66     352     352
 22.000 999.900 999.900  999.90  214.32    1.97   -0.16  199.48    7.67   -0.61     415     415
 22.500 999.900 999.900  999.90  215.03    1.91    0.06  199.29    7.87   -0.57     506     506
 23.000 999.900 999.900  999.90  215.67    1.94   -0.02  199.65    7.85   -0.61     564     564
 23.500 999.900 999.900  999.90  216.28    1.96   -0.01  199.83    8.03   -0.62     618     618
 24.000 999.900 999.900  999.90  217.05    2.01    0.02  200.46    7.94   -0.70     734     734
 24.500 999.900 999.900  999.90  217.90    2.04    0.13  200.77    8.13   -0.70     749     749
 25.000 999.900 999.900  999.90  218.76    2.15    0.10  201.22    8.33   -0.69     752     752
 25.500 999.900 999.900  999.90  219.63    2.31    0.06  201.71    8.48   -0.68     754     754
 26.000 999.900 999.900  999.90  220.56    2.43    0.04  202.16    8.70   -0.66     746     746
 26.500 999.900 999.900  999.90  221.61    2.63    0.03  202.75    8.91   -0.65     736     736
 27.000 999.900 999.900  999.90  222.52    2.84   -0.00  202.99    9.20   -0.60     683     683
 27.500 999.900 999.900  999.90  223.65    3.00    0.04  203.44    9.42   -0.57     663     663
 28.000 999.900 999.900  999.90  224.72    3.06    0.05  203.84    9.65   -0.53     636     636
 28.500 999.900 999.900  999.90  225.67    3.11    0.03  204.14    9.90   -0.46     587     587
 29.000 999.900 999.900  999.90  226.76    3.29    0.11  204.36   10.29   -0.38     535     535
 29.500 999.900 999.900  999.90  227.79    3.44    0.14  203.81   10.63   -0.17     454     454
 30.000 999.900 999.900  999.90  228.60    3.45    0.05  201.93   10.97    0.20     321     321
  T A B L E  III -   5.  M O I S T U R E  R E L A T E D  S T A T I S T I C A L  P A R A M E T E R S
                                       May
 Station =   72293      Vandenberg AFB, CA
      Z VAPOR P   SD VP SKEW VP      TV      TV SKEW TV DEWPT T  SD DPT SKW DPT NOBS TP NOBS TV   
           MEAN                    MEAN      SD            MEAN                                   
     KM      MB      MB          KELVIN  KELVIN          KELVIN  KELVIN                           
  0.000  16.000   6.000    0.00  291.00    6.00    0.00  290.00    7.00    0.00       0       0
  0.100  11.434   1.721   -0.37  287.08    3.31    0.70  281.99    2.19   -0.57    1080    1080
  0.500   9.870   2.413    0.07  287.45    5.12    0.90  279.51    3.86   -0.92    1082    1082
  1.000   7.244   2.465    0.00  288.52    5.77    0.06  274.64    5.54   -1.06    1082    1082
  1.500   5.524   2.236    0.08  286.95    5.46   -0.19  270.49    6.72   -1.17    1082    1082
  2.000   3.954   1.972    0.32  284.28    5.22   -0.35  265.42    8.04   -1.00    1082    1082
  2.500   3.035   1.639    0.45  281.60    4.88   -0.47  261.73    8.48   -0.92    1082    1082
  3.000   2.372   1.403    0.63  278.84    4.61   -0.64  258.31    9.07   -0.95    1081    1081
  3.500   1.825   1.147    0.78  275.90    4.46   -0.81  254.97    9.07   -0.77    1081    1081
  4.000   1.427   0.922    0.95  272.84    4.38   -0.94  252.09    8.76   -0.67    1081    1081
  4.500   1.145   0.752    1.09  269.63    4.31   -0.99  249.56    8.56   -0.62    1081    1081
  5.000   0.890   0.591    1.09  266.27    4.28   -1.04  246.74    8.35   -0.57    1081    1081
  5.500   0.720   0.503    1.17  262.80    4.26   -1.11  244.20    8.60   -0.58    1081    1081
  6.000   0.542   0.386    1.36  259.26    4.30   -1.19  241.21    8.34   -0.56    1079    1079
  6.500   0.397   0.299    1.39  255.58    4.33   -1.23  238.09    8.21   -0.47    1060    1060
  7.000   0.293   0.227    1.34  251.86    4.31   -1.23  235.02    8.22   -0.48    1052    1052
  7.500   0.224   0.178    1.42  248.12    4.26   -1.20  232.38    8.09   -0.41    1046    1046
  8.000   0.160   0.129    1.41  244.25    4.08   -0.97  229.28    7.80   -0.41    1040    1040
  8.500   0.111   0.088    1.38  240.35    3.84   -0.77  226.17    7.43   -0.51    1033    1033
  9.000   0.074   0.058    1.28  236.52    3.51   -0.56  222.98    6.95   -0.60    1002    1002
  9.500   0.049   0.039    1.16  232.79    3.08   -0.12  219.87    6.49   -0.59     967     967
 10.000   0.032   0.025    1.15  229.03    2.87    0.13  216.66    5.90   -0.62     952     952
 10.500   0.021   0.015    0.95  225.35    2.78    0.23  213.41    5.42   -0.72     952     952
 11.000   0.012   0.010    0.88  221.96    2.86    0.50  210.38    5.12   -0.79     850     850
 11.500 999.900 999.900  999.90  218.76    3.14    0.83  207.50    4.78   -0.86     775     775
 12.000 999.900 999.900  999.90  216.02    3.73    0.99  205.21    4.77   -0.84     658     658
 12.500 999.900 999.900  999.90  214.78    3.92    1.04  203.51    5.51   -0.64     437     437
 13.000 999.900 999.900  999.90  214.12    4.14    0.63  202.65    5.98   -0.59     427     427
 13.500 999.900 999.900  999.90  213.51    4.29    0.15  201.69    6.63   -0.60     435     435
 14.000 999.900 999.900  999.90  212.94    4.43   -0.19  200.62    6.98   -0.51     411     411
 14.500 999.900 999.900  999.90  212.62    4.09   -0.28  199.94    7.13   -0.48     357     357
 15.000 999.900 999.900  999.90  212.12    3.74   -0.19  199.07    7.29   -0.37     322     322
 15.500 999.900 999.900  999.90  211.57    3.49   -0.10  198.58    7.56   -0.36     268     268
 16.000 999.900 999.900  999.90  210.97    3.39   -0.03  198.40    7.74   -0.39     209     209
 16.500 999.900 999.900  999.90  210.39    3.43   -0.08  198.25    7.94   -0.37     159     159
 17.000 999.900 999.900  999.90  210.51    3.20   -0.09  197.84    8.13   -0.32     146     146
 17.500 999.900 999.900  999.90  210.55    3.08   -0.03  197.58    8.20   -0.39     134     134
 18.000 999.900 999.900  999.90  210.62    2.94   -0.05  197.79    8.15   -0.45     127     127
 18.500 999.900 999.900  999.90  210.75    2.87   -0.00  197.18    8.27   -0.28     129     129
 19.000 999.900 999.900  999.90  211.23    2.73   -0.04  197.48    8.08   -0.35     163     163
 19.500 999.900 999.900  999.90  211.93    2.51    0.05  197.56    8.05   -0.38     214     214
 20.000 999.900 999.900  999.90  212.54    2.26    0.08  197.26    7.70   -0.29     248     248
 20.500 999.900 999.900  999.90  213.18    2.14    0.10  197.24    7.70   -0.25     317     317
 21.000 999.900 999.900  999.90  213.91    2.00    0.13  198.17    7.55   -0.42     447     447
 21.500 999.900 999.900  999.90  214.78    1.79    0.14  198.32    7.70   -0.37     507     507
 22.000 999.900 999.900  999.90  215.66    1.75    0.24  198.68    7.74   -0.38     597     597
 22.500 999.900 999.900  999.90  216.49    1.78    0.26  199.21    7.84   -0.41     649     649
 23.000 999.900 999.900  999.90  217.33    1.78    0.21  199.72    7.91   -0.43     686     686
 23.500 999.900 999.900  999.90  218.22    1.76    0.11  200.29    7.96   -0.45     724     724
 24.000 999.900 999.900  999.90  219.12    1.87    0.01  201.09    8.02   -0.49     777     777
 24.500 999.900 999.900  999.90  220.05    1.96   -0.09  201.79    8.09   -0.51     813     813
 25.000 999.900 999.900  999.90  221.01    2.02   -0.13  202.28    8.23   -0.50     809     809
 25.500 999.900 999.900  999.90  222.04    2.09   -0.20  202.79    8.38   -0.48     800     800
 26.000 999.900 999.900  999.90  223.04    2.15   -0.21  203.33    8.54   -0.46     790     790
 26.500 999.900 999.900  999.90  224.05    2.21   -0.18  203.92    8.60   -0.45     783     783
 27.000 999.900 999.900  999.90  224.96    2.25   -0.32  204.36    8.78   -0.41     735     735
 27.500 999.900 999.900  999.90  225.80    2.28   -0.28  204.75    8.93   -0.38     710     710
 28.000 999.900 999.900  999.90  226.75    2.33   -0.28  205.17    9.09   -0.36     679     679
 28.500 999.900 999.900  999.90  227.64    2.33   -0.27  205.34    9.31   -0.29     621     621
 29.000 999.900 999.900  999.90  228.53    2.35   -0.20  205.55    9.58   -0.22     567     567
 29.500 999.900 999.900  999.90  229.56    2.36    0.05  205.22    9.92   -0.03     488     488
 30.000 999.900 999.900  999.90  230.45    2.53    0.03  202.93   10.23    0.40     315     315
  T A B L E  III -   6.  M O I S T U R E  R E L A T E D  S T A T I S T I C A L  P A R A M E T E R S
                                      June
 Station =   72293      Vandenberg AFB, CA
      Z VAPOR P   SD VP SKEW VP      TV      TV SKEW TV DEWPT T  SD DPT SKW DPT NOBS TP NOBS TV   
           MEAN                    MEAN      SD            MEAN                                   
     KM      MB      MB          KELVIN  KELVIN          KELVIN  KELVIN                           
  0.000  16.000   6.000    0.00  291.00    6.00    0.00  290.00    7.00    0.00       0       0
  0.100  12.224   1.592   -1.59  287.90    2.94    0.44  283.07    1.70   -0.09     986     986
  0.500  10.745   2.613   -0.12  289.45    5.62    0.67  280.74    3.99   -1.18     990     990
  1.000   7.615   2.817    0.17  293.43    5.68   -0.30  275.20    6.01   -0.98     990     990
  1.500   5.920   2.591    0.34  292.33    5.03   -0.60  271.29    7.09   -1.03     990     990
  2.000   4.385   2.245    0.61  289.61    4.61   -0.72  266.84    7.80   -0.77     990     990
  2.500   3.415   1.855    0.81  286.81    4.21   -0.84  263.47    7.87   -0.68     990     990
  3.000   2.689   1.598    0.91  283.94    3.88   -1.00  260.14    8.29   -0.60     990     990
  3.500   2.175   1.336    0.98  280.94    3.62   -1.16  257.43    8.33   -0.59     990     990
  4.000   1.716   1.097    1.16  277.80    3.42   -1.32  254.47    8.34   -0.55     990     990
  4.500   1.344   0.889    1.44  274.58    3.36   -1.44  251.56    8.25   -0.54     990     990
  5.000   1.036   0.693    1.54  271.25    3.35   -1.40  248.59    8.14   -0.61     989     989
  5.500   0.802   0.552    1.74  267.80    3.30   -1.44  245.73    7.99   -0.57     988     988
  6.000   0.622   0.419    1.37  264.27    3.27   -1.49  242.88    8.11   -0.64     988     988
  6.500   0.471   0.323    1.37  260.56    3.28   -1.49  239.94    7.91   -0.55     988     988
  7.000   0.345   0.230    1.37  256.75    3.26   -1.50  236.92    7.45   -0.60     988     988
  7.500   0.256   0.173    1.46  252.93    3.23   -1.47  233.97    7.27   -0.60     986     986
  8.000   0.185   0.128    1.64  249.05    3.22   -1.38  230.89    6.98   -0.50     984     984
  8.500   0.133   0.089    1.58  245.09    3.14   -1.16  228.01    6.41   -0.42     983     983
  9.000   0.095   0.062    1.63  241.15    2.94   -0.78  225.16    5.87   -0.31     982     982
  9.500   0.067   0.043    1.61  237.26    2.75   -0.44  222.16    5.59   -0.39     979     979
 10.000   0.044   0.029    1.21  233.41    2.67   -0.23  218.96    5.30   -0.42     944     944
 10.500   0.029   0.019    1.22  229.60    2.64   -0.09  215.73    4.89   -0.41     925     925
 11.000   0.019   0.012    0.81  226.07    2.71    0.16  212.75    4.56   -0.70     916     916
 11.500   0.013   0.008    0.63  222.63    2.85    0.46  209.86    4.23   -0.77     913     913
 12.000 999.900 999.900  999.90  219.54    3.03    0.68  207.16    4.07   -0.72     909     909
 12.500 999.900 999.900  999.90  217.19    3.08    0.89  205.05    4.31   -0.56     634     634
 13.000 999.900 999.900  999.90  215.54    3.08    0.82  203.46    4.82   -0.51     513     513
 13.500 999.900 999.900  999.90  214.11    3.35    0.47  202.35    5.64   -0.65     429     429
 14.000 999.900 999.900  999.90  212.69    3.65    0.19  201.98    6.35   -0.99     334     334
 14.500 999.900 999.900  999.90  211.73    3.60    0.22  201.23    6.98   -0.94     209     209
 15.000 999.900 999.900  999.90  210.94    3.44    0.27  201.64    6.50   -1.28     158     158
 15.500 999.900 999.900  999.90  210.12    3.49    0.17  201.94    5.90   -1.47     128     128
 16.000 999.900 999.900  999.90  209.33    3.56    0.08  202.49    4.61   -1.20     102     102
 16.500 999.900 999.900  999.90  208.63    3.65    0.10  202.20    4.30   -1.43      89      89
 17.000 999.900 999.900  999.90  208.67    3.57    0.10  202.10    4.16   -1.06      77      77
 17.500 999.900 999.900  999.90  208.94    3.31    0.19  201.80    4.52   -1.09      75      75
 18.000 999.900 999.900  999.90  209.28    3.07    0.14  201.53    4.57   -0.99      74      74
 18.500 999.900 999.900  999.90  209.67    2.79    0.19  201.38    5.17   -1.40      76      76
 19.000 999.900 999.900  999.90  210.41    2.52    0.07  201.46    4.76   -1.05      90      90
 19.500 999.900 999.900  999.90  211.48    2.18   -0.06  201.34    4.88   -1.17     122     122
 20.000 999.900 999.900  999.90  212.45    1.90   -0.11  200.49    5.69   -0.98     175     175
 20.500 999.900 999.900  999.90  213.32    1.69    0.00  199.25    6.48   -0.71     276     276
 21.000 999.900 999.900  999.90  214.20    1.59    0.07  199.26    6.56   -0.65     563     563
 21.500 999.900 999.900  999.90  215.19    1.51    0.02  199.06    7.05   -0.56     631     631
 22.000 999.900 999.900  999.90  216.12    1.57    0.03  199.37    7.29   -0.55     687     687
 22.500 999.900 999.900  999.90  217.07    1.61    0.05  199.89    7.58   -0.53     719     719
 23.000 999.900 999.900  999.90  218.11    1.60    0.10  200.44    7.76   -0.54     741     741
 23.500 999.900 999.900  999.90  219.07    1.60   -0.06  201.09    7.91   -0.56     764     764
 24.000 999.900 999.900  999.90  220.02    1.58    0.01  201.65    8.03   -0.55     770     770
 24.500 999.900 999.900  999.90  221.09    1.56   -0.09  202.36    8.10   -0.57     795     795
 25.000 999.900 999.900  999.90  222.12    1.62   -0.05  202.88    8.26   -0.56     788     788
 25.500 999.900 999.900  999.90  223.10    1.70    0.01  203.40    8.44   -0.54     778     778
 26.000 999.900 999.900  999.90  224.02    1.74   -0.01  203.85    8.62   -0.53     761     761
 26.500 999.900 999.900  999.90  224.95    1.71    0.12  204.33    8.76   -0.50     751     751
 27.000 999.900 999.900  999.90  225.84    1.72    0.10  204.71    9.00   -0.44     705     705
 27.500 999.900 999.900  999.90  226.75    1.76    0.12  205.14    9.14   -0.42     690     690
 28.000 999.900 999.900  999.90  227.63    1.76    0.18  205.49    9.24   -0.38     673     673
 28.500 999.900 999.900  999.90  228.42    1.72    0.13  205.43    9.47   -0.28     605     605
 29.000 999.900 999.900  999.90  229.25    1.75    0.02  205.46    9.81   -0.20     549     549
 29.500 999.900 999.900  999.90  230.08    1.87    0.16  205.11   10.07   -0.00     475     475
 30.000 999.900 999.900  999.90  230.74    1.73    0.17  202.39   10.16    0.50     315     315
  T A B L E  III -   7.  M O I S T U R E  R E L A T E D  S T A T I S T I C A L  P A R A M E T E R S
                                      July
 Station =   72293      Vandenberg AFB, CA
      Z VAPOR P   SD VP SKEW VP      TV      TV SKEW TV DEWPT T  SD DPT SKW DPT NOBS TP NOBS TV   
           MEAN                    MEAN      SD            MEAN                                   
     KM      MB      MB          KELVIN  KELVIN          KELVIN  KELVIN                           
  0.000  16.000   6.000    0.00  291.00    6.00    0.00  290.00    7.00    0.00       0       0
  0.100  13.462   1.451    0.59  289.39    2.97    0.57  284.46    1.61    0.08     948     948
  0.500  12.160   2.905   -0.16  290.91    5.34    0.62  282.57    4.03   -1.37     948     948
  1.000   8.260   3.287    0.30  296.68    4.64   -0.58  276.22    6.38   -0.78     948     948
  1.500   7.177   3.043    0.31  296.05    3.40   -0.26  274.07    6.77   -0.79     948     948
  2.000   5.866   2.859    0.49  293.09    3.09   -0.24  270.96    7.36   -0.46     948     948
  2.500   4.653   2.590    0.70  289.98    2.79   -0.25  267.37    8.32   -0.61     948     948
  3.000   3.842   2.310    0.71  286.74    2.55   -0.30  264.52    8.82   -0.50     948     948
  3.500   3.192   2.003    0.81  283.29    2.35   -0.42  262.04    8.86   -0.44     947     947
  4.000   2.586   1.739    0.87  279.78    2.17   -0.43  259.07    9.25   -0.37     947     947
  4.500   2.061   1.464    0.95  276.27    2.06   -0.43  256.09    9.38   -0.31     947     947
  5.000   1.603   1.238    1.09  272.82    2.03   -0.40  252.70    9.78   -0.29     947     947
  5.500   1.181   0.937    1.26  269.42    2.03   -0.40  249.26    9.22   -0.06     947     947
  6.000   0.872   0.699    1.40  265.94    2.11   -0.48  245.98    8.86   -0.08     945     945
  6.500   0.637   0.525    1.59  262.38    2.14   -0.54  242.60    8.55   -0.03     945     945
  7.000   0.465   0.386    1.79  258.78    2.23   -0.49  239.40    8.13    0.04     945     945
  7.500   0.337   0.274    1.75  255.12    2.31   -0.54  236.13    8.05   -0.19     945     945
  8.000   0.241   0.195    1.72  251.40    2.37   -0.61  232.90    7.72   -0.16     945     945
  8.500   0.169   0.136    1.75  247.62    2.43   -0.55  229.54    7.48   -0.16     945     945
  9.000   0.119   0.094    1.63  243.86    2.48   -0.51  226.29    7.39   -0.27     945     945
  9.500   0.083   0.066    1.74  240.15    2.49   -0.50  223.05    7.16   -0.28     945     945
 10.000   0.055   0.043    1.45  236.53    2.52   -0.47  220.14    6.63   -0.35     903     903
 10.500   0.036   0.028    1.28  232.86    2.52   -0.44  217.01    6.15   -0.43     874     874
 11.000   0.024   0.018    1.62  229.40    2.45   -0.46  213.91    5.82   -0.50     868     868
 11.500   0.016   0.012    1.49  226.04    2.34   -0.41  210.92    5.46   -0.58     867     867
 12.000   0.011   0.008    1.37  222.85    2.29   -0.38  208.21    5.05   -0.64     866     866
 12.500 999.900 999.900  999.90  219.96    2.20   -0.06  205.46    5.06   -0.66     641     641
 13.000 999.900 999.900  999.90  217.34    2.16    0.54  202.55    5.30   -0.54     513     513
 13.500 999.900 999.900  999.90  214.88    2.36    0.86  199.67    5.93   -0.08     345     345
 14.000 999.900 999.900  999.90  212.52    2.79    0.71  200.44    6.54   -0.71     165     165
 14.500 999.900 999.900  999.90  210.77    3.10    0.68  198.79    6.37   -0.21      73      73
 15.000 999.900 999.900  999.90  209.60    3.30    0.51  199.63    5.48   -0.28      52      52
 15.500 999.900 999.900  999.90  208.59    3.53    0.37  199.29    5.39   -0.38      50      50
 16.000 999.900 999.900  999.90  207.79    3.67    0.38  199.44    5.03   -0.57      45      45
 16.500 999.900 999.900  999.90  207.21    3.70    0.51  199.01    4.96   -0.46      38      38
 17.000 999.900 999.900  999.90  207.35    3.59    0.51  199.01    4.87   -0.54      37      37
 17.500 999.900 999.900  999.90  207.95    3.24    0.47  199.14    4.53   -0.44      36      36
 18.000 999.900 999.900  999.90  208.65    2.89    0.40  198.66    4.84   -0.50      37      37
 18.500 999.900 999.900  999.90  209.45    2.52    0.39  198.83    4.99   -0.50      39      39
 19.000 999.900 999.900  999.90  210.31    2.25    0.25  198.81    4.89   -0.34      45      45
 19.500 999.900 999.900  999.90  211.46    1.94    0.07  198.15    5.54   -0.44      71      71
 20.000 999.900 999.900  999.90  212.55    1.68   -0.05  196.13    6.84   -0.14     143     143
 20.500 999.900 999.900  999.90  213.51    1.50   -0.10  195.96    7.05   -0.17     260     260
 21.000 999.900 999.900  999.90  214.45    1.40   -0.10  197.10    6.99   -0.43     501     501
 21.500 999.900 999.900  999.90  215.55    1.34    0.21  198.31    7.46   -0.54     671     671
 22.000 999.900 999.900  999.90  216.53    1.33    0.11  198.70    7.65   -0.51     701     701
 22.500 999.900 999.900  999.90  217.50    1.32    0.06  199.24    7.79   -0.50     721     721
 23.000 999.900 999.900  999.90  218.40    1.32    0.09  199.77    7.95   -0.50     735     735
 23.500 999.900 999.900  999.90  219.33    1.42    0.05  200.38    8.11   -0.50     749     749
 24.000 999.900 999.900  999.90  220.25    1.43    0.05  200.99    8.26   -0.50     759     759
 24.500 999.900 999.900  999.90  221.27    1.37    0.01  201.64    8.44   -0.49     767     767
 25.000 999.900 999.900  999.90  222.18    1.43    0.11  202.08    8.54   -0.45     754     754
 25.500 999.900 999.900  999.90  223.01    1.51    0.26  202.54    8.73   -0.44     743     743
 26.000 999.900 999.900  999.90  223.92    1.56    0.16  203.08    8.89   -0.43     735     735
 26.500 999.900 999.900  999.90  224.77    1.60    0.24  203.61    9.03   -0.42     730     730
 27.000 999.900 999.900  999.90  225.69    1.64    0.15  203.97    9.21   -0.40     695     695
 27.500 999.900 999.900  999.90  226.49    1.64   -0.00  204.11    9.41   -0.32     642     642
 28.000 999.900 999.900  999.90  227.35    1.74    0.09  204.51    9.60   -0.29     618     618
 28.500 999.900 999.900  999.90  228.17    1.80   -0.02  204.63    9.89   -0.21     569     569
 29.000 999.900 999.900  999.90  229.00    1.81   -0.03  204.54   10.11   -0.11     511     511
 29.500 999.900 999.900  999.90  229.80    1.92   -0.01  204.28   10.33    0.01     451     451
 30.000 999.900 999.900  999.90  230.69    1.74   -0.22  202.44   10.51    0.41     331     331
  T A B L E  III -   8.  M O I S T U R E  R E L A T E D  S T A T I S T I C A L  P A R A M E T E R S
                                    August
 Station =   72293      Vandenberg AFB, CA
      Z VAPOR P   SD VP SKEW VP      TV      TV SKEW TV DEWPT T  SD DPT SKW DPT NOBS TP NOBS TV   
           MEAN                    MEAN      SD            MEAN                                   
     KM      MB      MB          KELVIN  KELVIN          KELVIN  KELVIN                           
  0.000  16.000   6.000    0.00  291.00    6.00    0.00  290.00    7.00    0.00       0       0
  0.100  13.871   2.200   -3.16  290.14    3.09    0.50  285.12    1.63   -0.14     962     962
  0.500  12.297   2.928   -0.30  291.82    5.38    0.67  282.74    4.05   -1.36     975     975
  1.000   8.230   3.327    0.06  296.92    4.26   -0.40  276.02    6.93   -1.08     975     975
  1.500   6.776   3.092    0.25  295.82    3.33   -0.40  272.98    7.55   -0.87     975     975
  2.000   5.377   2.776    0.43  292.82    2.85   -0.16  269.45    8.18   -0.70     975     975
  2.500   4.416   2.514    0.65  289.58    2.48   -0.25  266.55    8.48   -0.45     975     975
  3.000   3.612   2.220    0.67  286.26    2.17   -0.40  263.55    9.14   -0.51     975     975
  3.500   2.963   1.925    0.78  282.84    1.94   -0.35  260.90    9.17   -0.39     973     973
  4.000   2.365   1.623    0.90  279.42    1.82   -0.19  257.88    9.39   -0.41     973     973
  4.500   1.792   1.295    1.10  276.04    1.81   -0.18  254.42    9.25   -0.29     973     973
  5.000   1.325   0.984    1.25  272.71    1.85   -0.23  250.89    8.95   -0.22     973     973
  5.500   0.983   0.742    1.48  269.36    1.91   -0.17  247.57    8.63   -0.23     973     973
  6.000   0.704   0.530    1.60  266.02    1.97   -0.27  243.98    8.26   -0.22     973     973
  6.500   0.514   0.389    1.69  262.51    2.04   -0.28  240.70    8.00   -0.24     971     971
  7.000   0.388   0.292    1.63  258.89    2.12   -0.37  237.81    7.97   -0.33     967     967
  7.500   0.288   0.213    1.56  255.20    2.20   -0.42  234.86    7.74   -0.39     967     967
  8.000   0.213   0.160    1.70  251.49    2.26   -0.45  232.01    7.37   -0.28     965     965
  8.500   0.153   0.115    1.74  247.72    2.32   -0.47  228.96    7.11   -0.27     963     963
  9.000   0.109   0.081    1.64  243.94    2.39   -0.41  225.82    6.91   -0.28     963     963
  9.500   0.076   0.057    1.69  240.20    2.48   -0.34  222.66    6.74   -0.37     963     963
 10.000   0.052   0.038    1.33  236.56    2.55   -0.30  219.86    6.27   -0.33     941     941
 10.500   0.035   0.026    1.24  232.88    2.59   -0.28  216.96    5.79   -0.34     903     903
 11.000   0.023   0.017    0.96  229.40    2.57   -0.25  214.08    5.31   -0.42     893     893
 11.500   0.016   0.011    0.98  226.02    2.51   -0.26  211.06    4.98   -0.42     891     891
 12.000   0.011   0.007    0.63  222.82    2.43   -0.34  208.21    4.68   -0.52     891     891
 12.500 999.900 999.900  999.90  219.96    2.27   -0.23  205.15    4.76   -0.44     681     681
 13.000 999.900 999.900  999.90  217.43    2.06    0.39  202.11    5.03   -0.38     544     544
 13.500 999.900 999.900  999.90  215.02    2.20    0.69  199.62    5.62   -0.14     414     414
 14.000 999.900 999.900  999.90  212.66    2.73    0.69  199.19    6.29   -0.19     225     225
 14.500 999.900 999.900  999.90  210.97    3.10    0.65  199.48    5.84   -0.25     116     116
 15.000 999.900 999.900  999.90  209.89    3.25    0.62  199.81    5.47   -0.20      79      79
 15.500 999.900 999.900  999.90  208.98    3.44    0.58  200.45    5.25   -0.41      66      66
 16.000 999.900 999.900  999.90  208.18    3.67    0.53  200.73    4.89   -0.41      61      61
 16.500 999.900 999.900  999.90  207.53    3.90    0.51  200.58    4.85   -0.42      60      60
 17.000 999.900 999.900  999.90  207.66    3.82    0.53  200.43    4.90   -0.44      58      58
 17.500 999.900 999.900  999.90  208.23    3.42    0.57  200.42    4.84   -0.47      57      57
 18.000 999.900 999.900  999.90  208.96    2.99    0.61  200.14    4.90   -0.40      58      58
 18.500 999.900 999.900  999.90  209.73    2.65    0.50  200.07    5.01   -0.38      61      61
 19.000 999.900 999.900  999.90  210.65    2.33    0.35  199.67    5.45   -0.42      75      75
 19.500 999.900 999.900  999.90  211.73    1.97    0.22  197.85    6.68   -0.35     111     111
 20.000 999.900 999.900  999.90  212.70    1.69    0.14  196.90    7.30   -0.32     172     172
 20.500 999.900 999.900  999.90  213.55    1.48    0.08  196.23    7.39   -0.26     284     284
 21.000 999.900 999.900  999.90  214.34    1.36    0.15  197.02    7.20   -0.44     507     507
 21.500 999.900 999.900  999.90  215.35    1.33    0.22  197.81    7.54   -0.46     671     671
 22.000 999.900 999.900  999.90  216.24    1.31    0.17  198.17    7.76   -0.44     705     705
 22.500 999.900 999.900  999.90  217.07    1.36    0.12  198.70    7.91   -0.46     728     728
 23.000 999.900 999.900  999.90  217.94    1.44    0.14  199.23    8.07   -0.47     739     739
 23.500 999.900 999.900  999.90  218.81    1.46    0.02  199.75    8.16   -0.46     754     754
 24.000 999.900 999.900  999.90  219.65    1.46    0.04  200.24    8.30   -0.46     759     759
 24.500 999.900 999.900  999.90  220.63    1.46   -0.13  200.90    8.46   -0.48     774     774
 25.000 999.900 999.900  999.90  221.49    1.51   -0.02  201.34    8.56   -0.46     768     768
 25.500 999.900 999.900  999.90  222.36    1.56    0.02  201.82    8.69   -0.44     762     762
 26.000 999.900 999.900  999.90  223.18    1.58    0.13  202.31    8.77   -0.43     756     756
 26.500 999.900 999.900  999.90  224.01    1.61    0.12  202.73    8.93   -0.42     751     751
 27.000 999.900 999.900  999.90  224.86    1.62    0.10  202.97    9.22   -0.35     699     699
 27.500 999.900 999.900  999.90  225.44    1.69    0.21  202.94    9.35   -0.27     649     649
 28.000 999.900 999.900  999.90  226.21    1.70    0.29  203.18    9.46   -0.24     619     619
 28.500 999.900 999.900  999.90  226.94    1.77    0.27  203.08    9.69   -0.15     549     549
 29.000 999.900 999.900  999.90  227.71    1.87    0.28  202.98    9.92   -0.06     501     501
 29.500 999.900 999.900  999.90  228.39    1.93    0.33  202.43    9.98    0.10     436     436
 30.000 999.900 999.900  999.90  228.98    1.91    0.39  200.11    9.87    0.55     312     312
  T A B L E  III -   9.  M O I S T U R E  R E L A T E D  S T A T I S T I C A L  P A R A M E T E R S
                                 September
 Station =   72293      Vandenberg AFB, CA
      Z VAPOR P   SD VP SKEW VP      TV      TV SKEW TV DEWPT T  SD DPT SKW DPT NOBS TP NOBS TV   
           MEAN                    MEAN      SD            MEAN                                   
     KM      MB      MB          KELVIN  KELVIN          KELVIN  KELVIN                           
  0.000  16.000   6.000    0.00  291.00    6.00    0.00  290.00    7.00    0.00       0       0
  0.100  13.764   2.437   -1.26  290.38    3.59    0.65  284.82    2.42   -0.73     924     924
  0.500  11.391   3.366   -0.04  292.16    5.43    0.56  281.37    4.97   -1.10     931     931
  1.000   8.077   3.274    0.48  294.69    4.87   -0.36  275.90    6.32   -0.65     931     931
  1.500   6.439   2.902    0.57  293.20    4.24   -0.67  272.42    7.16   -0.98     931     931
  2.000   5.032   2.688    0.70  290.14    3.75   -0.72  268.52    8.24   -0.79     931     931
  2.500   4.035   2.376    0.81  287.00    3.28   -0.75  265.20    8.93   -0.77     931     931
  3.000   3.279   2.100    1.00  283.92    2.95   -0.80  262.30    9.05   -0.53     931     931
  3.500   2.512   1.731    1.25  280.85    2.76   -0.62  258.81    8.96   -0.34     931     931
  4.000   1.913   1.410    1.52  277.77    2.63   -0.44  255.37    8.88   -0.25     931     931
  4.500   1.459   1.098    1.67  274.63    2.61   -0.42  252.10    8.88   -0.36     930     930
  5.000   1.096   0.846    1.88  271.39    2.58   -0.50  248.76    8.82   -0.44     930     930
  5.500   0.824   0.641    2.14  268.08    2.55   -0.54  245.72    8.30   -0.29     930     930
  6.000   0.625   0.474    2.28  264.69    2.59   -0.61  242.89    7.90   -0.36     930     930
  6.500   0.472   0.351    2.34  261.08    2.62   -0.62  240.04    7.57   -0.39     929     929
  7.000   0.360   0.265    2.08  257.39    2.66   -0.67  237.26    7.46   -0.37     929     929
  7.500   0.271   0.204    2.10  253.65    2.67   -0.67  234.35    7.47   -0.41     928     928
  8.000   0.201   0.157    2.53  249.87    2.70   -0.64  231.47    7.17   -0.37     928     928
  8.500   0.145   0.114    2.70  245.99    2.72   -0.56  228.53    6.77   -0.27     928     928
  9.000   0.103   0.078    2.63  242.12    2.74   -0.45  225.54    6.43   -0.36     926     926
  9.500   0.070   0.050    2.21  238.33    2.81   -0.08  222.35    6.13   -0.50     922     922
 10.000   0.047   0.034    2.09  234.70    2.83    0.11  219.32    5.68   -0.42     891     891
 10.500   0.031   0.023    1.76  231.16    2.91    0.23  216.35    5.23   -0.39     863     863
 11.000   0.022   0.016    1.64  227.98    2.97    0.25  213.44    5.10   -0.40     860     860
 11.500   0.015   0.010    1.32  224.95    2.96    0.18  210.68    4.73   -0.37     858     858
 12.000   0.010   0.007    1.05  222.13    2.90   -0.04  207.98    4.72   -0.48     858     858
 12.500 999.900 999.900  999.90  219.61    2.71   -0.10  205.05    5.07   -0.47     651     651
 13.000 999.900 999.900  999.90  217.21    2.39    0.01  202.14    5.45   -0.34     531     531
 13.500 999.900 999.900  999.90  214.86    2.33    0.11  199.80    5.99   -0.27     404     404
 14.000 999.900 999.900  999.90  212.57    2.62    0.20  199.63    6.23   -0.45     228     228
 14.500 999.900 999.900  999.90  211.03    2.87    0.29  198.91    6.60   -0.26      82      82
 15.000 999.900 999.900  999.90  209.87    3.08    0.31  200.06    6.22   -0.52      59      59
 15.500 999.900 999.900  999.90  208.85    3.37    0.28  200.57    5.61   -0.63      48      48
 16.000 999.900 999.900  999.90  207.99    3.69    0.25  201.08    4.64   -0.31      43      43
 16.500 999.900 999.900  999.90  207.21    3.99    0.25  200.80    4.83   -0.35      43      43
 17.000 999.900 999.900  999.90  207.37    3.85    0.22  201.09    4.39   -0.16      41      41
 17.500 999.900 999.900  999.90  207.73    3.57    0.24  200.46    4.94   -0.43      44      44
 18.000 999.900 999.900  999.90  208.23    3.25    0.26  200.51    4.69   -0.31      45      45
 18.500 999.900 999.900  999.90  208.76    3.02    0.34  200.12    5.09   -0.47      51      51
 19.000 999.900 999.900  999.90  209.53    2.79    0.23  199.25    5.90   -0.45      67      67
 19.500 999.900 999.900  999.90  210.64    2.47    0.11  198.95    6.59   -0.56      85      85
 20.000 999.900 999.900  999.90  211.68    2.18    0.05  197.60    7.50   -0.42     124     124
 20.500 999.900 999.900  999.90  212.62    1.90    0.05  197.46    7.69   -0.41     191     191
 21.000 999.900 999.900  999.90  213.48    1.69    0.04  198.44    7.07   -0.67     384     384
 21.500 999.900 999.900  999.90  214.47    1.55   -0.04  198.06    7.64   -0.62     459     459
 22.000 999.900 999.900  999.90  215.39    1.49   -0.07  197.88    8.13   -0.57     528     528
 22.500 999.900 999.900  999.90  216.23    1.50    0.15  197.95    8.49   -0.53     585     585
 23.000 999.900 999.900  999.90  217.07    1.56    0.23  198.48    8.57   -0.53     626     626
 23.500 999.900 999.900  999.90  217.93    1.62    0.19  199.07    8.68   -0.56     658     658
 24.000 999.900 999.900  999.90  218.81    1.62    0.13  199.70    8.71   -0.57     680     680
 24.500 999.900 999.900  999.90  219.73    1.70   -0.03  200.70    8.81   -0.63     716     716
 25.000 999.900 999.900  999.90  220.50    1.77    0.07  201.06    8.94   -0.60     705     705
 25.500 999.900 999.900  999.90  221.29    1.77    0.03  201.48    9.07   -0.59     696     696
 26.000 999.900 999.900  999.90  222.11    1.81    0.01  201.94    9.19   -0.58     689     689
 26.500 999.900 999.900  999.90  222.91    1.81   -0.04  202.39    9.30   -0.57     673     673
 27.000 999.900 999.900  999.90  223.65    1.86   -0.34  202.50    9.64   -0.52     626     626
 27.500 999.900 999.900  999.90  224.37    1.87    0.05  202.67    9.85   -0.46     597     597
 28.000 999.900 999.900  999.90  225.02    1.97    0.16  202.95   10.01   -0.43     580     580
 28.500 999.900 999.900  999.90  225.65    2.03    0.09  202.96   10.21   -0.36     532     532
 29.000 999.900 999.900  999.90  226.35    2.07    0.09  202.79   10.38   -0.28     482     482
 29.500 999.900 999.900  999.90  226.97    2.04    0.20  202.08   10.57   -0.14     407     407
 30.000 999.900 999.900  999.90  227.48    1.97    0.09  199.24   10.61    0.37     284     284
  T A B L E  III -  10.  M O I S T U R E  R E L A T E D  S T A T I S T I C A L  P A R A M E T E R S
                                   October
 Station =   72293      Vandenberg AFB, CA
      Z VAPOR P   SD VP SKEW VP      TV      TV SKEW TV DEWPT T  SD DPT SKW DPT NOBS TP NOBS TV   
           MEAN                    MEAN      SD            MEAN                                   
     KM      MB      MB          KELVIN  KELVIN          KELVIN  KELVIN                           
  0.000  16.000   6.000    0.00  291.00    6.00    0.00  290.00    7.00    0.00       0       0
  0.100  12.271   2.772   -0.69  289.91    3.96    0.54  282.82    3.73   -1.41    1032    1032
  0.500   9.705   3.151   -0.15  290.99    5.38    0.59  278.88    5.42   -0.96    1035    1035
  1.000   6.978   2.837    0.40  290.74    5.35    0.00  273.81    6.42   -0.92    1035    1035
  1.500   5.217   2.491    0.58  288.69    4.99   -0.31  269.33    7.63   -1.03    1035    1035
  2.000   3.957   2.181    0.82  285.87    4.63   -0.52  265.16    8.61   -1.00    1035    1035
  2.500   3.113   1.847    0.87  283.02    4.34   -0.69  261.74    9.15   -0.97    1035    1035
  3.000   2.485   1.521    0.93  280.31    4.20   -0.77  258.86    8.99   -0.81    1035    1035
  3.500   1.976   1.256    1.08  277.46    4.17   -0.76  256.02    8.84   -0.75    1035    1035
  4.000   1.572   1.005    1.09  274.46    4.13   -0.82  253.24    8.86   -0.84    1035    1035
  4.500   1.208   0.789    1.30  271.38    4.08   -0.87  250.20    8.65   -0.84    1035    1035
  5.000   0.942   0.628    1.42  268.09    4.06   -0.89  247.44    8.27   -0.64    1035    1035
  5.500   0.733   0.496    1.45  264.67    4.09   -0.98  244.65    8.15   -0.63    1035    1035
  6.000   0.563   0.397    1.45  261.20    4.09   -1.05  241.65    8.23   -0.58    1035    1035
  6.500   0.420   0.299    1.41  257.51    4.07   -1.05  238.62    7.99   -0.51    1034    1034
  7.000   0.320   0.238    1.54  253.76    3.99   -0.97  235.76    8.03   -0.50    1033    1033
  7.500   0.239   0.187    1.74  249.97    3.89   -0.92  232.72    8.03   -0.45    1033    1033
  8.000   0.173   0.136    1.78  246.09    3.74   -0.75  229.74    7.64   -0.43    1032    1032
  8.500   0.122   0.095    1.84  242.20    3.56   -0.59  226.69    7.26   -0.44    1031    1031
  9.000   0.084   0.064    1.81  238.36    3.37   -0.44  223.52    6.89   -0.46    1024    1024
  9.500   0.057   0.042    1.69  234.59    3.17   -0.33  220.33    6.59   -0.57    1015    1015
 10.000   0.038   0.028    1.65  230.95    3.07   -0.18  217.21    6.20   -0.56    1000    1000
 10.500   0.025   0.018    1.43  227.47    3.03    0.02  214.03    5.77   -0.65     999     999
 11.000   0.017   0.011    1.09  224.39    3.10    0.24  211.17    5.36   -0.72     973     973
 11.500   0.011   0.007    0.65  221.48    3.29    0.30  208.39    5.00   -0.86     963     963
 12.000 999.900 999.900  999.90  218.92    3.44    0.28  205.98    4.86   -0.94     938     938
 12.500 999.900 999.900  999.90  217.06    3.23    0.30  203.28    5.24   -0.82     663     663
 13.000 999.900 999.900  999.90  215.47    3.02    0.26  201.13    5.78   -0.57     522     522
 13.500 999.900 999.900  999.90  213.80    2.97    0.17  199.37    6.37   -0.41     406     406
 14.000 999.900 999.900  999.90  212.08    3.06    0.02  198.17    6.49   -0.26     244     244
 14.500 999.900 999.900  999.90  210.92    3.01    0.20  197.95    6.70   -0.15     135     135
 15.000 999.900 999.900  999.90  209.81    3.12    0.32  198.61    6.65   -0.41     102     102
 15.500 999.900 999.900  999.90  208.72    3.31    0.31  199.38    5.93   -0.16      70      70
 16.000 999.900 999.900  999.90  207.71    3.48    0.27  199.94    5.79   -0.33      50      50
 16.500 999.900 999.900  999.90  206.82    3.78    0.18  200.44    5.74   -0.60      40      40
 17.000 999.900 999.900  999.90  206.91    3.79    0.06  200.63    5.49   -0.65      40      40
 17.500 999.900 999.900  999.90  207.13    3.62    0.02  200.27    5.56   -0.53      39      39
 18.000 999.900 999.900  999.90  207.42    3.47   -0.01  199.74    5.86   -0.32      39      39
 18.500 999.900 999.900  999.90  207.78    3.27    0.02  199.52    6.20   -0.39      39      39
 19.000 999.900 999.900  999.90  208.59    3.02    0.15  199.34    6.44   -0.28      52      52
 19.500 999.900 999.900  999.90  209.49    2.75    0.14  198.72    7.02   -0.39      64      64
 20.000 999.900 999.900  999.90  210.37    2.55    0.14  198.70    7.06   -0.42      73      73
 20.500 999.900 999.900  999.90  211.19    2.39    0.05  198.20    7.63   -0.50     106     106
 21.000 999.900 999.900  999.90  212.11    2.26   -0.03  199.20    7.49   -0.93     216     216
 21.500 999.900 999.900  999.90  213.11    2.20   -0.10  198.62    8.04   -0.75     270     270
 22.000 999.900 999.900  999.90  214.01    2.17   -0.10  198.71    8.11   -0.77     360     360
 22.500 999.900 999.900  999.90  214.83    2.13   -0.18  198.14    8.46   -0.62     466     466
 23.000 999.900 999.900  999.90  215.58    2.15   -0.18  198.29    8.62   -0.61     541     541
 23.500 999.900 999.900  999.90  216.34    2.23   -0.27  198.71    8.66   -0.61     628     628
 24.000 999.900 999.900  999.90  217.11    2.31   -0.33  199.28    8.44   -0.62     762     762
 24.500 999.900 999.900  999.90  217.91    2.39   -0.29  199.94    8.49   -0.63     800     800
 25.000 999.900 999.900  999.90  218.60    2.43   -0.27  200.26    8.62   -0.63     800     800
 25.500 999.900 999.900  999.90  219.30    2.53   -0.10  200.61    8.78   -0.61     804     804
 26.000 999.900 999.900  999.90  220.01    2.59   -0.05  200.94    8.85   -0.59     819     819
 26.500 999.900 999.900  999.90  220.69    2.66   -0.06  201.26    8.93   -0.58     830     830
 27.000 999.900 999.900  999.90  221.28    2.71   -0.22  201.39    9.13   -0.52     787     787
 27.500 999.900 999.900  999.90  221.81    2.76   -0.21  201.45    9.24   -0.47     759     759
 28.000 999.900 999.900  999.90  222.35    2.81   -0.14  201.53    9.36   -0.44     730     730
 28.500 999.900 999.900  999.90  222.87    2.81   -0.04  201.40    9.63   -0.38     658     658
 29.000 999.900 999.900  999.90  223.43    2.84   -0.00  201.32   10.00   -0.30     594     594
 29.500 999.900 999.900  999.90  224.03    3.01   -0.01  201.00   10.35   -0.17     525     525
 30.000 999.900 999.900  999.90  224.65    2.90   -0.02  198.64   10.82    0.23     362     362
  T A B L E  III -  11.  M O I S T U R E  R E L A T E D  S T A T I S T I C A L  P A R A M E T E R S
                                  November
 Station =   72293      Vandenberg AFB, CA
      Z VAPOR P   SD VP SKEW VP      TV      TV SKEW TV DEWPT T  SD DPT SKW DPT NOBS TP NOBS TV   
           MEAN                    MEAN      SD            MEAN                                   
     KM      MB      MB          KELVIN  KELVIN          KELVIN  KELVIN                           
  0.000  16.000   6.000    0.00  291.00    6.00    0.00  290.00    7.00    0.00       0       0
  0.100  10.639   3.019   -0.22  287.91    4.08   -0.14  280.48    4.55   -0.82    1031    1031
  0.500   8.195   3.088    0.30  288.42    4.75    0.46  276.27    5.87   -0.62    1032    1032
  1.000   5.942   2.767    0.59  286.78    5.17    0.12  271.27    7.18   -0.75    1032    1032
  1.500   4.468   2.494    0.82  284.47    5.19   -0.15  266.80    8.40   -0.68    1033    1033
  2.000   3.427   2.186    1.07  281.96    5.01   -0.36  262.74    9.45   -0.73    1033    1033
  2.500   2.730   1.818    1.15  279.39    4.79   -0.49  259.66    9.71   -0.78    1033    1033
  3.000   2.142   1.479    1.26  276.83    4.67   -0.60  256.57    9.74   -0.82    1032    1032
  3.500   1.697   1.169    1.32  274.08    4.63   -0.70  253.89    9.31   -0.77    1033    1033
  4.000   1.387   0.967    1.35  271.13    4.51   -0.76  251.55    9.09   -0.76    1033    1033
  4.500   1.135   0.802    1.22  268.01    4.44   -0.81  249.12    9.10   -0.61    1033    1033
  5.000   0.894   0.645    1.35  264.79    4.40   -0.82  246.47    8.87   -0.58    1033    1033
  5.500   0.690   0.517    1.46  261.50    4.33   -0.83  243.57    8.75   -0.50    1032    1032
  6.000   0.536   0.409    1.54  258.04    4.33   -0.80  240.88    8.59   -0.49    1031    1031
  6.500   0.408   0.318    1.55  254.36    4.30   -0.68  238.00    8.49   -0.46    1031    1031
  7.000   0.306   0.237    1.53  250.64    4.26   -0.60  235.05    8.45   -0.53    1030    1030
  7.500   0.233   0.182    1.48  246.90    4.23   -0.50  232.37    8.24   -0.43    1029    1029
  8.000   0.166   0.135    1.55  243.11    4.14   -0.37  229.12    8.09   -0.38    1025    1025
  8.500   0.117   0.097    1.68  239.29    3.98   -0.22  225.98    7.75   -0.34    1021    1021
  9.000   0.081   0.065    1.61  235.46    3.85   -0.19  223.07    7.11   -0.30    1009    1009
  9.500   0.055   0.043    1.49  231.75    3.73   -0.20  219.96    6.64   -0.24    1003    1003
 10.000   0.037   0.028    1.51  228.09    3.57   -0.14  216.82    6.10   -0.22     998     998
 10.500   0.024   0.017    1.40  224.64    3.45   -0.07  213.60    5.61   -0.30     997     997
 11.000   0.014   0.011    1.13  221.61    3.38    0.14  210.67    5.19   -0.41     884     884
 11.500 999.900 999.900  999.90  218.90    3.51    0.41  208.02    4.90   -0.63     818     818
 12.000 999.900 999.900  999.90  216.64    3.89    0.42  205.86    4.89   -0.90     728     728
 12.500 999.900 999.900  999.90  215.23    3.77    0.42  203.63    5.61   -0.78     518     518
 13.000 999.900 999.900  999.90  213.90    3.72    0.27  201.89    6.07   -0.71     433     433
 13.500 999.900 999.900  999.90  212.50    3.79   -0.01  200.79    6.43   -0.76     373     373
 14.000 999.900 999.900  999.90  211.16    4.01   -0.20  199.35    6.54   -0.59     225     225
 14.500 999.900 999.900  999.90  210.28    3.77   -0.07  199.62    5.80   -0.53     147     147
 15.000 999.900 999.900  999.90  209.38    3.60    0.06  199.58    5.84   -0.38      99      99
 15.500 999.900 999.900  999.90  208.42    3.58    0.14  199.41    6.05   -0.43      77      77
 16.000 999.900 999.900  999.90  207.44    3.61    0.16  200.13    6.07   -0.75      52      52
 16.500 999.900 999.900  999.90  206.66    3.79    0.10  200.01    6.31   -0.60      28      28
 17.000 999.900 999.900  999.90  206.66    3.72    0.06  200.57    5.56   -0.41      25      25
 17.500 999.900 999.900  999.90  206.74    3.59    0.03  199.86    6.36   -0.37      26      26
 18.000 999.900 999.900  999.90  206.90    3.40    0.02  199.15    6.89   -0.10      23      23
 18.500 999.900 999.900  999.90  207.11    3.22    0.02  198.73    6.64   -0.08      25      25
 19.000 999.900 999.900  999.90  207.78    3.09    0.20  198.60    6.32   -0.21      32      32
 19.500 999.900 999.900  999.90  208.47    2.90    0.20  198.77    5.02   -0.13      41      41
 20.000 999.900 999.900  999.90  209.09    2.78    0.16  199.69    4.97   -0.36      44      44
 20.500 999.900 999.900  999.90  209.71    2.65    0.04  199.34    5.50   -0.58      64      64
 21.000 999.900 999.900  999.90  210.52    2.55   -0.01  200.41    5.72   -0.65      97      97
 21.500 999.900 999.900  999.90  211.39    2.44   -0.01  200.45    6.03   -0.94     123     123
 22.000 999.900 999.900  999.90  212.16    2.41   -0.15  200.85    6.05   -0.79     166     166
 22.500 999.900 999.900  999.90  212.83    2.33   -0.19  200.29    6.42   -0.73     231     231
 23.000 999.900 999.900  999.90  213.47    2.36   -0.15  199.72    7.17   -0.75     290     290
 23.500 999.900 999.900  999.90  214.07    2.40   -0.11  200.18    7.14   -0.77     375     375
 24.000 999.900 999.900  999.90  214.79    2.45    0.06  200.75    7.30   -0.91     560     560
 24.500 999.900 999.900  999.90  215.46    2.48    0.05  200.39    7.88   -0.82     609     609
 25.000 999.900 999.900  999.90  216.06    2.55    0.19  200.35    8.13   -0.74     653     653
 25.500 999.900 999.900  999.90  216.66    2.63    0.14  200.45    8.48   -0.73     695     695
 26.000 999.900 999.900  999.90  217.24    2.72    0.01  200.53    8.58   -0.70     731     731
 26.500 999.900 999.900  999.90  217.82    2.83    0.12  200.81    8.57   -0.73     781     781
 27.000 999.900 999.900  999.90  218.34    2.87    0.28  200.76    8.74   -0.68     773     773
 27.500 999.900 999.900  999.90  218.91    2.84    0.38  200.82    8.98   -0.65     756     756
 28.000 999.900 999.900  999.90  219.52    2.90    0.33  200.93    9.23   -0.59     731     731
 28.500 999.900 999.900  999.90  220.15    2.97    0.21  200.93    9.50   -0.52     678     678
 29.000 999.900 999.900  999.90  220.72    3.10    0.18  200.51    9.76   -0.43     622     622
 29.500 999.900 999.900  999.90  221.27    3.27    0.14  199.79   10.20   -0.25     536     536
 30.000 999.900 999.900  999.90  221.86    3.27    0.05  197.40   11.07    0.25     350     350
  T A B L E  III -  12.  M O I S T U R E  R E L A T E D  S T A T I S T I C A L  P A R A M E T E R S
                                  December
 Station =   72293      Vandenberg AFB, CA
      Z VAPOR P   SD VP SKEW VP      TV      TV SKEW TV DEWPT T  SD DPT SKW DPT NOBS TP NOBS TV   
           MEAN                    MEAN      SD            MEAN                                   
     KM      MB      MB          KELVIN  KELVIN          KELVIN  KELVIN                           
  0.000  16.000   6.000    0.00  291.00    6.00    0.00  290.00    7.00    0.00       0       0
  0.100   9.064   3.257   -0.04  286.29    3.95   -0.38  277.92    5.61   -0.78    1071    1071
  0.500   7.192   3.253    0.30  286.35    4.10    0.40  274.07    6.99   -0.57    1073    1073
  1.000   5.398   2.934    0.61  284.29    4.77    0.16  269.48    8.23   -0.57    1076    1076
  1.500   3.949   2.535    0.86  282.11    5.02   -0.03  264.57    9.43   -0.54    1079    1079
  2.000   3.021   2.148    1.00  279.75    5.07   -0.20  260.54   10.29   -0.54    1079    1079
  2.500   2.406   1.759    1.05  277.24    4.95   -0.33  257.54   10.50   -0.63    1078    1078
  3.000   1.949   1.486    1.13  274.62    4.86   -0.47  254.68   10.86   -0.68    1078    1078
  3.500   1.576   1.188    1.16  271.79    4.73   -0.61  252.32   10.40   -0.67    1078    1078
  4.000   1.254   0.985    1.31  268.78    4.65   -0.74  249.68   10.06   -0.49    1077    1077
  4.500   0.996   0.799    1.37  265.60    4.61   -0.82  246.93   10.21   -0.57    1076    1076
  5.000   0.791   0.654    1.41  262.25    4.59   -0.86  244.25   10.19   -0.52    1076    1076
  5.500   0.631   0.533    1.33  258.79    4.51   -0.90  241.62   10.36   -0.56    1075    1075
  6.000   0.490   0.416    1.37  255.26    4.49   -0.87  239.02   10.08   -0.55    1074    1074
  6.500   0.381   0.321    1.25  251.60    4.45   -0.74  236.48    9.92   -0.57    1073    1073
  7.000   0.281   0.237    1.29  247.89    4.36   -0.61  233.53    9.61   -0.60    1071    1071
  7.500   0.202   0.173    1.38  244.20    4.27   -0.52  230.57    9.24   -0.56    1055    1055
  8.000   0.140   0.119    1.34  240.40    4.12   -0.41  227.44    8.63   -0.52    1048    1048
  8.500   0.096   0.082    1.38  236.62    3.96   -0.30  224.39    8.08   -0.56    1026    1026
  9.000   0.064   0.053    1.25  232.88    3.79   -0.22  221.23    7.41   -0.59    1008    1008
  9.500   0.043   0.035    1.32  229.27    3.57   -0.12  218.17    6.78   -0.57     999     999
 10.000   0.027   0.023    2.59  225.76    3.61    0.04  214.82    6.16   -0.39     992     992
 10.500   0.018   0.016    3.72  222.48    3.74    0.31  211.74    5.79   -0.46     973     973
 11.000   0.010   0.011    5.20  219.80    3.86    0.73  209.19    5.36   -0.52     781     781
 11.500 999.900 999.900  999.90  217.47    4.23    0.77  206.88    5.28   -0.68     671     671
 12.000 999.900 999.900  999.90  215.67    4.91    0.45  204.88    5.96   -0.75     565     565
 12.500 999.900 999.900  999.90  214.93    4.81    0.34  203.06    6.84   -0.70     504     504
 13.000 999.900 999.900  999.90  214.27    4.64    0.09  201.85    7.24   -0.74     501     501
 13.500 999.900 999.900  999.90  213.47    4.45   -0.19  200.66    7.41   -0.69     484     484
 14.000 999.900 999.900  999.90  212.67    4.32   -0.41  198.98    7.96   -0.57     354     354
 14.500 999.900 999.900  999.90  211.98    3.93   -0.27  198.72    8.01   -0.61     278     278
 15.000 999.900 999.900  999.90  211.12    3.69   -0.09  198.97    7.64   -0.67     201     201
 15.500 999.900 999.900  999.90  210.14    3.59    0.13  198.42    7.68   -0.55     150     150
 16.000 999.900 999.900  999.90  209.12    3.58    0.18  198.52    7.59   -0.70     110     110
 16.500 999.900 999.900  999.90  208.31    3.67    0.04  197.88    8.77   -0.49      55      55
 17.000 999.900 999.900  999.90  208.12    3.69    0.02  198.48    7.37   -0.60      48      48
 17.500 999.900 999.900  999.90  207.98    3.63   -0.03  198.72    6.95   -0.63      46      46
 18.000 999.900 999.900  999.90  207.88    3.60   -0.20  199.36    6.46   -0.68      39      39
 18.500 999.900 999.900  999.90  207.92    3.51   -0.26  199.33    6.44   -0.61      43      43
 19.000 999.900 999.900  999.90  208.58    3.38   -0.27  198.79    6.50   -0.38      46      46
 19.500 999.900 999.900  999.90  209.28    3.28   -0.22  198.59    7.09   -0.46      62      62
 20.000 999.900 999.900  999.90  209.89    3.15   -0.22  198.48    7.32   -0.37      75      75
 20.500 999.900 999.900  999.90  210.42    3.13   -0.29  198.88    7.20   -0.55     111     111
 21.000 999.900 999.900  999.90  211.16    3.03   -0.24  199.60    6.81   -0.60     156     156
 21.500 999.900 999.900  999.90  211.86    2.93   -0.29  199.32    7.35   -0.57     185     185
 22.000 999.900 999.900  999.90  212.50    2.88   -0.28  199.04    7.61   -0.53     230     230
 22.500 999.900 999.900  999.90  213.13    2.81   -0.26  198.35    8.12   -0.51     282     282
 23.000 999.900 999.900  999.90  213.70    2.77   -0.31  198.40    8.05   -0.50     326     326
 23.500 999.900 999.900  999.90  214.22    2.76   -0.29  198.03    8.52   -0.46     384     384
 24.000 999.900 999.900  999.90  214.77    2.77   -0.14  198.62    8.43   -0.56     496     496
 24.500 999.900 999.900  999.90  215.34    2.72    0.02  198.48    8.59   -0.50     525     525
 25.000 999.900 999.900  999.90  215.84    2.76    0.20  198.29    8.77   -0.45     552     552
 25.500 999.900 999.900  999.90  216.32    2.85    0.31  198.32    8.86   -0.44     576     576
 26.000 999.900 999.900  999.90  216.75    3.04    0.34  198.57    8.93   -0.45     595     595
 26.500 999.900 999.900  999.90  217.41    3.22    0.40  199.03    9.26   -0.45     628     628
 27.000 999.900 999.900  999.90  218.00    3.34    0.44  199.08    9.49   -0.41     611     611
 27.500 999.900 999.900  999.90  218.59    3.52    0.51  199.00    9.68   -0.38     602     602
 28.000 999.900 999.900  999.90  219.08    3.72    0.59  199.11    9.72   -0.36     586     586
 28.500 999.900 999.900  999.90  219.58    4.02    0.54  198.96   10.00   -0.27     552     552
 29.000 999.900 999.900  999.90  220.05    4.26    0.53  198.72   10.23   -0.17     512     512
 29.500 999.900 999.900  999.90  220.71    4.46    0.50  198.22   10.57   -0.04     456     456
 30.000 999.900 999.900  999.90  221.57    4.89    0.47  196.13   11.03    0.32     323     323
  T A B L E  III -  13.  M O I S T U R E  R E L A T E D  S T A T I S T I C A L  P A R A M E T E R S
                                    Annual
 Station =   72293      Vandenberg AFB, CA
      Z VAPOR P   SD VP SKEW VP      TV      TV SKEW TV DEWPT T  SD DPT SKW DPT NOBS TP NOBS TV   
           MEAN                    MEAN      SD            MEAN                                   
     KM      MB      MB          KELVIN  KELVIN          KELVIN  KELVIN                           
  0.000  16.000   6.000    0.00  291.00    6.00    0.00  290.00    7.00    0.00       0       0
  0.100  11.307   2.925   -0.52  287.73    3.98    0.10  281.49    4.25   -1.24   12409   12409
  0.500   9.404   3.351    0.08  288.31    5.48    0.68  278.28    5.89   -0.93   12445   12445
  1.000   6.758   2.996    0.44  288.81    7.10    0.11  273.13    7.04   -0.81   12448   12448
  1.500   5.204   2.756    0.63  286.93    7.38   -0.08  268.94    8.35   -0.81   12453   12453
  2.000   3.956   2.422    0.88  284.22    7.12   -0.19  264.76    9.23   -0.70   12453   12453
  2.500   3.118   2.072    1.09  281.45    6.81   -0.28  261.37    9.64   -0.66   12452   12452
  3.000   2.490   1.779    1.22  278.63    6.56   -0.39  258.23   10.01   -0.62   12450   12450
  3.500   1.988   1.485    1.38  275.63    6.38   -0.47  255.40    9.89   -0.53   12448   12448
  4.000   1.575   1.221    1.54  272.52    6.24   -0.53  252.54    9.81   -0.48   12446   12446
  4.500   1.234   0.979    1.67  269.31    6.14   -0.56  249.67    9.70   -0.47   12443   12443
  5.000   0.955   0.772    1.82  265.99    6.12   -0.56  246.78    9.46   -0.44   12442   12442
  5.500   0.736   0.597    1.85  262.58    6.11   -0.56  243.93    9.29   -0.47   12439   12439
  6.000   0.560   0.452    1.82  259.08    6.15   -0.54  241.04    9.08   -0.48   12431   12431
  6.500   0.420   0.341    1.84  255.43    6.16   -0.50  238.07    8.89   -0.49   12405   12405
  7.000   0.312   0.255    1.86  251.71    6.15   -0.44  235.08    8.75   -0.53   12378   12378
  7.500   0.230   0.190    1.83  247.99    6.09   -0.37  232.15    8.53   -0.51   12305   12305
  8.000   0.164   0.137    1.95  244.18    6.02   -0.26  229.11    8.13   -0.48   12228   12228
  8.500   0.114   0.097    2.02  240.34    5.92   -0.17  226.05    7.71   -0.45   12044   12044
  9.000   0.078   0.067    1.99  236.55    5.80   -0.09  222.93    7.28   -0.41   11833   11833
  9.500   0.053   0.045    2.00  232.87    5.63    0.00  219.76    6.88   -0.37   11732   11732
 10.000   0.035   0.030    1.94  229.26    5.54    0.06  216.59    6.43   -0.31   11542   11542
 10.500   0.023   0.019    1.92  225.83    5.40    0.09  213.49    5.98   -0.33   11339   11339
 11.000   0.014   0.013    1.87  222.89    5.18    0.15  210.88    5.65   -0.43   10210   10210
 11.500 999.900 999.900  999.90  220.25    5.04    0.10  208.53    5.36   -0.62    9423    9423
 12.000 999.900 999.900  999.90  218.01    5.07   -0.07  206.46    5.35   -0.79    8710    8710
 12.500 999.900 999.900  999.90  216.75    4.51   -0.05  204.40    5.79   -0.75    7017    7017
 13.000 999.900 999.900  999.90  215.64    4.08   -0.11  202.70    6.26   -0.63    6429    6429
 13.500 999.900 999.900  999.90  214.45    3.89   -0.14  201.38    6.76   -0.56    5868    5868
 14.000 999.900 999.900  999.90  213.20    3.93   -0.13  200.57    7.14   -0.57    4309    4309
 14.500 999.900 999.900  999.90  212.22    3.80    0.01  200.02    7.23   -0.56    3168    3168
 15.000 999.900 999.900  999.90  211.27    3.71    0.08  199.83    7.11   -0.61    2512    2512
 15.500 999.900 999.900  999.90  210.31    3.73    0.09  199.67    6.98   -0.64    2015    2015
 16.000 999.900 999.900  999.90  209.37    3.81    0.08  199.79    6.68   -0.70    1578    1578
 16.500 999.900 999.900  999.90  208.57    3.96    0.06  199.66    6.80   -0.72    1038    1038
 17.000 999.900 999.900  999.90  208.51    3.86    0.04  199.72    6.55   -0.69     931     931
 17.500 999.900 999.900  999.90  208.58    3.65    0.04  199.61    6.52   -0.72     866     866
 18.000 999.900 999.900  999.90  208.71    3.46   -0.01  199.55    6.49   -0.70     821     821
 18.500 999.900 999.900  999.90  208.90    3.33   -0.07  199.27    6.58   -0.68     849     849
 19.000 999.900 999.900  999.90  209.56    3.17   -0.13  199.07    6.69   -0.61     976     976
 19.500 999.900 999.900  999.90  210.33    3.03   -0.28  198.86    6.83   -0.57    1213    1213
 20.000 999.900 999.900  999.90  211.04    2.92   -0.44  198.38    7.07   -0.48    1560    1560
 20.500 999.900 999.900  999.90  211.71    2.87   -0.61  197.94    7.30   -0.45    2190    2190
 21.000 999.900 999.900  999.90  212.49    2.81   -0.72  198.47    7.09   -0.58    3667    3667
 21.500 999.900 999.900  999.90  213.34    2.80   -0.79  198.62    7.39   -0.56    4468    4468
 22.000 999.900 999.900  999.90  214.12    2.85   -0.83  198.75    7.60   -0.54    5150    5150
 22.500 999.900 999.900  999.90  214.86    2.90   -0.79  198.92    7.83   -0.53    5752    5752
 23.000 999.900 999.900  999.90  215.57    3.00   -0.71  199.24    7.97   -0.53    6231    6231
 23.500 999.900 999.900  999.90  216.27    3.13   -0.65  199.56    8.13   -0.53    6795    6795
 24.000 999.900 999.900  999.90  217.05    3.22   -0.57  200.12    8.13   -0.57    7719    7719
 24.500 999.900 999.900  999.90  217.84    3.33   -0.49  200.54    8.30   -0.56    8053    8053
 25.000 999.900 999.900  999.90  218.58    3.47   -0.42  200.80    8.47   -0.53    8171    8171
 25.500 999.900 999.900  999.90  219.33    3.63   -0.38  201.14    8.65   -0.51    8266    8266
 26.000 999.900 999.900  999.90  220.08    3.79   -0.38  201.49    8.78   -0.49    8341    8341
 26.500 999.900 999.900  999.90  220.99    3.92   -0.40  201.88    8.90   -0.49    8569    8569
 27.000 999.900 999.900  999.90  221.63    4.06   -0.34  202.06    9.13   -0.44    8200    8200
 27.500 999.900 999.900  999.90  222.35    4.15   -0.31  202.22    9.33   -0.41    7910    7910
 28.000 999.900 999.900  999.90  223.13    4.27   -0.30  202.48    9.51   -0.38    7665    7665
 28.500 999.900 999.900  999.90  223.87    4.36   -0.32  202.52    9.77   -0.31    7051    7051
 29.000 999.900 999.900  999.90  224.63    4.50   -0.32  202.45   10.06   -0.23    6458    6458
 29.500 999.900 999.900  999.90  225.43    4.63   -0.32  202.01   10.38   -0.08    5609    5609
 30.000 999.900 999.900  999.90  226.20    4.66   -0.41  199.85   10.72    0.28    3852    3852
