      74612      35.68N  117.68W
     T A B L E  I -   1.  W I N D  S T A T I S T I C A L  P A R A M E T E R S
                                   January
 STATION =   746120     CHINA LAKE NAWS, CA
    Z    MEAN U   SD  U  R(U,V)  MEAN V   SD  V MEAN WS  SD  WS SKEW WS    NOBS
    KM     M/S     M/S             M/S     M/S     M/S     M/S                 
  0.000    0.00    0.00  0.0000    0.00    0.00    0.00    0.00    0.00     100
  0.665    0.26    2.41  0.1401    0.52    2.37    2.25    2.59    2.38     581
  1.000    0.28    3.11  0.1252    0.70    3.32    3.52    2.99    1.76     629
  1.500    0.94    3.43  0.2571   -0.58    4.41    4.64    3.32    1.17     629
  2.000    1.53    4.90  0.3281   -1.90    5.60    6.67    4.10    0.85     629
  2.500    2.58    6.39  0.2480   -2.93    6.70    8.64    5.12    0.76     629
  3.000    4.22    7.83  0.1684   -3.36    7.30   10.32    6.09    0.76     629
  3.500    5.36    9.05  0.1321   -3.55    8.00   11.77    6.97    0.83     629
  4.000    6.36    9.89  0.1186   -4.00    8.79   13.15    7.65    0.86     629
  4.500    7.40   10.45  0.1095   -4.46    9.64   14.50    8.15    0.85     629
  5.000    8.55   11.00  0.0989   -4.63   10.27   15.58    8.82    0.80     629
  5.500    9.72   11.65  0.1166   -4.82   11.03   16.83    9.56    0.72     629
  6.000   10.58   12.23  0.1147   -5.04   11.70   17.89   10.17    0.76     627
  6.500   11.51   12.81  0.1198   -5.21   12.45   19.14   10.62    0.72     622
  7.000   12.43   13.38  0.1114   -5.60   13.20   20.35   11.17    0.68     619
  7.500   13.33   14.07  0.1076   -6.18   13.89   21.59   11.83    0.65     612
  8.000   14.57   14.89  0.0927   -6.66   14.50   23.06   12.52    0.64     591
  8.500   15.68   15.87  0.0964   -7.28   15.26   24.56   13.42    0.71     583
  9.000   16.89   16.57  0.1140   -7.70   16.18   26.16   14.00    0.61     577
  9.500   18.09   17.27  0.1217   -8.28   16.73   27.78   14.19    0.54     555
 10.000   19.38   17.83  0.1508   -8.39   17.22   29.16   14.49    0.47     541
 10.500   20.40   17.85  0.1860   -8.55   17.27   29.96   14.43    0.46     534
 11.000   21.75   17.84  0.1943   -8.77   16.90   30.82   14.26    0.50     498
 11.500   23.13   17.42  0.1810   -8.67   16.11   31.08   14.38    0.54     490
 12.000   23.93   16.69  0.1992   -8.02   15.02   30.75   13.98    0.50     484
 12.500   25.14   15.49  0.1692   -6.78   13.80   30.38   13.59    0.47     456
 13.000   25.33   14.63  0.1279   -6.25   13.30   29.85   13.44    0.40     440
 13.500   24.85   13.55  0.1285   -6.11   12.66   29.00   12.56    0.32     420
 14.000   23.71   13.04  0.1456   -5.26   12.34   27.74   11.94    0.38     398
 14.500   22.50   12.51  0.1807   -4.91   11.88   26.47   11.29    0.44     388
 15.000   21.29   11.59  0.2227   -4.28   10.74   24.78   10.37    0.45     385
 15.500   19.72   10.41  0.2141   -4.19    9.40   22.78    9.20    0.53     366
 16.000   17.66    8.95  0.1955   -3.82    8.59   20.39    8.02    0.46     360
 16.500   15.50    7.91  0.2173   -3.72    7.79   18.11    7.05    0.32     347
 17.000   13.21    7.17  0.2313   -3.53    7.09   15.77    6.35    0.41     337
 17.500   11.19    6.30  0.1945   -3.52    6.51   13.70    5.66    0.44     322
 18.000   10.05    5.77  0.1679   -3.22    5.90   12.30    5.31    0.54     304
 18.500    7.89    5.58  0.1446   -3.43    5.56   10.59    4.95    0.48     289
 19.000    6.03    5.53  0.1096   -3.45    5.00    9.02    4.77    0.67     275
 19.500    4.47    5.26  0.0725   -2.89    4.66    7.74    4.21    0.76     258
 20.000    2.83    4.81  0.0609   -2.96    4.06    6.64    3.54    0.87     226
 20.500    1.16    4.98  0.0670   -3.13    3.89    6.18    3.64    1.39     209
 21.000   -0.05    4.71 -0.0503   -2.85    3.67    5.75    3.31    1.57     197
 21.500   -0.93    4.75  0.0085   -2.95    3.77    6.02    3.15    1.22     180
 22.000   -1.85    4.92  0.0648   -3.04    3.83    6.41    3.25    0.90     167
 22.500   -2.50    5.25 -0.0419   -3.24    3.49    6.82    3.18    0.38     159
 23.000   -3.04    5.19 -0.0655   -2.90    3.33    6.66    3.37    0.45     151
 23.500   -3.84    5.61  0.0729   -3.11    3.51    7.45    3.57    0.31     142
 24.000   -4.23    6.49  0.1003   -3.13    3.46    8.13    3.99    0.41     138
 24.500   -4.77    6.69 -0.0198   -3.15    3.93    8.54    4.47    0.79     133
 25.000   -5.10    7.08  0.0603   -2.96    4.28    8.97    4.73    0.83     127
 25.500   -5.04    7.54  0.0815   -3.13    4.09    9.20    4.90    0.51     124
 26.000   -5.21    8.09  0.1591   -3.08    3.97    9.62    5.03    0.75     123
 26.500   -5.20    8.44  0.1376   -3.13    4.03    9.79    5.30    0.92     121
 27.000   -5.47    9.10  0.1863   -3.08    4.00   10.11    5.98    0.91     121
 27.500   -5.32    9.60  0.1087   -3.26    4.00   10.51    6.02    0.77     119
 28.000   -4.98   10.16  0.1911   -3.63    4.18   10.79    6.47    0.76     118
 28.500   -4.64   10.61  0.3240   -3.09    4.57   10.70    7.03    0.92     117
 29.000   -4.60   11.40  0.4061   -3.23    4.38   11.09    7.56    0.98     116
 29.500   -4.65   12.23  0.3256   -3.68    4.39   11.91    7.85    0.89     115
 30.000   -4.45   12.96  0.2981   -3.36    5.05   12.76    7.80    0.71     114
     T A B L E  I -   2.  W I N D  S T A T I S T I C A L  P A R A M E T E R S
                                  February
 STATION =   746120     CHINA LAKE NAWS, CA
    Z    MEAN U   SD  U  R(U,V)  MEAN V   SD  V MEAN WS  SD  WS SKEW WS    NOBS
    KM     M/S     M/S             M/S     M/S     M/S     M/S                 
  0.000    0.00    0.00  0.0000    0.00    0.00    0.00    0.00    0.00     100
  0.665    0.31    2.64  0.2458    0.70    3.02    2.85    2.92    1.81     627
  1.000    0.49    3.51  0.2321    0.91    4.27    4.37    3.54    1.55     651
  1.500    1.04    3.81  0.2977    0.07    4.89    5.10    3.67    1.20     653
  2.000    1.39    4.73  0.3447   -0.80    5.65    6.36    4.04    1.07     653
  2.500    2.65    6.12  0.3048   -1.21    6.68    8.23    4.79    0.99     653
  3.000    4.21    7.30  0.2824   -1.45    7.64    9.97    5.66    0.76     653
  3.500    5.52    8.44  0.2687   -1.38    8.60   11.63    6.50    0.66     653
  4.000    6.81    9.44  0.2588   -1.40    9.84   13.43    7.34    0.68     652
  4.500    7.99   10.22  0.2530   -1.28   10.79   14.82    8.17    0.72     652
  5.000    9.29   10.86  0.2609   -1.09   11.81   16.26    8.95    0.74     651
  5.500   10.40   11.43  0.2655   -1.18   12.52   17.50    9.50    0.60     651
  6.000   11.61   12.19  0.2630   -1.25   13.18   18.79   10.26    0.57     649
  6.500   12.81   12.98  0.2586   -1.45   14.11   20.22   11.17    0.55     643
  7.000   13.92   13.81  0.2484   -1.81   15.14   21.81   11.85    0.59     639
  7.500   15.06   14.65  0.2618   -1.95   16.35   23.41   12.81    0.67     628
  8.000   16.31   15.46  0.2705   -1.78   17.55   25.04   13.75    0.70     607
  8.500   17.50   16.21  0.2709   -1.97   18.48   26.71   14.17    0.64     599
  9.000   18.56   16.88  0.2833   -1.96   19.21   28.19   14.39    0.63     585
  9.500   19.88   17.71  0.2977   -1.73   19.87   29.75   14.89    0.54     553
 10.000   21.30   18.19  0.2936   -1.77   20.33   30.97   15.53    0.51     540
 10.500   22.84   18.90  0.2977   -1.51   20.08   31.84   16.43    0.60     530
 11.000   24.15   18.70  0.2954   -1.80   19.70   32.43   16.48    0.64     504
 11.500   25.20   17.62  0.2779   -1.46   18.33   32.16   15.79    0.70     498
 12.000   26.39   15.67  0.2752   -1.07   17.03   31.93   14.61    0.64     491
 12.500   26.66   14.16  0.2854   -1.27   15.24   31.10   13.32    0.60     465
 13.000   26.25   12.60  0.3109   -1.12   14.16   30.11   11.96    0.50     453
 13.500   25.28   11.34  0.3090   -1.33   13.12   28.63   11.03    0.32     444
 14.000   23.96   10.46  0.3329   -1.07   12.26   26.97   10.37    0.29     424
 14.500   22.84    9.55  0.3406   -0.44   11.21   25.54    9.30    0.16     411
 15.000   21.70    9.09  0.3348    0.06   10.38   24.20    8.71    0.11     408
 15.500   20.01    8.69  0.3084   -0.17    9.88   22.39    8.51    0.25     382
 16.000   17.88    7.99  0.3666   -0.44    8.90   20.08    7.71    0.35     373
 16.500   15.88    7.56  0.3238   -0.82    7.80   17.87    7.19    0.28     361
 17.000   13.72    6.97  0.2713   -0.73    7.01   15.58    6.64    0.55     353
 17.500   11.76    6.59  0.2503   -0.62    6.63   13.72    6.16    0.53     340
 18.000    9.77    6.04  0.2049   -0.88    5.85   11.65    5.58    0.40     323
 18.500    8.09    5.70  0.2148   -0.96    5.47   10.18    5.05    0.45     307
 19.000    6.63    5.93  0.2792   -0.96    4.83    8.80    5.14    0.75     283
 19.500    5.47    6.27  0.3245   -0.86    4.53    8.03    5.10    1.01     254
 20.000    4.24    6.40  0.1769   -1.33    3.94    7.41    4.65    0.96     226
 20.500    3.02    6.21  0.1494   -1.67    3.94    6.93    4.26    1.10     202
 21.000    2.21    6.76  0.1270   -1.70    3.83    7.08    4.24    1.00     183
 21.500    0.99    6.81  0.0278   -1.63    3.53    6.77    4.05    1.24     164
 22.000   -0.06    7.27  0.1022   -1.89    3.14    6.97    4.23    1.18     148
 22.500   -1.20    7.11 -0.0155   -1.75    3.20    6.97    4.09    1.17     140
 23.000   -1.48    7.34 -0.1153   -1.98    3.47    7.43    4.08    1.09     135
 23.500   -2.33    7.47  0.1057   -2.09    3.37    7.50    4.55    0.72     130
 24.000   -2.58    8.00  0.0575   -1.56    3.06    7.71    4.79    0.80     127
 24.500   -3.01    7.95 -0.0179   -1.78    3.26    7.94    4.79    0.96     125
 25.000   -3.15    8.31  0.0357   -1.77    3.14    8.24    4.87    0.79     121
 25.500   -3.12    8.65  0.0970   -1.48    3.48    8.52    5.11    0.80     120
 26.000   -3.07    9.56  0.1851   -1.77    3.62    9.25    5.61    0.60     118
 26.500   -2.76   10.18  0.1477   -1.89    3.71    9.42    6.27    0.82     118
 27.000   -2.67   10.46  0.1373   -1.90    3.84    9.61    6.49    0.88     116
 27.500   -2.34   10.65  0.1773   -1.55    4.13    9.86    6.41    0.89     116
 28.000   -2.28   10.99  0.1470   -1.61    3.78    9.99    6.53    0.85     115
 28.500   -2.32   11.47  0.1730   -1.71    3.96   10.20    7.11    0.99     115
 29.000   -2.16   12.19  0.3034   -1.81    4.03   10.55    7.80    1.09     113
 29.500   -1.72   13.06  0.2973   -1.57    4.42   11.19    8.34    0.95     110
 30.000   -1.51   13.22  0.3098   -1.73    5.29   11.80    8.23    0.86     109
     T A B L E  I -   3.  W I N D  S T A T I S T I C A L  P A R A M E T E R S
                                     March
 STATION =   746120     CHINA LAKE NAWS, CA
    Z    MEAN U   SD  U  R(U,V)  MEAN V   SD  V MEAN WS  SD  WS SKEW WS    NOBS
    KM     M/S     M/S             M/S     M/S     M/S     M/S                 
  0.000    0.00    0.00  0.0000    0.00    0.00    0.00    0.00    0.00     100
  0.665    0.41    3.10  0.1578    1.07    2.84    3.18    2.99    1.81     803
  1.000    0.48    3.71  0.1881    1.23    4.16    4.56    3.48    1.65     833
  1.500    0.99    3.66  0.2083    0.37    4.62    4.88    3.47    1.61     834
  2.000    1.36    4.17  0.2281   -0.48    5.07    5.65    3.65    1.52     834
  2.500    2.51    5.32  0.2310   -1.22    5.73    7.11    4.27    1.11     834
  3.000    3.93    6.28  0.2232   -1.53    6.59    8.56    5.23    1.05     834
  3.500    5.35    7.10  0.2378   -1.65    7.43   10.00    6.09    1.06     834
  4.000    6.35    7.77  0.2817   -1.81    8.58   11.56    6.62    0.99     833
  4.500    7.43    8.44  0.3025   -1.96    9.78   13.15    7.27    0.98     833
  5.000    8.50    9.03  0.2996   -1.97   10.71   14.42    8.02    1.03     832
  5.500    9.66    9.60  0.3182   -2.05   11.70   15.81    8.76    0.98     830
  6.000   10.78   10.21  0.3034   -2.21   12.57   17.22    9.31    0.91     830
  6.500   11.75   10.80  0.2770   -2.40   13.45   18.48    9.99    0.93     814
  7.000   12.73   11.45  0.2607   -2.37   14.35   19.77   10.65    0.89     812
  7.500   13.64   12.17  0.2527   -2.57   15.13   21.08   11.18    0.81     805
  8.000   14.46   12.69  0.2529   -2.72   15.99   22.23   11.80    0.77     783
  8.500   15.45   13.41  0.2584   -3.04   16.68   23.50   12.39    0.70     777
  9.000   16.47   14.01  0.2516   -3.17   17.12   24.59   12.88    0.61     773
  9.500   17.69   14.46  0.2384   -3.21   17.55   25.70   13.40    0.56     746
 10.000   18.97   14.82  0.2627   -3.18   18.08   26.89   13.90    0.56     723
 10.500   19.97   15.23  0.2706   -3.27   18.03   27.68   14.13    0.58     715
 11.000   20.87   15.32  0.2591   -3.09   17.59   28.11   14.12    0.62     679
 11.500   21.66   14.68  0.2539   -2.84   16.66   28.15   13.32    0.70     665
 12.000   22.29   13.77  0.2300   -2.50   15.46   27.81   12.58    0.66     659
 12.500   22.62   12.83  0.2138   -1.20   13.76   26.92   11.93    0.73     607
 13.000   22.60   12.16  0.2341   -0.41   12.18   26.14   11.15    0.65     597
 13.500   22.41   11.49  0.2368   -0.45   11.17   25.36   10.80    0.70     583
 14.000   21.60   10.80  0.2491   -0.66   10.30   24.16   10.29    0.65     562
 14.500   20.33   10.48  0.2441   -0.43    9.59   22.76    9.86    0.64     551
 15.000   19.14    9.81  0.2405   -0.16    9.02   21.42    9.26    0.71     546
 15.500   17.67    8.58  0.2082   -0.24    8.33   19.72    8.16    0.75     523
 16.000   16.03    7.92  0.2307   -0.05    7.81   18.00    7.52    0.70     513
 16.500   14.53    7.26  0.2354    0.08    6.85   16.22    6.94    0.73     495
 17.000   12.65    6.38  0.1825    0.03    6.38   14.27    6.17    0.74     482
 17.500   10.85    5.86  0.1413    0.05    5.73   12.44    5.51    0.71     465
 18.000    9.03    5.40  0.2247    0.30    5.30   10.70    4.96    0.61     444
 18.500    7.70    5.25  0.2117    0.16    5.03    9.46    4.82    0.73     419
 19.000    6.08    5.01  0.2081   -0.31    4.57    8.05    4.33    0.90     390
 19.500    4.54    5.03  0.1228   -0.47    4.21    6.90    4.03    0.99     363
 20.000    3.06    4.84  0.1210   -0.48    4.08    6.18    3.42    0.87     304
 20.500    1.77    5.18  0.1581   -0.58    3.73    5.89    3.16    1.24     278
 21.000    0.50    5.18  0.1722   -0.70    3.49    5.57    2.98    1.25     252
 21.500   -0.57    5.47  0.0830   -0.72    3.54    5.79    3.12    1.42     225
 22.000   -1.54    5.65  0.0265   -0.67    3.50    6.10    3.22    1.17     199
 22.500   -2.75    5.55  0.0232   -0.93    3.18    6.26    3.25    0.62     185
 23.000   -3.53    5.34  0.1107   -0.72    3.42    6.46    3.38    0.69     170
 23.500   -3.73    5.83  0.1922   -0.60    3.22    6.63    3.85    0.64     166
 24.000   -4.01    6.11  0.1169   -1.01    3.51    7.17    3.92    0.50     163
 24.500   -4.08    6.23  0.0680   -0.88    3.26    7.05    4.16    0.70     159
 25.000   -4.17    6.53  0.0745   -0.82    3.57    7.37    4.36    0.66     155
 25.500   -4.00    6.88  0.1021   -0.61    3.79    7.66    4.42    0.69     155
 26.000   -3.98    7.10  0.0979   -0.52    3.56    7.57    4.70    0.71     155
 26.500   -4.08    7.40  0.0751   -0.55    3.92    8.04    4.70    0.74     155
 27.000   -3.56    7.80 -0.0080   -0.62    3.76    8.18    4.59    0.68     155
 27.500   -3.20    8.00  0.0717   -1.00    4.06    8.38    4.63    0.55     152
 28.000   -2.96    8.31  0.1574   -0.97    4.06    8.56    4.68    0.50     151
 28.500   -2.43    9.22  0.1750   -0.61    4.30    9.20    4.97    0.61     150
 29.000   -1.90   10.39  0.1964   -0.52    4.47   10.12    5.39    0.58     149
 29.500   -1.39   11.34  0.1495   -0.64    4.68   11.03    5.54    0.61     148
 30.000   -0.55   11.69  0.1096   -0.73    4.99   11.47    5.51    0.60     147
     T A B L E  I -   4.  W I N D  S T A T I S T I C A L  P A R A M E T E R S
                                     April
 STATION =   746120     CHINA LAKE NAWS, CA
    Z    MEAN U   SD  U  R(U,V)  MEAN V   SD  V MEAN WS  SD  WS SKEW WS    NOBS
    KM     M/S     M/S             M/S     M/S     M/S     M/S                 
  0.000    0.00    0.00  0.0000    0.00    0.00    0.00    0.00    0.00     100
  0.665    0.92    3.66  0.1816    1.16    3.29    3.80    3.45    1.45     675
  1.000    1.13    4.24  0.1730    0.99    4.53    5.17    3.75    1.32     689
  1.500    1.54    3.82  0.1557    0.17    4.72    5.15    3.57    1.40     690
  2.000    1.80    4.22  0.2167   -0.54    4.86    5.67    3.58    1.25     690
  2.500    2.63    5.19  0.2121   -1.24    5.28    6.77    4.18    1.08     690
  3.000    3.94    6.25  0.2181   -1.68    6.03    8.25    5.07    0.97     689
  3.500    5.48    7.05  0.2226   -2.25    7.24   10.11    5.93    0.88     688
  4.000    6.99    7.75  0.1906   -2.95    8.51   12.03    6.74    0.75     687
  4.500    8.53    8.41  0.1795   -3.39    9.92   13.94    7.68    0.68     687
  5.000    9.86    9.06  0.1441   -3.37   10.91   15.40    8.49    0.81     687
  5.500   11.07    9.87  0.1112   -3.43   11.82   16.87    9.31    0.93     687
  6.000   12.22   10.65  0.0908   -3.44   12.44   18.20    9.89    0.93     686
  6.500   13.05   11.24  0.0700   -3.71   12.92   19.30   10.23    0.91     676
  7.000   13.99   11.66  0.0734   -3.77   13.67   20.47   10.65    0.87     673
  7.500   14.95   12.24  0.1025   -3.93   14.50   21.66   11.39    0.81     670
  8.000   15.92   12.79  0.1179   -3.75   15.07   22.74   11.87    0.70     646
  8.500   16.82   13.19  0.1311   -3.70   15.81   23.88   12.25    0.69     643
  9.000   17.80   13.45  0.1328   -3.81   16.35   24.94   12.55    0.61     640
  9.500   18.90   13.73  0.1354   -4.17   16.41   25.97   12.55    0.56     603
 10.000   19.96   13.93  0.1348   -4.39   16.70   26.95   12.83    0.48     588
 10.500   20.72   13.88  0.1287   -4.81   17.07   27.78   12.80    0.43     579
 11.000   21.75   13.96  0.1191   -4.74   16.83   28.44   12.81    0.46     555
 11.500   22.81   13.70  0.1128   -4.34   16.01   28.66   12.69    0.43     551
 12.000   23.11   13.15  0.1082   -4.00   14.97   28.25   12.22    0.50     544
 12.500   23.25   12.69  0.1131   -3.34   13.36   27.36   11.93    0.56     498
 13.000   22.87   11.78  0.0769   -2.82   12.02   26.22   11.29    0.60     488
 13.500   22.00   10.82  0.0992   -2.21   11.15   24.89   10.53    0.62     469
 14.000   20.99    9.63  0.1588   -1.23   10.16   23.40    9.51    0.64     441
 14.500   20.01    9.05  0.2153   -0.88    9.78   22.31    9.00    0.74     434
 15.000   18.58    9.04  0.2454   -0.59    8.95   20.74    8.80    0.71     423
 15.500   17.12    7.89  0.1879   -0.32    8.26   19.04    7.82    0.54     398
 16.000   15.63    7.34  0.1775   -0.12    7.59   17.44    7.18    0.55     391
 16.500   14.02    6.46  0.2150    0.08    6.78   15.58    6.46    0.58     375
 17.000   12.11    5.75  0.2231   -0.30    6.01   13.58    5.68    0.57     359
 17.500    9.72    5.23  0.2735   -0.19    5.31   11.26    4.87    0.50     347
 18.000    8.44    5.32  0.2805    0.39    4.82    9.91    4.97    1.03     326
 18.500    7.41    5.22  0.2727    0.40    4.61    8.98    4.84    1.03     296
 19.000    6.07    5.04  0.2036   -0.08    4.18    7.81    4.38    1.57     275
 19.500    4.72    4.91  0.2586   -0.14    3.91    6.73    4.04    1.85     253
 20.000    3.80    4.71  0.2824   -0.37    3.54    5.86    3.88    1.98     229
 20.500    2.90    5.01  0.2822    0.01    3.29    5.58    3.68    2.40     206
 21.000    2.26    5.01  0.2638    0.16    3.31    5.36    3.57    2.60     180
 21.500    1.66    5.48  0.2998   -0.01    3.38    5.49    3.75    2.24     160
 22.000    1.44    5.57  0.3085   -0.21    3.38    5.57    3.70    2.11     148
 22.500    0.71    5.83  0.3256   -0.23    3.21    5.60    3.71    2.02     138
 23.000    0.71    6.26  0.1675   -0.12    3.37    5.86    4.06    2.00     133
 23.500    0.65    6.43  0.1387   -0.18    3.16    5.93    4.07    1.76     128
 24.000    0.95    6.61  0.1721   -0.18    3.08    6.03    4.22    1.79     123
 24.500    1.20    6.89  0.2402    0.14    3.09    6.34    4.28    1.60     120
 25.000    1.62    7.43  0.1438    0.21    3.08    6.78    4.59    1.47     117
 25.500    2.15    7.51  0.0218    0.60    2.99    6.93    4.72    1.33     116
 26.000    2.66    7.55 -0.0800    0.64    3.23    7.19    4.82    1.34     116
 26.500    3.12    7.88 -0.0015    0.74    3.52    7.80    4.84    1.55     115
 27.000    4.19    8.15  0.0759    0.96    3.26    8.13    5.40    1.98     112
 27.500    5.33    8.87  0.0716    1.40    3.55    9.35    5.83    2.17     111
 28.000    5.99    9.47  0.0037    1.28    3.51    9.97    6.30    1.78     109
 28.500    6.84   10.25  0.0127    1.04    3.76   10.74    7.13    1.80     103
 29.000    7.70   11.39 -0.0407    1.20    4.10   12.09    7.78    1.99      96
 29.500    8.59   11.43 -0.0077    1.38    4.33   12.93    7.57    1.53      94
 30.000    9.00   11.67 -0.0578    1.78    4.44   13.49    7.57    1.59      89
     T A B L E  I -   5.  W I N D  S T A T I S T I C A L  P A R A M E T E R S
                                       May
 STATION =   746120     CHINA LAKE NAWS, CA
    Z    MEAN U   SD  U  R(U,V)  MEAN V   SD  V MEAN WS  SD  WS SKEW WS    NOBS
    KM     M/S     M/S             M/S     M/S     M/S     M/S                 
  0.000    0.00    0.00  0.0000    0.00    0.00    0.00    0.00    0.00     100
  0.665    0.41    3.23  0.0640    1.50    2.85    3.46    2.99    1.51     747
  1.000    0.38    3.78  0.0720    1.59    4.09    4.86    3.17    1.24     768
  1.500    0.72    3.22  0.0878    1.07    4.31    4.71    2.91    1.34     768
  2.000    0.83    3.46  0.1578    0.65    4.74    5.13    3.05    1.11     768
  2.500    1.13    4.21  0.1523    0.48    5.20    5.77    3.60    1.32     768
  3.000    1.91    5.04  0.0470    0.26    5.80    6.66    4.28    1.45     768
  3.500    2.86    5.76  0.0153   -0.03    6.59    7.80    4.89    1.24     768
  4.000    3.95    6.70  0.0016   -0.15    7.45    9.10    5.77    1.06     767
  4.500    5.17    7.53 -0.0145   -0.25    8.42   10.53    6.60    1.11     766
  5.000    6.24    8.35  0.0474   -0.23    9.31   11.91    7.31    1.06     766
  5.500    7.27    8.86  0.0710   -0.22   10.06   13.13    7.76    0.98     765
  6.000    8.27    9.46  0.0912   -0.29   10.75   14.27    8.35    0.99     763
  6.500    9.26    9.98  0.0968   -0.41   11.41   15.35    8.95    0.97     749
  7.000   10.23   10.62  0.0896   -0.42   12.09   16.52    9.52    1.02     745
  7.500   10.99   11.35  0.0988   -0.27   12.73   17.67    9.97    1.04     737
  8.000   11.76   12.11  0.1184    0.10   13.38   18.78   10.54    1.01     714
  8.500   12.57   12.59  0.1217    0.16   14.26   19.93   11.06    0.93     709
  9.000   13.40   13.08  0.1235    0.15   14.97   21.07   11.41    0.78     704
  9.500   14.33   13.51  0.1261    0.16   15.78   22.28   11.84    0.66     659
 10.000   15.15   14.08  0.1441    0.19   16.42   23.36   12.31    0.57     645
 10.500   15.86   14.50  0.1591    0.13   16.72   24.22   12.43    0.50     634
 11.000   16.50   14.86  0.1617    0.21   16.76   24.92   12.34    0.41     603
 11.500   16.99   14.73  0.1598    0.24   16.66   25.17   12.22    0.37     595
 12.000   17.22   14.26  0.1536    0.42   15.89   24.69   11.95    0.41     589
 12.500   17.40   13.68  0.1669    0.73   14.78   24.05   11.41    0.37     541
 13.000   17.53   12.58  0.1787    0.86   13.57   23.21   10.58    0.17     531
 13.500   17.09   11.24  0.2197    1.37   11.99   21.81    9.41    0.10     518
 14.000   16.29   10.48  0.2119    1.40   10.73   20.38    8.78    0.16     490
 14.500   15.31    9.88  0.2239    1.62    9.82   19.05    8.27    0.25     475
 15.000   14.25    9.10  0.1906    1.90    8.71   17.47    7.77    0.27     466
 15.500   12.92    8.33  0.1402    2.13    7.79   15.90    6.99    0.39     438
 16.000   11.83    7.56  0.1181    2.46    7.39   14.65    6.55    0.23     425
 16.500    9.87    6.86  0.1609    2.45    6.53   12.63    5.81    0.41     407
 17.000    8.47    6.02  0.0838    2.56    6.07   11.11    5.33    0.56     392
 17.500    6.97    5.37  0.0902    2.27    5.71    9.64    4.75    0.75     383
 18.000    5.52    5.26  0.0417    2.13    4.93    8.24    4.37    0.89     370
 18.500    4.19    4.71  0.0850    1.63    4.33    6.95    3.65    0.97     350
 19.000    2.73    4.31  0.0440    1.21    3.76    5.72    3.05    1.19     322
 19.500    1.54    4.12  0.0226    1.03    3.47    5.09    2.55    1.59     301
 20.000    0.49    3.60  0.0421    0.57    3.41    4.59    2.09    0.93     258
 20.500   -0.19    3.68 -0.0087    0.35    3.10    4.36    2.18    1.21     223
 21.000   -0.77    3.70  0.0456    0.05    3.17    4.36    2.35    0.94     197
 21.500   -0.94    3.54  0.2795    0.10    3.08    4.43    1.84    0.35     156
 22.000   -1.59    3.53  0.2038    0.14    3.07    4.51    2.10    0.61     142
 22.500   -1.61    3.75  0.1356    0.36    3.06    4.64    2.20    0.81     133
 23.000   -1.29    4.05  0.2583    0.25    3.14    4.67    2.47    0.73     126
 23.500   -1.35    3.97  0.1137    0.07    2.60    4.36    2.34    1.22     118
 24.000   -1.67    4.07  0.0115    0.48    2.70    4.60    2.44    1.68     114
 24.500   -1.47    4.03  0.1699    0.83    3.03    4.57    2.73    1.47     111
 25.000   -0.76    4.46  0.2297    0.59    3.21    4.77    2.87    1.28     108
 25.500   -0.10    4.89  0.0961    0.91    2.75    4.84    3.00    1.36     106
 26.000    0.25    4.95  0.1598    0.99    3.18    5.18    2.97    0.98     105
 26.500    1.05    5.70  0.2480    1.39    3.27    5.97    3.21    0.88     105
 27.000    1.55    5.87  0.3044    1.12    3.88    6.47    3.33    0.92     101
 27.500    2.29    6.39  0.2677    1.41    3.47    6.92    3.47    0.70      97
 28.000    3.14    6.70  0.1783    1.63    2.97    7.18    3.83    0.69      94
 28.500    3.21    6.76  0.0940    1.14    3.05    7.23    3.72    0.69      88
 29.000    3.70    6.20  0.1112    1.39    3.49    7.32    3.52    0.49      81
 29.500    3.83    6.29  0.2344    1.12    3.43    7.38    3.54    0.98      75
 30.000    3.72    6.40  0.1517    1.15    3.85    7.58    3.60    0.83      74
     T A B L E  I -   6.  W I N D  S T A T I S T I C A L  P A R A M E T E R S
                                      June
 STATION =   746120     CHINA LAKE NAWS, CA
    Z    MEAN U   SD  U  R(U,V)  MEAN V   SD  V MEAN WS  SD  WS SKEW WS    NOBS
    KM     M/S     M/S             M/S     M/S     M/S     M/S                 
  0.000    0.00    0.00  0.0000    0.00    0.00    0.00    0.00    0.00     100
  0.665    0.69    3.24  0.1236    1.81    2.67    3.49    3.04    1.54     725
  1.000    0.60    3.84  0.1680    2.20    3.54    4.74    3.16    1.50     736
  1.500    1.12    3.38  0.1825    1.68    3.82    4.62    2.95    1.21     737
  2.000    1.21    3.68  0.2704    1.62    3.95    4.94    2.97    1.16     737
  2.500    1.59    4.28  0.2600    1.62    4.13    5.48    3.24    1.19     737
  3.000    2.32    5.09  0.1737    1.91    4.89    6.47    4.12    1.22     737
  3.500    3.33    5.91  0.1629    2.18    5.74    7.56    5.16    1.40     735
  4.000    4.38    6.48  0.1251    2.47    6.55    8.74    5.80    1.33     735
  4.500    5.52    7.00  0.1475    2.84    7.43    9.97    6.57    1.20     735
  5.000    6.46    7.27  0.0969    2.68    7.72   10.76    6.74    1.12     718
  5.500    7.53    7.55  0.1206    2.64    8.36   11.80    7.17    1.09     715
  6.000    8.58    7.80  0.1404    2.70    8.98   12.80    7.66    1.07     715
  6.500    9.46    8.15  0.1479    2.51    9.46   13.68    8.04    1.07     698
  7.000   10.34    8.63  0.1582    2.64    9.99   14.61    8.63    1.10     692
  7.500   11.24    9.15  0.1513    2.74   10.52   15.63    9.16    1.15     690
  8.000   12.18    9.54  0.1542    2.97   11.09   16.74    9.54    1.16     670
  8.500   12.92   10.07  0.1697    3.05   11.74   17.73   10.05    1.23     666
  9.000   13.78   10.44  0.1928    3.20   12.22   18.65   10.52    1.22     661
  9.500   14.74   10.83  0.2422    3.37   13.06   19.89   11.01    1.17     632
 10.000   15.73   11.46  0.2889    3.52   13.77   21.14   11.56    1.15     616
 10.500   16.83   11.97  0.3177    3.78   14.20   22.36   11.93    1.12     603
 11.000   17.84   12.45  0.3443    4.34   14.36   23.45   12.16    1.09     577
 11.500   18.81   12.69  0.3621    4.45   14.23   24.23   12.25    1.14     569
 12.000   19.48   12.78  0.3766    4.47   14.10   24.71   12.27    1.10     560
 12.500   19.85   12.29  0.3363    4.28   13.52   24.77   11.51    0.88     525
 13.000   19.84   11.58  0.3293    4.16   12.88   24.39   10.78    0.77     512
 13.500   19.43   10.81  0.3237    4.15   11.98   23.56   10.02    0.70     503
 14.000   18.08    9.73  0.2827    4.03   10.75   21.74    8.97    0.66     471
 14.500   16.47    8.64  0.2738    4.18    9.69   19.86    7.93    0.78     452
 15.000   14.54    7.60  0.2426    3.80    8.53   17.53    7.06    0.54     441
 15.500   12.58    6.86  0.2460    3.67    7.88   15.49    6.45    0.51     421
 16.000   10.31    6.11  0.2980    3.28    7.01   13.10    5.64    0.34     404
 16.500    8.07    5.18  0.2275    3.18    6.14   10.87    4.69    0.24     389
 17.000    5.87    4.43  0.1489    2.59    5.53    8.73    3.97    0.17     377
 17.500    3.63    4.14  0.1905    2.05    4.97    6.84    3.59    0.97     370
 18.000    2.36    3.97  0.2139    1.70    4.40    5.95    2.90    0.74     359
 18.500    0.53    3.77  0.0903    1.38    3.90    5.14    2.39    0.52     340
 19.000   -0.79    3.25  0.0325    1.23    3.34    4.51    2.02    0.65     321
 19.500   -1.85    3.27  0.0498    1.32    3.09    4.50    2.27    0.86     298
 20.000   -2.97    3.04  0.0548    1.20    3.34    5.00    2.46    0.74     264
 20.500   -3.87    2.97  0.0335    1.11    2.75    5.26    2.34    0.53     228
 21.000   -4.64    3.04  0.0311    0.96    2.71    5.77    2.46    0.48     197
 21.500   -5.55    3.33  0.0801    0.61    2.83    6.52    2.78    0.34     168
 22.000   -6.05    3.14 -0.0805    0.45    2.65    6.79    2.82    0.32     155
 22.500   -6.72    3.43 -0.0905    0.06    2.63    7.46    2.93    0.10     146
 23.000   -7.20    3.57 -0.1132    0.34    2.85    7.91    3.20   -0.23     137
 23.500   -7.40    3.51 -0.0661    0.21    2.45    7.95    3.16    0.14     128
 24.000   -7.65    3.31 -0.0283    0.49    2.24    8.16    2.93   -0.07     123
 24.500   -7.51    3.50  0.0314    0.57    2.55    8.17    2.99   -0.16     120
 25.000   -7.95    3.74  0.0451    0.47    2.67    8.54    3.40    0.03     115
 25.500   -8.19    3.77  0.0578    1.01    2.59    8.77    3.50    0.01     113
 26.000   -8.10    3.75  0.0022    1.13    2.72    8.81    3.32    0.05     108
 26.500   -8.09    3.40  0.0203    0.87    2.70    8.66    3.20   -0.12     105
 27.000   -8.21    3.72  0.2882    0.91    3.04    8.96    3.33    0.35     104
 27.500   -8.39    3.91  0.2023    0.85    2.69    9.07    3.41    0.13     101
 28.000   -8.43    4.49 -0.0294    0.73    2.86    9.24    3.82    0.21      95
 28.500   -8.73    4.67  0.0750    0.75    3.24    9.64    3.98    0.22      90
 29.000   -9.03    4.51 -0.0237    0.22    3.08    9.81    3.91    0.00      87
 29.500   -9.26    4.76 -0.1165    0.69    3.33   10.34    3.70   -0.27      82
 30.000   -9.74    4.64 -0.0331    0.47    3.16   10.50    4.05   -0.28      79
     T A B L E  I -   7.  W I N D  S T A T I S T I C A L  P A R A M E T E R S
                                      July
 STATION =   746120     CHINA LAKE NAWS, CA
    Z    MEAN U   SD  U  R(U,V)  MEAN V   SD  V MEAN WS  SD  WS SKEW WS    NOBS
    KM     M/S     M/S             M/S     M/S     M/S     M/S                 
  0.000    0.00    0.00  0.0000    0.00    0.00    0.00    0.00    0.00     100
  0.665   -0.04    2.33  0.0696    1.86    2.21    2.92    2.28    1.61     734
  1.000   -0.32    3.05  0.1637    2.62    2.91    4.30    2.50    1.34     748
  1.500    0.61    2.84  0.1413    2.24    3.18    4.16    2.49    1.14     749
  2.000    1.08    3.28  0.2721    2.26    3.28    4.64    2.49    0.99     749
  2.500    1.21    3.64  0.3739    2.68    3.61    5.25    2.71    1.00     749
  3.000    1.45    3.83  0.3115    3.33    3.93    5.80    3.10    1.00     749
  3.500    1.54    4.32  0.2340    3.85    4.45    6.60    3.47    1.10     749
  4.000    1.70    4.76  0.1799    4.28    4.85    7.25    3.85    1.01     749
  4.500    1.94    5.21  0.1163    4.45    5.12    7.78    4.06    0.77     749
  5.000    2.27    5.61  0.0684    4.54    5.57    8.32    4.35    0.89     748
  5.500    2.95    6.08  0.0773    4.47    5.94    8.81    4.82    0.82     746
  6.000    3.57    6.51  0.0609    4.31    6.02    9.27    4.91    1.11     746
  6.500    4.18    6.83  0.0592    4.43    6.20    9.75    5.23    1.29     740
  7.000    4.73    7.25  0.0943    4.58    6.58   10.33    5.69    1.42     739
  7.500    5.31    7.77  0.0863    4.97    6.96   11.23    5.99    1.38     734
  8.000    6.20    8.21  0.0709    5.24    7.45   12.17    6.38    1.19     708
  8.500    7.05    8.58  0.0553    5.71    7.82   13.03    6.86    1.09     702
  9.000    7.84    9.09  0.0634    6.23    8.45   14.12    7.42    0.97     694
  9.500    8.81    9.65  0.0769    7.03    8.96   15.37    8.01    0.98     656
 10.000    9.75    9.91  0.1013    8.05    9.57   16.64    8.53    0.94     642
 10.500   10.37   10.13  0.0912    8.88   10.05   17.64    8.88    0.92     632
 11.000   11.23   10.42  0.0852    9.77   10.54   18.88    9.20    0.84     601
 11.500   12.16   10.61  0.0974   10.39   10.86   19.89    9.54    0.75     590
 12.000   12.72   10.54  0.1310   10.67   10.89   20.23    9.80    0.67     583
 12.500   13.19   10.72  0.1536   10.84   10.81   20.54   10.05    0.71     541
 13.000   13.28   10.77  0.1708   10.33   10.62   20.17   10.26    0.80     531
 13.500   12.97   10.49  0.1938    9.81   10.00   19.43    9.85    0.90     525
 14.000   12.52    9.65  0.1532    8.56    9.00   18.01    8.91    0.73     496
 14.500   11.09    8.70  0.1358    7.34    8.23   15.97    8.07    0.79     485
 15.000    9.25    8.14  0.1614    6.06    7.27   13.67    7.40    0.97     483
 15.500    7.02    7.75  0.0936    4.92    6.87   11.67    6.70    0.98     460
 16.000    4.54    6.77 -0.0169    3.83    6.01    9.48    5.23    0.81     445
 16.500    2.64    5.54 -0.0516    3.80    5.53    8.07    4.25    0.81     431
 17.000    1.32    4.78  0.1170    3.10    4.88    6.78    3.61    1.02     416
 17.500   -0.22    4.47  0.0460    2.59    4.08    5.95    2.88    0.66     404
 18.000   -1.42    4.10  0.0340    2.15    3.76    5.55    2.64    0.74     382
 18.500   -2.56    4.18  0.0548    1.68    3.78    5.87    2.72    0.82     361
 19.000   -3.96    3.89  0.0953    1.45    3.58    6.23    2.78    0.66     341
 19.500   -5.15    3.94  0.0772    1.54    3.13    6.74    2.97    0.14     325
 20.000   -6.07    3.44  0.0165    1.36    3.04    7.15    3.01    0.40     289
 20.500   -7.03    3.45  0.0525    1.22    2.98    7.91    3.14    0.33     267
 21.000   -7.78    3.09  0.1445    1.01    2.98    8.49    2.88    0.14     250
 21.500   -8.44    3.03  0.0646    0.92    3.06    9.11    2.78    0.29     227
 22.000   -8.99    3.09  0.1155    0.77    2.79    9.52    2.91    0.16     210
 22.500   -9.74    3.32  0.0561    0.62    2.56   10.15    3.22    0.12     194
 23.000  -10.55    3.41 -0.0440    0.74    2.43   10.93    3.16    0.08     173
 23.500  -10.72    3.42  0.0437    0.74    2.81   11.24    2.99   -0.22     148
 24.000  -11.34    3.02 -0.0812    0.31    2.29   11.59    2.97   -0.08     138
 24.500  -11.76    2.79 -0.0380    0.35    2.71   12.10    2.71    0.16     129
 25.000  -12.21    3.19  0.0771    0.58    2.75   12.55    3.07    0.00     122
 25.500  -12.67    3.04  0.0058    0.69    2.79   13.03    2.92    0.17     118
 26.000  -13.00    2.71  0.0216    0.76    3.13   13.38    2.84   -0.06     114
 26.500  -13.56    3.06  0.1067    0.49    2.96   13.88    3.07    0.27     110
 27.000  -14.00    2.91  0.0603    0.46    2.69   14.27    2.91    0.07     107
 27.500  -14.41    3.16 -0.0116    0.57    3.10   14.77    3.09    0.40     102
 28.000  -14.74    3.09  0.0189    0.45    2.98   15.06    3.05    0.39     100
 28.500  -15.04    3.30  0.2219    0.75    3.09   15.41    3.12    0.42      95
 29.000  -15.56    3.38  0.0885    0.63    2.86   15.85    3.37   -0.13      91
 29.500  -16.17    3.57  0.3317    0.61    3.74   16.67    3.35    0.09      86
 30.000  -16.74    3.58  0.0007    0.20    3.10   17.03    3.57    0.11      82
     T A B L E  I -   8.  W I N D  S T A T I S T I C A L  P A R A M E T E R S
                                    August
 STATION =   746120     CHINA LAKE NAWS, CA
    Z    MEAN U   SD  U  R(U,V)  MEAN V   SD  V MEAN WS  SD  WS SKEW WS    NOBS
    KM     M/S     M/S             M/S     M/S     M/S     M/S                 
  0.000    0.00    0.00  0.0000    0.00    0.00    0.00    0.00    0.00     100
  0.665    0.22    2.25  0.0964    1.84    2.25    2.86    2.32    1.49     719
  1.000    0.24    3.10  0.1265    2.80    2.98    4.41    2.63    1.36     739
  1.500    1.11    2.95  0.1211    2.49    3.18    4.48    2.48    1.00     740
  2.000    1.75    3.29  0.2259    2.86    3.23    5.10    2.53    0.76     740
  2.500    2.30    3.83  0.3096    3.46    3.56    5.97    2.99    0.84     740
  3.000    2.58    4.23  0.3052    4.06    3.72    6.55    3.45    0.98     740
  3.500    2.69    4.34  0.2343    4.47    4.11    6.94    3.84    0.88     739
  4.000    2.83    4.50  0.2569    4.82    4.36    7.35    4.06    0.92     739
  4.500    2.90    4.66  0.2172    4.97    4.66    7.71    4.15    0.78     738
  5.000    3.27    4.97  0.1741    4.98    4.96    8.15    4.29    0.72     738
  5.500    3.61    5.24  0.2260    4.93    5.39    8.54    4.59    0.86     738
  6.000    4.26    5.34  0.2054    4.82    5.55    8.84    4.75    0.95     737
  6.500    4.86    5.60  0.1967    4.74    5.56    9.23    4.84    0.93     706
  7.000    5.43    5.98  0.2027    4.68    5.75    9.69    5.13    0.96     700
  7.500    6.18    6.51  0.1973    4.96    6.20   10.56    5.66    1.12     695
  8.000    7.06    7.02  0.1795    5.30    6.66   11.57    6.17    1.10     672
  8.500    8.06    7.50  0.1487    5.72    7.07   12.63    6.69    1.00     670
  9.000    9.17    7.79  0.1387    6.16    7.86   13.87    7.22    0.93     666
  9.500   10.31    8.07  0.1452    6.85    8.68   15.27    7.80    0.79     637
 10.000   11.51    8.40  0.1360    7.60    9.22   16.71    8.15    0.67     622
 10.500   12.51    8.84  0.1113    8.34    9.73   18.10    8.45    0.61     613
 11.000   13.58    8.89  0.0825    9.16    9.73   19.27    8.41    0.49     581
 11.500   14.61    8.95  0.0793    9.62    9.87   20.30    8.47    0.41     569
 12.000   15.22    8.85  0.0548   10.02    9.89   20.87    8.53    0.32     564
 12.500   15.48    8.68  0.0572   10.43    9.48   21.08    8.30    0.41     517
 13.000   15.69    8.26  0.0758   10.52    9.00   21.05    7.94    0.24     499
 13.500   15.37    7.65  0.0948    9.91    8.69   20.25    7.69    0.26     493
 14.000   14.22    7.32  0.1214    9.06    8.35   18.82    7.32    0.24     473
 14.500   12.90    6.74  0.1809    8.18    7.51   17.07    6.62    0.03     451
 15.000   11.13    6.43  0.1533    7.05    6.58   14.90    6.05    0.07     444
 15.500    8.80    5.99  0.0596    5.68    5.59   12.31    5.06    0.27     424
 16.000    5.86    5.43 -0.0637    4.67    5.66    9.92    4.39    0.50     417
 16.500    3.66    4.82  0.0861    4.64    5.04    8.24    4.03    0.76     405
 17.000    2.24    4.55  0.2215    3.66    4.57    6.92    3.62    1.19     390
 17.500    0.58    4.64  0.2118    2.61    4.00    6.08    2.85    1.02     382
 18.000   -0.98    4.15  0.1698    2.24    3.99    5.67    2.70    0.86     360
 18.500   -2.28    4.06  0.0489    2.11    3.48    5.66    2.62    0.49     343
 19.000   -3.24    3.72  0.1260    1.47    3.39    5.72    2.44    0.63     311
 19.500   -4.18    3.70  0.2025    1.13    3.50    6.16    2.62    0.65     289
 20.000   -5.15    3.34  0.1011    1.15    3.27    6.61    2.54    0.20     257
 20.500   -5.53    3.35  0.2068    0.96    2.96    6.74    2.57    0.15     245
 21.000   -6.67    3.27  0.0991    0.69    2.77    7.53    2.61   -0.08     222
 21.500   -7.55    3.12  0.1321    0.53    2.59    8.09    2.86   -0.02     206
 22.000   -8.36    2.91  0.1099    0.33    2.48    8.80    2.76   -0.19     190
 22.500   -9.08    3.27  0.1045    0.59    2.49    9.50    3.14   -0.16     164
 23.000   -9.85    3.43 -0.0009    0.28    2.70   10.29    3.20   -0.32     151
 23.500  -10.19    3.25  0.0001    0.57    2.54   10.55    3.17   -0.51     139
 24.000  -10.56    3.22  0.1258    0.44    2.90   10.98    3.19   -0.24     131
 24.500  -11.23    3.14  0.0193    0.19    2.85   11.65    2.98   -0.09     129
 25.000  -11.94    3.19  0.0655    0.24    2.97   12.33    3.10   -0.45     126
 25.500  -12.41    3.38  0.0655    0.05    2.55   12.69    3.32   -0.17     124
 26.000  -13.22    3.67  0.0349    0.33    2.53   13.49    3.62    0.01     121
 26.500  -13.20    3.49  0.0088    0.25    2.55   13.46    3.47   -0.16     117
 27.000  -13.56    3.26  0.0464    0.29    2.55   13.84    3.12    0.20     109
 27.500  -13.97    3.30  0.0774    0.49    2.57   14.24    3.22    0.15     105
 28.000  -14.14    3.77  0.0684    0.84    2.72   14.45    3.72    0.24     101
 28.500  -14.35    4.00  0.0015    0.83    2.91   14.70    3.84    0.48      99
 29.000  -14.84    3.96 -0.0112    1.01    2.94   15.19    3.90    0.09      94
 29.500  -14.71    3.99  0.0368    1.00    3.02   15.06    3.95   -0.24      93
 30.000  -15.30    3.95 -0.1225    1.12    3.16   15.66    3.95   -0.13      89
     T A B L E  I -   9.  W I N D  S T A T I S T I C A L  P A R A M E T E R S
                                 September
 STATION =   746120     CHINA LAKE NAWS, CA
    Z    MEAN U   SD  U  R(U,V)  MEAN V   SD  V MEAN WS  SD  WS SKEW WS    NOBS
    KM     M/S     M/S             M/S     M/S     M/S     M/S                 
  0.000    0.00    0.00  0.0000    0.00    0.00    0.00    0.00    0.00     100
  0.665    0.16    2.30  0.1530    1.30    2.26    2.55    2.37    1.84     706
  1.000    0.09    3.03  0.1970    1.67    3.45    4.08    2.69    1.43     737
  1.500    0.40    3.05  0.2798    1.42    3.53    4.20    2.51    1.12     737
  2.000    0.65    3.71  0.2939    1.34    3.64    4.75    2.59    0.87     737
  2.500    1.13    4.66  0.2871    1.44    4.20    5.67    3.24    1.22     737
  3.000    1.62    5.31  0.2302    1.71    4.65    6.46    3.70    1.15     737
  3.500    2.25    5.87  0.2114    1.92    5.44    7.43    4.19    1.00     737
  4.000    3.02    6.27  0.2021    2.07    6.13    8.38    4.50    0.87     737
  4.500    3.95    6.67  0.1731    2.15    6.85    9.24    5.13    0.89     737
  5.000    4.97    7.06  0.1849    2.15    7.31    9.89    5.89    0.95     737
  5.500    6.12    7.54  0.2230    2.26    7.78   10.85    6.48    0.91     737
  6.000    7.26    7.99  0.2580    2.27    8.19   11.85    6.94    0.82     735
  6.500    8.29    8.42  0.2783    2.17    8.57   12.79    7.36    0.78     721
  7.000    9.27    9.03  0.2774    2.37    9.09   13.85    7.99    0.67     716
  7.500   10.34    9.61  0.2749    2.56    9.61   14.97    8.61    0.69     714
  8.000   11.51   10.04  0.2951    2.84   10.20   16.19    9.14    0.70     687
  8.500   12.70   10.63  0.3130    3.00   10.71   17.31    9.92    0.76     684
  9.000   13.93   11.10  0.3566    3.18   11.30   18.56   10.51    0.74     680
  9.500   15.51   11.22  0.3902    3.61   11.94   20.13   10.82    0.62     634
 10.000   16.67   11.65  0.3898    4.02   12.39   21.39   11.21    0.51     624
 10.500   17.89   11.88  0.3901    4.34   12.77   22.66   11.37    0.45     611
 11.000   19.20   12.03  0.4054    4.72   12.99   23.94   11.46    0.45     590
 11.500   20.37   11.96  0.3972    4.91   12.93   24.95   11.26    0.39     578
 12.000   20.94   11.76  0.3828    5.01   12.42   25.13   11.17    0.30     573
 12.500   21.20   11.52  0.3823    5.49   11.94   25.11   11.13    0.36     536
 13.000   21.59   11.35  0.3658    5.51   11.50   25.19   11.09    0.41     527
 13.500   21.06   10.95  0.3593    5.11   10.50   24.19   10.72    0.55     515
 14.000   19.72   10.02  0.3142    4.87    9.42   22.46    9.87    0.42     472
 14.500   18.08    9.08  0.2967    4.56    8.58   20.53    9.07    0.42     462
 15.000   16.06    8.14  0.2854    4.04    7.91   18.35    8.16    0.42     459
 15.500   13.75    7.40  0.3026    3.36    7.17   15.94    7.26    0.56     430
 16.000   11.10    6.57  0.2415    2.62    6.25   13.14    6.30    0.53     418
 16.500    8.63    5.91  0.1828    2.20    5.74   10.75    5.65    0.68     402
 17.000    6.71    5.54  0.0904    1.65    4.89    8.91    4.86    0.54     385
 17.500    4.51    4.80  0.0564    1.19    4.39    7.09    3.77    0.68     377
 18.000    3.13    4.26  0.0571    0.52    3.82    5.81    3.03    0.83     361
 18.500    1.42    4.08  0.0619    0.05    3.84    5.21    2.61    0.75     338
 19.000    0.35    4.04  0.0840    0.30    3.62    4.92    2.44    0.76     317
 19.500   -0.22    4.08  0.1199    0.25    3.32    4.68    2.44    0.89     302
 20.000   -1.09    4.01  0.0728   -0.18    3.05    4.75    2.11    0.70     271
 20.500   -1.68    3.54  0.1145   -0.20    2.92    4.50    2.09    0.56     242
 21.000   -2.07    3.66  0.1466   -0.14    2.84    4.54    2.35    0.88     219
 21.500   -2.39    3.72  0.0997   -0.52    2.88    4.76    2.37    0.73     193
 22.000   -2.94    3.65  0.1653   -0.52    2.92    4.96    2.58    0.93     181
 22.500   -3.04    3.98  0.2450   -0.23    3.10    5.37    2.49    1.08     169
 23.000   -3.40    3.93  0.1094   -0.53    3.12    5.58    2.42    0.81     161
 23.500   -3.98    3.89  0.1177    0.04    2.86    5.68    2.65    0.52     155
 24.000   -3.95    3.66 -0.0182    0.08    2.65    5.53    2.40    0.43     151
 24.500   -4.08    3.60  0.0564    0.35    2.80    5.60    2.51    0.52     142
 25.000   -4.47    3.97  0.0526    0.47    2.76    6.07    2.57    0.57     136
 25.500   -4.47    4.36  0.1542    0.50    2.79    6.25    2.83    0.58     135
 26.000   -4.65    4.49  0.0665    0.63    2.58    6.26    3.12    0.33     133
 26.500   -4.76    4.38  0.1279    0.67    3.02    6.47    3.07    0.21     131
 27.000   -4.59    4.75  0.1586    0.78    2.73    6.41    3.26    0.43     127
 27.500   -4.53    4.89  0.1336    0.63    2.90    6.41    3.50    0.68     125
 28.000   -4.55    5.34  0.1141    0.57    3.27    6.76    3.82    0.61     123
 28.500   -4.37    5.47  0.1808    0.78    3.72    7.16    3.47    0.46     121
 29.000   -4.51    5.71  0.1164    0.65    3.63    7.40    3.42    0.10     119
 29.500   -4.33    5.76  0.1582    0.94    3.54    7.36    3.33    0.30     114
 30.000   -4.24    5.88  0.3447    1.18    3.44    7.25    3.62    0.48     112
     T A B L E  I -  10.  W I N D  S T A T I S T I C A L  P A R A M E T E R S
                                   October
 STATION =   746120     CHINA LAKE NAWS, CA
    Z    MEAN U   SD  U  R(U,V)  MEAN V   SD  V MEAN WS  SD  WS SKEW WS    NOBS
    KM     M/S     M/S             M/S     M/S     M/S     M/S                 
  0.000    0.00    0.00  0.0000    0.00    0.00    0.00    0.00    0.00     100
  0.665    0.10    2.20  0.1699    1.11    2.71    2.65    2.52    1.80     588
  1.000    0.21    3.16  0.2443    1.38    3.93    4.11    3.24    1.73     632
  1.500    0.64    3.27  0.2617    0.43    4.18    4.36    3.13    1.33     633
  2.000    0.90    3.94  0.3111   -0.27    4.70    5.22    3.35    1.24     633
  2.500    1.45    5.10  0.3231   -0.69    5.29    6.35    4.03    1.31     633
  3.000    2.42    5.91  0.3097   -1.03    5.93    7.30    4.86    1.40     633
  3.500    3.46    6.33  0.2677   -1.17    6.71    8.28    5.47    1.31     633
  4.000    4.53    7.10  0.2269   -1.44    7.60    9.62    6.18    1.27     633
  4.500    5.43    7.70  0.2069   -1.68    8.64   10.84    6.97    1.18     633
  5.000    6.48    8.19  0.1773   -1.90    9.44   11.98    7.61    1.14     633
  5.500    7.43    8.81  0.2086   -1.94    9.96   13.03    8.13    1.12     632
  6.000    8.42    9.26  0.2371   -2.21   10.62   14.16    8.57    1.11     632
  6.500    9.25    9.78  0.2136   -2.49   11.34   15.29    9.08    1.03     624
  7.000   10.13   10.34  0.2135   -2.93   11.81   16.34    9.51    0.99     623
  7.500   10.96   11.16  0.2191   -3.23   12.48   17.55   10.13    1.00     620
  8.000   11.65   12.10  0.2503   -3.29   13.34   18.82   10.78    1.05     594
  8.500   12.28   12.67  0.2729   -3.25   14.07   19.88   11.16    1.09     590
  9.000   12.97   13.26  0.2866   -3.51   14.77   20.92   11.67    1.05     585
  9.500   13.64   13.75  0.3246   -3.62   15.75   22.04   12.26    0.96     557
 10.000   14.40   14.30  0.3401   -3.48   16.34   23.04   12.63    0.84     549
 10.500   15.18   14.47  0.3740   -3.48   16.63   23.83   12.65    0.77     543
 11.000   15.72   14.47  0.3967   -4.07   16.72   24.32   12.68    0.64     515
 11.500   16.73   14.36  0.3825   -3.84   15.86   24.33   12.65    0.64     503
 12.000   17.29   14.04  0.3854   -3.77   15.40   24.43   12.25    0.64     497
 12.500   17.95   13.23  0.3771   -3.44   14.48   24.28   11.36    0.51     450
 13.000   18.27   12.74  0.3928   -3.08   13.40   23.86   10.77    0.48     444
 13.500   18.02   11.66  0.4112   -2.60   12.48   22.96    9.81    0.34     433
 14.000   17.46   11.12  0.3713   -2.29   10.97   21.59    9.39    0.43     405
 14.500   16.66   10.03  0.3350   -1.89    9.95   20.17    8.59    0.55     401
 15.000   15.67    9.00  0.3534   -1.73    9.17   18.82    7.74    0.65     390
 15.500   14.45    8.23  0.3254   -1.39    8.13   17.12    7.21    0.62     367
 16.000   13.05    7.64  0.2489   -1.43    7.37   15.49    6.70    0.55     360
 16.500   11.41    6.60  0.2059   -1.16    6.68   13.58    5.95    0.55     350
 17.000    9.90    5.55  0.1630   -1.33    5.86   11.89    4.88    0.44     340
 17.500    8.43    5.30  0.1727   -1.33    5.11   10.30    4.59    0.49     328
 18.000    7.24    4.92  0.0681   -0.96    5.11    9.30    4.17    0.30     314
 18.500    5.97    4.74  0.0924   -1.21    4.87    8.39    3.66    0.43     293
 19.000    5.37    4.83  0.1714   -1.11    4.39    7.61    3.91    0.67     278
 19.500    4.27    4.61  0.1503   -1.02    4.16    6.79    3.42    0.72     257
 20.000    3.63    4.46  0.0463   -0.70    3.94    6.25    3.22    0.72     238
 20.500    3.32    4.22  0.0679   -0.63    3.68    5.96    2.79    0.81     221
 21.000    3.04    4.64  0.1091   -0.69    3.48    6.01    2.76    0.72     201
 21.500    3.04    4.53 -0.0312   -0.96    3.52    5.95    2.78    0.35     184
 22.000    2.87    4.42  0.0397   -0.78    3.39    5.79    2.61    0.56     171
 22.500    3.00    4.54  0.1135   -0.67    3.10    5.68    2.81    0.73     155
 23.000    3.18    4.52  0.0285   -0.56    3.33    5.84    2.78    0.40     144
 23.500    3.62    4.72  0.1585   -0.14    3.34    6.04    3.20    0.70     133
 24.000    4.21    5.48  0.2886    0.07    3.17    6.66    3.70    0.63     129
 24.500    4.53    5.99  0.1837    0.35    3.39    7.12    4.17    0.71     127
 25.000    4.91    6.30  0.3122    0.68    3.34    7.43    4.45    0.64     120
 25.500    5.59    6.18  0.3189    1.02    3.29    7.84    4.47    0.59     119
 26.000    6.49    6.51  0.3083    0.68    3.07    8.32    5.03    0.76     116
 26.500    6.61    7.00  0.3559    0.79    3.52    8.72    5.43    0.93     115
 27.000    7.38    7.54  0.3252    1.56    3.04    9.35    5.96    0.84     112
 27.500    8.47    7.33  0.2891    1.63    3.35   10.19    5.98    0.70     112
 28.000    8.82    7.74  0.2341    1.40    3.77   10.81    6.07    0.66     110
 28.500    9.47    8.15  0.3033    1.67    3.62   11.20    6.78    0.66     107
 29.000   10.23    8.19  0.2369    1.98    3.97   11.99    6.90    0.59     106
 29.500   11.38    8.40  0.3612    2.39    4.25   13.15    7.14    0.59     104
 30.000   12.51    8.97  0.4500    2.29    4.35   14.09    7.91    0.57     103
     T A B L E  I -  11.  W I N D  S T A T I S T I C A L  P A R A M E T E R S
                                  November
 STATION =   746120     CHINA LAKE NAWS, CA
    Z    MEAN U   SD  U  R(U,V)  MEAN V   SD  V MEAN WS  SD  WS SKEW WS    NOBS
    KM     M/S     M/S             M/S     M/S     M/S     M/S                 
  0.000    0.00    0.00  0.0000    0.00    0.00    0.00    0.00    0.00     100
  0.665    0.25    2.66  0.1235    0.52    2.32    2.39    2.66    2.27     598
  1.000    0.31    3.37  0.1437    0.76    3.60    3.80    3.26    1.82     629
  1.500    0.92    3.39  0.2167   -0.17    4.10    4.39    3.14    1.47     629
  2.000    1.37    4.28  0.2756   -1.19    4.69    5.63    3.45    1.10     629
  2.500    2.65    5.71  0.2439   -2.07    5.41    7.42    4.24    1.03     629
  3.000    4.18    6.78  0.1939   -2.42    6.37    9.05    5.28    0.86     629
  3.500    5.76    7.73  0.1377   -2.61    7.49   10.74    6.36    0.85     623
  4.000    7.09    8.38  0.1409   -3.00    8.71   12.43    7.14    0.68     623
  4.500    8.43    8.79  0.1328   -3.57    9.88   14.19    7.57    0.45     622
  5.000    9.79    9.52  0.1484   -3.73   10.78   15.73    8.29    0.46     617
  5.500   11.02   10.02  0.1614   -3.80   11.59   17.04    8.96    0.45     616
  6.000   12.21   10.34  0.1574   -3.98   12.46   18.36    9.48    0.50     616
  6.500   13.50   10.87  0.1533   -4.09   13.13   19.75    9.96    0.44     609
  7.000   14.52   11.49  0.1746   -4.30   13.81   21.04   10.46    0.43     606
  7.500   15.73   11.72  0.1904   -4.35   14.52   22.29   10.85    0.47     595
  8.000   16.76   12.21  0.2315   -4.79   15.34   23.58   11.50    0.62     578
  8.500   17.84   12.93  0.2446   -5.05   16.15   25.02   12.05    0.63     577
  9.000   18.70   13.82  0.2612   -5.38   16.95   26.36   12.69    0.62     573
  9.500   19.49   14.75  0.2886   -5.63   17.50   27.62   13.13    0.51     553
 10.000   20.50   15.29  0.3008   -5.72   18.24   28.86   13.63    0.48     544
 10.500   21.52   15.77  0.3301   -5.68   18.91   30.01   14.16    0.47     539
 11.000   21.98   15.72  0.3512   -5.78   18.91   30.15   14.54    0.52     498
 11.500   23.26   15.61  0.3774   -5.24   18.30   30.60   14.49    0.49     489
 12.000   23.88   15.22  0.3952   -4.90   17.44   30.59   13.93    0.50     485
 12.500   24.60   14.53  0.4042   -4.75   16.72   30.59   13.47    0.51     448
 13.000   24.48   13.44  0.3375   -4.51   15.55   29.75   12.53    0.51     434
 13.500   24.19   12.60  0.3641   -3.42   14.61   28.77   11.90    0.48     417
 14.000   23.35   11.93  0.3594   -3.00   13.20   27.23   11.35    0.47     397
 14.500   22.64   10.94  0.3397   -2.37   12.37   25.98   10.75    0.43     392
 15.000   21.52   10.16  0.3696   -2.00   11.52   24.63    9.85    0.56     382
 15.500   20.64    9.31  0.3928   -1.58   10.22   23.22    8.98    0.54     360
 16.000   19.20    8.72  0.4157   -1.65    9.66   21.68    8.41    0.48     349
 16.500   17.08    7.72  0.3759   -1.65    8.60   19.28    7.53    0.41     341
 17.000   15.26    6.80  0.4042   -1.21    7.79   17.18    6.81    0.52     325
 17.500   13.58    6.40  0.3823   -1.40    6.80   15.38    6.11    0.64     309
 18.000   11.72    5.70  0.3396   -1.56    6.23   13.54    5.27    0.41     288
 18.500   10.32    5.45  0.3859   -1.25    5.75   12.10    4.99    0.38     262
 19.000    9.19    5.49  0.4111   -1.51    5.49   11.16    4.80    0.37     239
 19.500    7.72    5.83  0.3851   -1.47    5.20    9.83    5.10    0.58     221
 20.000    7.03    5.94  0.4248   -1.04    5.03    9.34    4.91    1.03     200
 20.500    6.15    6.16  0.4294   -1.05    4.59    8.87    4.45    1.00     182
 21.000    5.37    6.45  0.4105   -0.86    4.24    8.36    4.41    0.83     162
 21.500    4.82    6.84  0.3881   -1.00    4.38    8.32    4.56    0.83     142
 22.000    4.40    6.86  0.3795   -0.45    4.07    7.95    4.47    0.91     124
 22.500    4.86    6.96  0.4452    0.32    4.04    8.15    4.69    0.71     112
 23.000    4.64    7.65  0.3949    0.25    4.49    8.62    5.05    0.59     106
 23.500    4.50    8.15  0.4377   -0.43    4.31    8.88    5.11    0.45     100
 24.000    4.69    8.61  0.4241   -0.32    3.73    8.96    5.45    0.81      98
 24.500    4.94    8.94  0.4623    0.07    3.93    9.39    5.58    0.87      97
 25.000    5.16    9.21  0.4411    0.27    4.61    9.92    5.80    0.80      95
 25.500    5.38    9.34  0.5006    1.13    4.56   10.31    5.60    0.63      92
 26.000    6.17    9.98  0.4472    1.76    4.66   10.94    6.51    0.81      91
 26.500    7.05   11.10  0.5226    1.50    5.11   12.26    7.06    0.77      90
 27.000    8.40   11.70  0.5552    0.97    4.61   13.14    7.48    0.92      89
 27.500    8.78   11.76  0.6062    0.69    4.31   13.11    7.85    0.97      86
 28.000    9.26   12.32  0.5610    0.93    4.87   13.65    8.64    1.16      85
 28.500    9.27   12.47  0.5540    0.73    5.28   13.98    8.56    1.09      84
 29.000    9.87   13.13  0.6023    0.74    5.57   14.51    9.47    1.15      82
 29.500   10.42   13.18  0.5864    0.94    5.39   14.99    9.29    1.20      79
 30.000   11.07   13.80  0.6086    1.00    5.53   15.49   10.16    1.26      78
     T A B L E  I -  12.  W I N D  S T A T I S T I C A L  P A R A M E T E R S
                                  December
 STATION =   746120     CHINA LAKE NAWS, CA
    Z    MEAN U   SD  U  R(U,V)  MEAN V   SD  V MEAN WS  SD  WS SKEW WS    NOBS
    KM     M/S     M/S             M/S     M/S     M/S     M/S                 
  0.000    0.00    0.00  0.0000    0.00    0.00    0.00    0.00    0.00     100
  0.665    0.11    2.12  0.3120    0.34    2.70    2.23    2.63    2.42     506
  1.000    0.35    2.99  0.2535    0.66    3.91    3.77    3.26    1.88     536
  1.500    1.21    3.42  0.3329   -0.32    4.59    4.68    3.53    1.61     537
  2.000    2.00    4.84  0.4251   -1.42    5.49    6.43    4.26    1.28     537
  2.500    3.66    6.60  0.3718   -1.99    6.37    8.59    5.26    0.86     537
  3.000    5.44    8.06  0.2972   -2.58    7.45   10.82    6.28    0.74     537
  3.500    6.82    8.79  0.2966   -2.72    8.18   12.28    6.89    0.62     537
  4.000    7.80    9.48  0.2887   -3.00    9.12   13.77    7.29    0.52     536
  4.500    8.83   10.24  0.3190   -3.32   10.29   15.41    7.87    0.51     535
  5.000    9.99   10.85  0.3393   -3.49   11.61   17.03    8.62    0.52     534
  5.500   11.06   11.53  0.3614   -3.62   12.88   18.66    9.26    0.54     533
  6.000   12.24   12.32  0.3546   -3.76   13.89   20.24    9.91    0.63     533
  6.500   13.25   13.02  0.3370   -3.92   14.92   21.72   10.54    0.68     519
  7.000   14.10   13.60  0.3354   -4.03   15.82   22.91   11.19    0.68     510
  7.500   14.97   14.41  0.3534   -4.04   16.48   23.96   12.06    0.61     499
  8.000   15.52   14.75  0.3607   -4.43   17.55   25.07   12.53    0.67     472
  8.500   16.59   15.48  0.3766   -4.90   18.41   26.55   13.13    0.66     470
  9.000   17.75   16.27  0.3931   -4.95   19.17   27.92   13.83    0.59     467
  9.500   18.83   16.51  0.4157   -5.11   20.26   29.26   14.39    0.57     436
 10.000   20.21   16.28  0.3926   -5.14   20.57   30.20   14.51    0.56     434
 10.500   21.58   15.76  0.3780   -4.78   20.11   30.61   14.26    0.48     422
 11.000   22.75   15.10  0.3839   -4.23   19.30   31.05   13.07    0.37     405
 11.500   23.20   14.71  0.3844   -3.60   18.26   30.75   12.44    0.36     402
 12.000   23.79   13.99  0.3698   -2.31   16.87   30.06   12.18    0.38     395
 12.500   24.61   12.85  0.3277   -1.27   15.07   29.41   11.57    0.46     373
 13.000   24.69   11.90  0.3099   -0.93   13.90   28.69   11.05    0.48     360
 13.500   24.26   10.88  0.3627   -1.25   12.92   27.71   10.41    0.53     348
 14.000   23.38    9.96  0.4512   -0.36   11.98   26.50    9.33    0.45     319
 14.500   22.73    9.99  0.5046   -0.10   10.88   25.45    9.33    0.42     309
 15.000   21.02    9.85  0.4630   -0.38    9.73   23.43    9.21    0.53     305
 15.500   19.80    8.75  0.4342   -0.28    9.18   21.97    8.40    0.44     289
 16.000   18.40    7.89  0.4727   -0.46    8.63   20.49    7.44    0.60     277
 16.500   16.73    7.26  0.5198    0.14    7.59   18.48    6.98    0.56     263
 17.000   14.77    7.00  0.4163   -0.41    6.80   16.42    6.68    0.82     252
 17.500   12.65    6.39  0.3781   -0.81    6.18   14.30    5.94    0.65     245
 18.000   10.77    6.07  0.3092   -0.46    5.66   12.38    5.64    0.60     231
 18.500    8.88    5.68  0.2201   -0.49    5.31   10.65    5.14    0.77     214
 19.000    7.46    5.48  0.1747   -0.75    4.69    9.35    4.61    1.00     200
 19.500    5.67    5.59  0.1441   -0.94    4.42    8.06    4.34    1.11     181
 20.000    4.27    5.55  0.2094   -0.86    4.28    7.25    3.97    0.96     162
 20.500    3.33    5.74  0.1310   -1.23    3.55    6.54    3.95    1.45     151
 21.000    1.49    5.49  0.3238   -1.43    3.42    6.01    3.18    1.14     139
 21.500   -0.06    6.17  0.2192   -1.62    3.55    6.50    3.28    0.77     125
 22.000   -1.27    6.27  0.1244   -2.10    3.42    6.79    3.30    0.75     110
 22.500   -1.85    6.81  0.2007   -2.08    3.29    7.34    3.30    0.36     103
 23.000   -2.59    7.29  0.1728   -2.41    3.00    7.84    3.58    0.62     100
 23.500   -3.69    7.73  0.2191   -2.25    3.19    8.48    4.03    0.67      98
 24.000   -4.82    8.15  0.1551   -2.73    3.35    9.30    4.64    0.53      94
 24.500   -5.07    8.62  0.0207   -2.78    3.81    9.91    4.86    0.45      89
 25.000   -5.44    8.97  0.0622   -2.86    4.27   10.40    5.23    0.28      85
 25.500   -5.57    9.62  0.1857   -3.42    4.24   11.10    5.42    0.12      83
 26.000   -5.99   10.46  0.0963   -4.08    4.25   12.09    5.74    0.08      82
 26.500   -6.18   10.93  0.0861   -4.09    4.39   12.37    6.27    0.21      78
 27.000   -6.34   11.44  0.0740   -4.39    4.62   12.93    6.58    0.24      78
 27.500   -6.56   12.34  0.1971   -4.37    4.64   13.63    7.00    0.12      77
 28.000   -6.06   13.14  0.3122   -4.34    5.11   14.11    7.30    0.21      77
 28.500   -5.84   13.62  0.3114   -4.10    5.26   14.26    7.67    0.30      73
 29.000   -5.82   13.94  0.3004   -4.29    5.36   14.52    7.91    0.40      71
 29.500   -4.89   15.53  0.4613   -4.27    5.68   15.52    8.51    0.73      69
 30.000   -4.59   16.15  0.4501   -4.66    5.45   15.80    8.99    1.21      67
     T A B L E  I -  13.  W I N D  S T A T I S T I C A L  P A R A M E T E R S
                                    Annual
 STATION =   746120     CHINA LAKE NAWS, CA
    Z    MEAN U   SD  U  R(U,V)  MEAN V   SD  V MEAN WS  SD  WS SKEW WS    NOBS
    KM     M/S     M/S             M/S     M/S     M/S     M/S                 
  0.000    0.00    0.00  0.0000    0.00    0.00    0.00    0.00    0.00     100
  0.665    0.32    2.76  0.1463    1.19    2.69    2.93    2.80    1.82    8009
  1.000    0.35    3.46  0.1593    1.51    3.82    4.34    3.18    1.57    8327
  1.500    0.93    3.37  0.1994    0.81    4.26    4.61    3.12    1.42    8336
  2.000    1.30    4.05  0.2588    0.28    4.83    5.47    3.41    1.32    8336
  2.500    2.08    5.15  0.2200   -0.01    5.57    6.68    4.15    1.26    8336
  3.000    3.10    6.14  0.1477   -0.08    6.36    7.89    5.05    1.22    8335
  3.500    4.10    6.97  0.1112   -0.09    7.20    9.12    5.84    1.17    8325
  4.000    5.03    7.68  0.0938   -0.16    8.16   10.41    6.53    1.10    8320
  4.500    5.99    8.32  0.0853   -0.26    9.13   11.66    7.25    1.05    8316
  5.000    6.99    8.92  0.0841   -0.31    9.87   12.75    7.96    1.06    8290
  5.500    8.00    9.50  0.1020   -0.36   10.58   13.86    8.62    1.03    8279
  6.000    9.00   10.05  0.1085   -0.47   11.20   14.93    9.21    1.04    8269
  6.500    9.94   10.60  0.1059   -0.63   11.83   15.99    9.80    1.02    8121
  7.000   10.82   11.18  0.1085   -0.71   12.51   17.06   10.40    1.00    8074
  7.500   11.71   11.81  0.1164   -0.71   13.23   18.20   11.00    1.00    7999
  8.000   12.65   12.38  0.1287   -0.66   13.99   19.39   11.57    1.00    7722
  8.500   13.60   12.99  0.1369   -0.69   14.74   20.59   12.15    0.98    7670
  9.000   14.58   13.52  0.1484   -0.67   15.43   21.80   12.61    0.92    7605
  9.500   15.67   14.00  0.1619   -0.60   16.14   23.10   13.00    0.85    7221
 10.000   16.77   14.41  0.1690   -0.42   16.73   24.30   13.37    0.80    7068
 10.500   17.77   14.70  0.1747   -0.25   17.01   25.26   13.53    0.78    6955
 11.000   18.73   14.76  0.1732   -0.01   16.99   26.02   13.42    0.77    6606
 11.500   19.70   14.52  0.1643    0.30   16.48   26.43   13.13    0.75    6499
 12.000   20.30   14.01  0.1572    0.64   15.74   26.38   12.69    0.70    6424
 12.500   20.78   13.38  0.1383    1.11   14.68   26.08   12.14    0.67    5957
 13.000   20.81   12.63  0.1261    1.32   13.72   25.50   11.53    0.60    5816
 13.500   20.33   11.79  0.1292    1.42   12.73   24.47   10.86    0.59    5668
 14.000   19.36   11.02  0.1259    1.44   11.60   23.01   10.19    0.58    5348
 14.500   18.20   10.40  0.1238    1.46   10.66   21.51    9.64    0.62    5211
 15.000   16.75    9.88  0.1159    1.36    9.62   19.74    9.13    0.66    5132
 15.500   15.07    9.27  0.0741    1.15    8.70   17.85    8.48    0.68    4858
 16.000   13.14    8.77  0.0481    0.91    7.96   15.86    7.87    0.67    4732
 16.500   11.18    8.15  0.0109    0.92    7.15   13.86    7.19    0.70    4566
 17.000    9.38    7.49 -0.0024    0.64    6.42   12.01    6.49    0.80    4408
 17.500    7.47    7.08 -0.0154    0.39    5.76   10.31    5.78    0.89    4272
 18.000    5.97    6.68 -0.0255    0.33    5.23    9.01    5.17    0.94    4062
 18.500    4.45    6.47 -0.0270    0.13    4.89    8.06    4.62    1.02    3812
 19.000    3.13    6.31 -0.0341   -0.10    4.45    7.22    4.22    1.21    3552
 19.500    1.87    6.19 -0.0345   -0.10    4.14    6.63    3.90    1.31    3302
 20.000    0.80    6.02 -0.0490   -0.21    3.91    6.32    3.56    1.32    2924
 20.500   -0.10    6.00 -0.0395   -0.31    3.65    6.19    3.43    1.34    2654
 21.000   -0.97    6.06 -0.0166   -0.38    3.49    6.24    3.37    1.11    2399
 21.500   -1.71    6.23 -0.0238   -0.54    3.50    6.53    3.43    1.00    2130
 22.000   -2.41    6.30 -0.0015   -0.59    3.39    6.75    3.50    0.87    1945
 22.500   -2.92    6.56  0.0239   -0.56    3.30    7.05    3.66    0.73    1798
 23.000   -3.25    6.85  0.0034   -0.58    3.40    7.38    3.88    0.67    1687
 23.500   -3.49    7.05  0.0572   -0.56    3.33    7.54    4.07    0.55    1585
 24.000   -3.65    7.45  0.0802   -0.57    3.25    7.86    4.26    0.63    1529
 24.500   -3.73    7.74  0.0926   -0.46    3.45    8.14    4.47    0.64    1481
 25.000   -3.83    8.21  0.1254   -0.38    3.62    8.55    4.71    0.59    1427
 25.500   -3.73    8.60  0.1682   -0.20    3.65    8.84    4.84    0.51    1405
 26.000   -3.65    9.16  0.1604   -0.18    3.74    9.20    5.18    0.59    1382
 26.500   -3.47    9.63  0.1937   -0.21    3.92    9.56    5.38    0.75    1360
 27.000   -3.18   10.22  0.2140   -0.21    3.90    9.90    5.65    0.86    1331
 27.500   -2.86   10.73  0.2213   -0.19    4.00   10.30    5.80    0.86    1303
 28.000   -2.60   11.23  0.2212   -0.23    4.13   10.63    6.10    0.92    1278
 28.500   -2.40   11.69  0.2257   -0.15    4.28   10.96    6.38    0.98    1242
 29.000   -2.22   12.36  0.2508   -0.18    4.41   11.48    6.74    1.09    1205
 29.500   -1.86   13.00  0.2661   -0.12    4.64   12.10    6.93    1.04    1169
 30.000   -1.58   13.53  0.2691   -0.13    4.84   12.55    7.20    1.11    1143
