      72381      34.91N  117.88W
     T A B L E  I -   1.  W I N D  S T A T I S T I C A L  P A R A M E T E R S
                                   January
 Station =   72381      Edwards AFB, CA
    Z    MEAN U   SD  U  R(U,V)  MEAN V   SD  V MEAN WS  SD  WS SKEW WS    NOBS
    KM     M/S     M/S             M/S     M/S     M/S     M/S                 
  0.000    0.00    0.00  0.0000    0.00    0.00    0.00    0.00    0.00     100
  0.723    0.65    2.69  0.4239    0.12    2.01    2.61    2.21    1.87     675
  1.000    0.73    5.73  0.3799   -0.54    3.01    5.27    3.97    1.20     705
  1.500    0.08    7.08  0.4241   -1.52    4.43    7.37    4.25    0.63     705
  2.000    0.53    7.83  0.3121   -2.50    5.95    9.07    4.62    0.54     705
  2.500    1.60    8.24  0.2352   -3.07    7.07   10.10    5.30    0.59     705
  3.000    2.99    8.50  0.1841   -3.42    7.39   10.68    5.79    0.65     705
  3.500    4.21    9.16  0.1361   -3.95    8.33   11.99    6.54    0.79     704
  4.000    5.39    9.57  0.1326   -4.23    9.03   12.94    7.26    0.74     704
  4.500    6.25   10.14  0.1375   -4.44    9.74   14.01    7.78    0.81     704
  5.000    7.03   10.74  0.1286   -4.70   10.41   15.06    8.31    0.77     704
  5.500    7.77   11.45  0.1075   -4.99   11.29   16.21    9.01    0.72     703
  6.000    8.61   12.07  0.0945   -5.33   11.98   17.32    9.61    0.69     703
  6.500    9.39   13.07  0.0917   -5.57   12.63   18.53   10.34    0.82     697
  7.000   10.24   13.88  0.1009   -6.00   13.57   19.85   11.11    0.80     695
  7.500   10.88   14.73  0.1238   -6.20   14.44   21.06   11.80    0.83     691
  8.000   11.56   15.59  0.1140   -6.56   15.46   22.36   12.61    0.91     682
  8.500   12.31   16.26  0.1297   -6.93   16.15   23.52   13.09    0.79     682
  9.000   13.17   16.97  0.1370   -7.54   16.78   24.86   13.49    0.73     682
  9.500   14.32   17.82  0.1288   -8.06   17.32   26.25   14.08    0.78     673
 10.000   15.40   18.31  0.1217   -8.34   17.36   27.14   14.38    0.80     671
 10.500   16.48   18.33  0.1364   -8.53   17.32   27.80   14.45    0.71     668
 11.000   17.81   17.97  0.1129   -8.39   16.74   27.91   14.58    0.73     661
 11.500   19.03   17.50  0.0757   -8.07   15.81   27.80   14.59    0.70     656
 12.000   20.11   17.01  0.0408   -7.88   14.79   27.72   14.43    0.79     648
 12.500   20.74   16.06  0.0333   -7.44   14.15   27.26   14.16    0.80     637
 13.000   20.19   14.55  0.0516   -6.94   13.27   25.97   13.10    0.80     632
 13.500   19.67   13.16  0.0565   -6.67   12.27   24.66   12.17    0.71     626
 14.000   19.05   12.64  0.0592   -6.20   11.97   23.90   11.56    0.73     615
 14.500   18.73   11.85  0.1086   -6.03   11.22   23.13   10.95    0.78     608
 15.000   17.65   11.39  0.1116   -5.61   10.24   21.86   10.03    0.71     592
 15.500   16.71   10.78  0.1226   -4.99    9.34   20.52    9.34    0.89     574
 16.000   15.78   10.17  0.1258   -4.82    8.72   19.31    8.94    0.79     533
 16.500   14.31    9.58  0.0626   -5.10    7.86   17.73    8.40    0.82     495
 17.000   12.68    8.73  0.0341   -4.49    7.33   15.92    7.64    0.82     473
 17.500   11.21    7.94  0.0376   -4.51    6.24   14.25    6.81    0.79     430
 18.000    9.58    7.55  0.0701   -4.23    5.75   12.53    6.54    1.00     398
 18.500    8.14    7.24  0.0839   -3.68    5.09   11.07    6.05    1.16     363
 19.000    6.45    6.67  0.1106   -3.60    4.87    9.76    5.32    0.82     314
 19.500    4.98    6.77 -0.0159   -3.86    4.21    8.65    5.34    1.13     290
 20.000    3.80    6.34 -0.0844   -3.80    3.61    7.74    4.81    1.16     234
 20.500    2.44    6.98 -0.0896   -3.22    3.46    7.30    4.97    1.69     202
 21.000    1.04    6.54 -0.0041   -3.18    3.39    6.87    4.29    1.59     177
 21.500    0.57    6.68 -0.0012   -3.51    3.40    7.19    4.18    1.50     154
 22.000   -0.05    7.16 -0.0155   -3.51    3.21    7.30    4.55    1.61     142
 22.500   -0.60    7.61  0.0875   -3.48    3.32    7.59    4.91    1.26     135
 23.000   -1.12    8.45  0.1478   -3.19    3.63    8.11    5.53    1.16     125
 23.500   -1.26    8.63  0.1355   -3.06    3.92    8.31    5.65    1.24     118
 24.000   -1.63    8.79  0.2704   -2.64    4.02    8.44    5.68    1.51     117
 24.500   -1.58    9.06  0.2783   -2.68    4.27    8.83    5.70    1.51     114
 25.000   -1.50    9.47  0.2742   -2.49    4.51    9.16    5.86    1.27     109
 25.500   -0.72   10.43  0.2916   -2.58    4.62    9.76    6.49    1.39     104
 26.000   -0.32   11.02  0.3454   -2.70    5.06   10.37    6.82    1.30     101
 26.500    0.59   12.08  0.2595   -3.27    5.51   11.45    7.44    1.10      96
 27.000    1.26   13.05  0.3130   -2.74    5.88   12.07    8.23    1.07      92
 27.500    1.68   13.84  0.3543   -2.70    6.53   12.64    9.13    1.24      90
 28.000    2.71   14.92  0.3463   -2.63    6.51   13.39    9.95    1.23      88
 28.500    4.86   14.71  0.3443   -2.30    6.42   13.59   10.04    1.15      77
 29.000    7.22   15.27  0.4486   -2.10    6.10   14.50   10.72    1.15      70
 29.500    7.86   15.55  0.5866   -2.13    7.11   15.50   10.82    1.10      66
 30.000   11.11   16.08  0.6353   -1.49    8.11   17.63   11.71    0.89      55
     T A B L E  I -   2.  W I N D  S T A T I S T I C A L  P A R A M E T E R S
                                  February
 Station =   72381      Edwards AFB, CA
    Z    MEAN U   SD  U  R(U,V)  MEAN V   SD  V MEAN WS  SD  WS SKEW WS    NOBS
    KM     M/S     M/S             M/S     M/S     M/S     M/S                 
  0.000    0.00    0.00  0.0000    0.00    0.00    0.00    0.00    0.00     100
  0.723    1.49    3.09  0.4241    0.36    2.52    3.36    2.63    1.28     864
  1.000    2.28    6.20  0.3719   -0.11    3.65    6.29    4.25    0.77     887
  1.500    1.45    6.94  0.3774   -0.70    4.77    7.42    4.32    0.69     887
  2.000    1.51    7.27  0.3188   -1.09    5.83    8.31    4.64    0.70     887
  2.500    2.84    7.79  0.2403   -1.49    6.89    9.51    5.35    0.72     887
  3.000    4.70    8.15  0.1887   -1.82    7.75   10.73    6.11    0.75     887
  3.500    6.15    8.68  0.1710   -2.02    8.50   11.95    6.84    0.87     887
  4.000    7.33    9.23  0.1710   -2.37    9.33   13.30    7.42    0.78     884
  4.500    8.50    9.73  0.1774   -2.59   10.04   14.63    7.80    0.74     884
  5.000    9.77   10.46  0.1462   -2.75   11.00   16.04    8.77    0.76     881
  5.500   10.93   11.16  0.1522   -3.03   11.69   17.37    9.40    0.80     881
  6.000   11.86   11.94  0.1620   -3.26   12.42   18.69    9.96    0.74     880
  6.500   12.97   12.67  0.1721   -3.59   13.30   20.06   10.79    0.79     878
  7.000   14.03   13.58  0.1720   -3.84   14.30   21.44   11.85    0.94     875
  7.500   14.96   13.90  0.2097   -4.21   15.13   22.73   12.17    0.70     871
  8.000   15.96   14.65  0.1972   -4.48   15.83   23.95   12.93    0.90     861
  8.500   17.00   15.10  0.1864   -4.61   16.58   25.25   13.28    0.94     860
  9.000   18.10   15.50  0.2353   -4.47   17.11   26.54   13.30    0.77     856
  9.500   19.70   16.03  0.2390   -4.51   17.50   27.99   13.77    0.72     834
 10.000   21.28   16.67  0.2060   -4.84   18.03   29.52   14.50    0.68     825
 10.500   22.68   16.87  0.2013   -4.98   18.06   30.62   14.72    0.66     825
 11.000   23.67   16.85  0.2085   -4.99   17.80   31.07   14.99    0.75     810
 11.500   24.88   16.44  0.2185   -4.60   17.10   31.41   14.91    0.79     803
 12.000   25.49   15.47  0.2356   -4.22   15.91   31.12   14.10    0.80     789
 12.500   25.28   14.05  0.2055   -4.09   14.34   29.99   12.89    0.75     760
 13.000   24.79   12.65  0.2177   -3.64   13.15   28.81   11.80    0.76     756
 13.500   24.09   11.64  0.2396   -3.33   12.07   27.61   10.88    0.76     747
 14.000   23.48   11.01  0.2175   -3.09   11.46   26.64   10.60    0.66     730
 14.500   22.28   10.33  0.1831   -2.65   10.70   25.20    9.95    0.62     721
 15.000   21.14    9.71  0.1772   -2.40   10.05   23.85    9.40    0.56     709
 15.500   19.75    8.95  0.2038   -2.12    9.23   22.25    8.59    0.48     689
 16.000   18.23    8.53  0.2505   -2.07    8.61   20.67    8.15    0.56     659
 16.500   16.60    7.77  0.2950   -2.01    7.83   18.81    7.56    0.67     601
 17.000   15.16    7.68  0.3097   -1.88    7.22   17.33    7.34    0.74     576
 17.500   13.33    7.35  0.2986   -1.88    6.40   15.45    6.93    0.93     515
 18.000   11.32    7.29  0.2466   -1.85    5.68   13.32    7.00    0.95     457
 18.500    9.47    7.18  0.1626   -1.79    5.69   11.85    6.78    1.12     414
 19.000    7.61    6.96  0.1898   -1.73    5.37   10.35    6.35    1.24     361
 19.500    5.68    6.91  0.1495   -1.60    5.21    8.98    5.99    1.16     332
 20.000    4.09    6.77  0.1464   -1.78    4.72    8.16    5.24    1.32     284
 20.500    2.75    7.17  0.0936   -1.68    4.22    7.61    5.18    1.49     226
 21.000    1.71    6.86  0.0674   -1.81    3.77    6.96    4.76    1.56     209
 21.500    0.41    6.91  0.0012   -1.81    3.55    6.81    4.43    1.47     192
 22.000   -0.63    7.01  0.0446   -1.71    3.37    6.70    4.53    1.41     174
 22.500   -1.21    7.44  0.0938   -1.84    3.48    7.24    4.63    1.67     163
 23.000   -1.98    7.70 -0.1009   -1.43    3.83    7.73    4.78    1.43     152
 23.500   -2.62    7.53 -0.1635   -1.62    3.50    7.87    4.17    0.66     141
 24.000   -2.69    7.55 -0.1241   -1.25    3.18    7.65    4.25    0.63     130
 24.500   -2.20    8.26 -0.2915   -1.40    3.32    8.14    4.47    0.72     119
 25.000   -2.12    9.13 -0.2053   -0.92    3.41    8.70    4.91    1.13     111
 25.500   -1.70    9.90 -0.1788   -0.62    3.27    8.98    5.57    1.33     103
 26.000   -1.89   10.63 -0.2222   -1.35    3.48    9.89    5.68    0.96      96
 26.500   -2.40   10.58 -0.2156   -1.48    3.63    9.97    5.73    0.89      89
 27.000   -2.68   10.60 -0.1183   -1.42    3.28   10.08    5.49    0.72      86
 27.500   -2.44   10.75  0.0388   -0.86    3.67   10.30    5.37    0.96      77
 28.000   -2.56   11.42  0.1651   -1.18    4.64   11.03    6.09    1.33      75
 28.500   -2.12   12.73  0.1809   -1.51    4.32   11.53    7.30    1.48      69
 29.000   -2.11   14.53  0.1706   -1.28    4.88   13.03    8.31    1.39      63
 29.500   -2.13   14.98  0.1124   -0.83    4.76   13.53    8.16    1.11      61
 30.000   -1.18   14.86  0.2884    0.10    4.07   13.32    7.66    0.83      55
     T A B L E  I -   3.  W I N D  S T A T I S T I C A L  P A R A M E T E R S
                                     March
 Station =   72381      Edwards AFB, CA
    Z    MEAN U   SD  U  R(U,V)  MEAN V   SD  V MEAN WS  SD  WS SKEW WS    NOBS
    KM     M/S     M/S             M/S     M/S     M/S     M/S                 
  0.000    0.00    0.00  0.0000    0.00    0.00    0.00    0.00    0.00     100
  0.723    2.08    3.25  0.4264    0.89    2.48    3.77    2.75    0.93    1013
  1.000    3.51    5.99  0.3601    0.12    3.59    6.58    4.30    0.64    1039
  1.500    2.37    6.67  0.3676   -0.60    4.42    7.31    4.08    0.63    1039
  2.000    2.07    7.03  0.2520   -0.83    5.16    8.00    4.20    0.67    1039
  2.500    3.15    7.27  0.1848   -1.11    5.84    8.73    4.71    0.88    1039
  3.000    4.68    7.27  0.1856   -1.41    6.59    9.63    5.27    0.93    1039
  3.500    6.12    7.60  0.2113   -1.59    7.41   10.83    5.96    0.88    1037
  4.000    7.38    8.03  0.2374   -1.71    8.39   12.15    6.68    0.85    1036
  4.500    8.58    8.69  0.2211   -1.97    9.46   13.68    7.46    0.82    1034
  5.000    9.80    9.30  0.2019   -2.02   10.27   15.09    8.07    0.79    1032
  5.500   11.04   10.03  0.1881   -2.17   10.99   16.48    8.75    0.86    1031
  6.000   12.08   10.71  0.1910   -2.19   11.62   17.67    9.41    0.93    1030
  6.500   13.27   11.47  0.2136   -2.24   12.52   19.20   10.12    0.92    1019
  7.000   14.29   12.10  0.2147   -2.26   13.45   20.50   10.83    0.91    1017
  7.500   15.26   12.71  0.2278   -2.50   14.12   21.75   11.28    0.89    1017
  8.000   16.42   13.55  0.2472   -2.64   14.89   23.21   11.99    0.82    1004
  8.500   17.71   14.23  0.2574   -2.71   15.74   24.73   12.63    0.81    1002
  9.000   18.90   14.82  0.2576   -2.96   16.32   26.05   13.17    0.84    1002
  9.500   19.95   15.33  0.2659   -3.18   16.93   27.27   13.65    0.79     991
 10.000   21.25   15.67  0.2865   -3.45   17.29   28.46   14.09    0.75     988
 10.500   22.48   15.83  0.2902   -3.77   17.54   29.51   14.42    0.73     986
 11.000   23.69   16.04  0.2674   -3.84   17.40   30.33   14.69    0.76     979
 11.500   24.77   15.81  0.2500   -3.84   17.00   30.91   14.60    0.82     976
 12.000   25.21   15.03  0.2808   -3.52   15.98   30.65   13.83    0.83     967
 12.500   25.45   14.20  0.2813   -2.87   14.85   30.01   13.32    0.91     951
 13.000   25.19   13.06  0.2922   -2.38   13.75   29.16   12.29    0.99     945
 13.500   24.53   11.69  0.2740   -2.13   12.66   28.07   10.80    0.67     927
 14.000   23.90   11.07  0.2829   -1.71   11.95   27.07   10.34    0.65     907
 14.500   22.75   10.82  0.3009   -1.52   11.14   25.70   10.10    0.75     876
 15.000   21.58   10.36  0.2950   -1.17   10.17   24.25    9.52    0.73     861
 15.500   20.53    9.82  0.2955   -1.25    9.47   23.06    8.86    0.73     845
 16.000   18.97    9.20  0.2537   -1.19    8.77   21.32    8.35    0.81     804
 16.500   17.23    8.61  0.2239   -0.57    8.08   19.36    7.89    0.87     753
 17.000   15.55    8.09  0.1882   -0.65    7.23   17.47    7.46    0.83     740
 17.500   13.42    7.41  0.1726   -0.58    6.65   15.34    6.74    0.96     693
 18.000   11.44    6.94  0.1132   -0.33    6.09   13.22    6.47    1.01     635
 18.500    9.40    6.19  0.2329   -0.43    5.51   11.17    5.77    0.80     582
 19.000    7.59    5.79  0.1999   -0.69    4.88    9.46    5.16    0.88     492
 19.500    5.90    5.51  0.1889   -0.95    4.47    8.02    4.65    0.85     457
 20.000    4.46    5.46  0.1272   -0.83    3.94    6.98    4.23    1.05     398
 20.500    3.23    5.54  0.2133   -0.57    3.85    6.39    4.01    1.40     348
 21.000    2.34    5.50  0.1843   -0.68    3.57    5.99    3.63    1.13     316
 21.500    1.09    5.21  0.0866   -0.85    3.34    5.48    3.27    1.05     289
 22.000    0.40    5.41  0.1386   -0.72    3.19    5.42    3.31    1.06     269
 22.500   -0.04    5.84  0.1429   -0.62    3.00    5.53    3.60    1.11     254
 23.000   -0.58    5.89  0.1208   -0.53    2.73    5.62    3.43    1.38     237
 23.500   -1.12    6.17  0.1169   -0.57    2.85    5.88    3.67    1.32     214
 24.000   -1.17    6.31  0.0760   -0.52    2.84    5.92    3.81    1.36     207
 24.500   -0.80    6.46  0.0413   -0.72    2.91    6.21    3.64    0.78     195
 25.000   -0.95    6.76  0.0409   -0.94    3.03    6.52    3.74    0.66     187
 25.500   -0.87    6.93  0.0624   -0.96    2.99    6.59    3.90    0.85     181
 26.000   -0.98    7.15  0.1201   -1.10    2.95    6.71    4.12    0.98     175
 26.500   -0.73    7.40  0.0735   -1.07    2.98    6.91    4.17    0.80     173
 27.000   -0.49    7.89  0.1062   -0.95    3.41    7.45    4.41    0.82     159
 27.500   -0.10    8.02  0.0882   -0.96    3.54    7.59    4.49    0.87     147
 28.000    0.46    8.34  0.0942   -1.01    3.84    8.02    4.58    0.81     139
 28.500    0.76    8.93  0.0976   -1.13    3.60    8.32    5.03    0.82     128
 29.000    1.24    9.43  0.0286   -0.71    3.62    8.73    5.24    0.80     112
 29.500    1.84   10.13 -0.0301   -0.89    3.64    9.27    5.81    0.84     103
 30.000    4.78   11.24  0.0308   -1.12    4.20   10.25    7.93    1.59      81
     T A B L E  I -   4.  W I N D  S T A T I S T I C A L  P A R A M E T E R S
                                     April
 Station =   72381      Edwards AFB, CA
    Z    MEAN U   SD  U  R(U,V)  MEAN V   SD  V MEAN WS  SD  WS SKEW WS    NOBS
    KM     M/S     M/S             M/S     M/S     M/S     M/S                 
  0.000    0.00    0.00  0.0000    0.00    0.00    0.00    0.00    0.00     100
  0.723    2.64    3.41  0.2358    0.91    2.74    4.28    2.94    0.84     931
  1.000    4.61    5.96  0.1691   -0.44    3.71    7.19    4.46    0.46     938
  1.500    3.48    6.15  0.2488   -0.96    4.40    7.22    4.28    0.69     938
  2.000    2.94    6.35  0.2219   -1.09    5.07    7.58    4.34    0.87     938
  2.500    3.11    6.74  0.2004   -1.42    5.74    8.24    4.73    0.86     937
  3.000    4.14    7.14  0.1573   -1.90    6.49    9.27    5.31    0.84     937
  3.500    5.47    7.51  0.1369   -2.35    7.23   10.47    5.88    0.80     936
  4.000    6.83    8.10  0.1478   -2.88    8.41   12.09    6.72    0.68     935
  4.500    8.27    8.56  0.1481   -3.26    9.38   13.58    7.50    0.66     935
  5.000    9.58    9.03  0.1311   -3.48   10.17   14.91    8.19    0.71     935
  5.500   10.71    9.63  0.1278   -3.71   10.87   16.20    8.76    0.75     934
  6.000   11.83   10.33  0.1169   -3.89   11.75   17.65    9.41    0.80     934
  6.500   12.84   10.95  0.0981   -4.12   12.45   18.88   10.03    0.79     924
  7.000   13.86   11.56  0.0996   -4.28   13.19   20.18   10.52    0.74     923
  7.500   14.81   12.11  0.1217   -4.54   13.96   21.50   10.94    0.74     920
  8.000   15.82   12.73  0.1615   -4.85   14.78   22.86   11.50    0.72     899
  8.500   16.75   13.37  0.1915   -4.95   15.42   24.03   12.00    0.68     898
  9.000   17.65   13.70  0.2192   -5.06   15.94   25.06   12.30    0.66     895
  9.500   18.61   14.08  0.2449   -5.25   16.25   26.04   12.57    0.58     889
 10.000   19.68   14.37  0.2591   -5.60   16.67   27.14   12.91    0.50     889
 10.500   20.72   14.45  0.2718   -5.61   16.80   27.95   13.06    0.40     887
 11.000   21.63   14.34  0.2850   -5.60   16.48   28.41   13.02    0.35     875
 11.500   22.59   14.05  0.3049   -5.10   15.77   28.70   12.64    0.36     870
 12.000   23.39   13.65  0.3215   -4.50   15.08   28.84   12.27    0.41     868
 12.500   23.68   12.84  0.3370   -3.76   14.17   28.33   11.74    0.51     850
 13.000   23.52   11.91  0.3141   -3.30   13.12   27.50   11.11    0.53     841
 13.500   23.08   10.99  0.2724   -2.79   12.09   26.47   10.39    0.55     823
 14.000   22.46   10.23  0.2740   -2.06   11.19   25.39    9.69    0.46     801
 14.500   21.84    9.77  0.2914   -1.90   10.12   24.41    9.18    0.64     779
 15.000   20.75    9.21  0.2985   -1.82    9.40   23.08    8.70    0.59     768
 15.500   19.54    8.73  0.2886   -1.62    8.94   21.77    8.20    0.46     747
 16.000   18.27    8.17  0.2584   -1.33    7.91   20.17    7.71    0.48     704
 16.500   16.78    7.68  0.1967   -1.05    7.33   18.55    7.21    0.45     671
 17.000   15.07    7.04  0.2184   -1.09    6.65   16.76    6.51    0.54     652
 17.500   13.15    6.61  0.2349   -1.05    5.76   14.65    6.13    0.65     622
 18.000   11.50    6.60  0.1740   -0.81    5.36   12.90    6.24    0.86     584
 18.500    9.92    6.15  0.1849   -0.65    4.98   11.38    5.75    0.88     555
 19.000    8.53    5.98  0.2107   -0.57    4.48   10.00    5.49    0.93     497
 19.500    6.92    6.07  0.1880   -0.73    4.06    8.53    5.39    1.43     455
 20.000    5.64    5.74  0.1865   -0.47    3.72    7.51    4.84    1.30     381
 20.500    4.37    5.53  0.1866   -0.74    3.57    6.52    4.60    1.45     312
 21.000    3.66    5.58  0.2070   -0.61    3.37    5.97    4.56    1.82     284
 21.500    3.12    5.57  0.1551   -0.73    3.41    5.82    4.44    1.89     248
 22.000    3.01    5.64  0.0595   -0.64    3.35    5.75    4.50    1.77     221
 22.500    2.93    5.70  0.1024   -0.86    3.26    5.78    4.43    1.66     209
 23.000    2.77    5.70  0.1511   -0.93    3.10    5.63    4.41    1.72     199
 23.500    2.75    5.77  0.0923   -0.60    3.00    5.56    4.41    1.68     194
 24.000    3.00    5.72  0.0177   -0.44    2.85    5.57    4.39    1.62     191
 24.500    3.36    5.74 -0.0659   -0.85    2.93    5.96    4.28    1.79     178
 25.000    4.02    6.03 -0.0614   -0.81    3.49    6.70    4.52    1.70     173
 25.500    4.97    6.41 -0.0896   -0.85    3.37    7.24    5.07    1.72     169
 26.000    5.68    6.68 -0.1584   -1.10    2.96    7.63    5.39    1.76     160
 26.500    6.20    6.75 -0.1826   -1.02    3.22    8.08    5.48    1.80     158
 27.000    7.01    7.01 -0.2028   -0.93    3.22    8.74    5.77    1.70     148
 27.500    7.79    7.60 -0.2001   -0.66    3.53    9.68    6.15    1.55     137
 28.000    8.52    8.08 -0.2767   -0.41    3.96   10.61    6.40    1.51     132
 28.500   10.04    8.33 -0.2404   -0.64    3.87   11.69    6.99    1.21     119
 29.000   11.22    9.29 -0.1922   -0.74    3.94   12.93    7.82    0.99     105
 29.500   12.15    9.93 -0.3753   -0.67    3.68   13.84    8.28    0.84      93
 30.000   12.24   10.24 -0.1855   -0.12    3.80   13.99    8.57    0.70      76
     T A B L E  I -   5.  W I N D  S T A T I S T I C A L  P A R A M E T E R S
                                       May
 Station =   72381      Edwards AFB, CA
    Z    MEAN U   SD  U  R(U,V)  MEAN V   SD  V MEAN WS  SD  WS SKEW WS    NOBS
    KM     M/S     M/S             M/S     M/S     M/S     M/S                 
  0.000    0.00    0.00  0.0000    0.00    0.00    0.00    0.00    0.00     100
  0.723    2.89    3.04  0.1991    1.72    2.72    4.53    2.73    0.57     792
  1.000    5.74    5.40  0.2264    0.05    3.46    7.49    4.34    0.30     796
  1.500    4.20    5.44  0.2816   -0.87    4.00    6.94    4.01    0.59     796
  2.000    3.46    5.72  0.2807   -0.65    4.69    7.18    3.99    0.61     796
  2.500    3.43    6.22  0.1836   -0.32    5.32    7.72    4.43    0.95     796
  3.000    4.03    6.82  0.0778   -0.09    6.03    8.60    5.03    1.00     796
  3.500    5.09    7.34  0.0616   -0.07    6.78    9.67    5.70    1.05     793
  4.000    6.07    7.78  0.0793   -0.24    7.48   10.73    6.20    0.96     792
  4.500    7.01    8.35  0.0910   -0.28    8.06   11.80    6.71    0.77     791
  5.000    7.89    8.90  0.1110   -0.33    8.90   13.01    7.22    0.77     783
  5.500    8.83    9.53  0.1229   -0.62    9.73   14.13    8.01    0.90     779
  6.000    9.84   10.20  0.1353   -0.85   10.50   15.37    8.72    0.99     779
  6.500   10.96   10.74  0.1344   -0.94   11.39   16.76    9.23    0.98     756
  7.000   11.99   11.40  0.1366   -1.11   12.11   17.95    9.96    0.89     754
  7.500   12.70   12.06  0.1541   -1.16   12.75   19.00   10.50    0.93     751
  8.000   13.46   12.70  0.1820   -1.32   13.69   20.20   11.11    0.93     737
  8.500   14.29   13.43  0.2114   -1.47   14.56   21.47   11.73    0.86     731
  9.000   15.10   14.06  0.2370   -1.70   15.40   22.71   12.24    0.70     726
  9.500   15.92   14.64  0.2594   -1.80   15.99   23.78   12.69    0.62     719
 10.000   16.67   15.22  0.2797   -1.67   16.49   24.76   13.08    0.57     716
 10.500   17.24   15.70  0.2767   -1.64   16.59   25.42   13.24    0.51     713
 11.000   17.93   15.94  0.2594   -1.50   16.37   25.88   13.26    0.51     707
 11.500   18.61   15.77  0.2596   -1.38   16.22   26.24   13.10    0.51     701
 12.000   18.86   15.42  0.2786   -1.12   15.86   26.14   12.78    0.54     696
 12.500   19.05   14.78  0.2939   -0.65   14.94   25.60   12.22    0.58     681
 13.000   19.07   13.80  0.3046    0.12   13.18   24.40   11.53    0.55     675
 13.500   18.75   12.30  0.2967    0.58   11.83   23.10   10.52    0.52     656
 14.000   17.92   11.02  0.2751    0.70   10.54   21.54    9.50    0.37     648
 14.500   16.73   10.10  0.2900    0.86    9.45   19.90    8.80    0.38     642
 15.000   15.74    9.40  0.3285    1.23    8.57   18.53    8.29    0.48     640
 15.500   14.30    9.11  0.2904    1.50    7.55   16.91    7.83    0.72     629
 16.000   13.15    8.14  0.2974    1.47    6.87   15.43    7.18    0.63     618
 16.500   11.75    7.60  0.2869    1.46    6.19   13.84    6.73    0.71     605
 17.000    9.83    6.75  0.2452    1.53    5.84   12.07    5.83    0.71     591
 17.500    7.97    5.99  0.2114    1.39    5.29   10.18    5.18    0.88     560
 18.000    6.14    5.44  0.1773    1.21    4.77    8.37    4.64    0.86     526
 18.500    4.39    5.02  0.1480    0.95    4.22    7.02    3.88    0.81     496
 19.000    2.87    4.50  0.1205    0.63    3.48    5.68    3.18    1.12     439
 19.500    1.48    4.13  0.1334    0.47    3.42    4.88    2.72    0.96     408
 20.000    0.47    3.97  0.0852    0.45    2.93    4.43    2.50    1.36     349
 20.500   -0.39    3.62  0.2363    0.25    2.92    4.21    2.21    0.73     299
 21.000   -1.29    3.93  0.1392   -0.01    2.97    4.40    2.64    1.35     268
 21.500   -1.88    3.44  0.2100    0.15    2.69    4.23    2.36    0.93     227
 22.000   -1.98    3.37  0.1705    0.21    2.60    4.12    2.36    0.83     210
 22.500   -2.20    3.48  0.2625    0.21    2.58    4.21    2.55    1.03     202
 23.000   -2.17    3.64  0.2543    0.26    2.61    4.34    2.58    1.13     190
 23.500   -2.17    3.72  0.2216    0.22    2.80    4.39    2.70    1.19     180
 24.000   -2.04    4.13  0.3283    0.02    2.93    4.65    2.93    1.30     173
 24.500   -1.84    4.26  0.2534    0.17    3.02    4.79    2.87    1.21     167
 25.000   -1.55    4.59  0.2523    0.23    3.10    4.94    2.93    0.99     153
 25.500   -0.99    4.88  0.3173    0.24    2.99    5.08    2.93    0.68     145
 26.000   -0.31    5.35  0.2363    0.24    3.03    5.37    3.09    0.62     141
 26.500   -0.01    5.96  0.2203    0.15    3.16    5.84    3.35    0.62     139
 27.000    0.16    6.46  0.1564   -0.07    3.11    6.27    3.58    0.59     133
 27.500   -0.02    7.04 -0.0879   -0.49    3.00    6.66    3.81    0.56     122
 28.000    0.33    7.20 -0.1950   -0.34    3.06    6.89    3.70    0.60     118
 28.500    0.19    7.21 -0.2067   -0.22    3.22    6.96    3.74    0.63     104
 29.000    0.48    7.20 -0.1812   -0.49    3.24    6.92    3.85    0.68      95
 29.500    0.65    7.75 -0.0512   -0.68    3.48    7.49    4.09    0.58      89
 30.000    0.75    7.79 -0.0617   -0.76    3.55    7.69    3.92    0.36      77
     T A B L E  I -   6.  W I N D  S T A T I S T I C A L  P A R A M E T E R S
                                      June
 Station =   72381      Edwards AFB, CA
    Z    MEAN U   SD  U  R(U,V)  MEAN V   SD  V MEAN WS  SD  WS SKEW WS    NOBS
    KM     M/S     M/S             M/S     M/S     M/S     M/S                 
  0.000    0.00    0.00  0.0000    0.00    0.00    0.00    0.00    0.00     100
  0.723    2.71    3.06  0.2772    2.09    2.46    4.47    2.68    0.78     796
  1.000    5.87    5.22  0.1775    0.44    3.02    7.30    4.31    0.40     799
  1.500    4.54    4.85  0.2723   -0.39    3.50    6.62    3.61    0.46     799
  2.000    3.33    5.06  0.2234    0.05    4.23    6.59    3.39    0.40     799
  2.500    2.99    5.33  0.1298    0.79    4.58    6.87    3.49    0.81     799
  3.000    3.14    5.67  0.0549    1.27    5.15    7.39    3.98    0.99     799
  3.500    3.65    6.11  0.0558    1.49    5.62    7.97    4.59    0.90     798
  4.000    4.55    6.46  0.0967    1.70    6.19    8.65    5.39    1.16     798
  4.500    5.31    6.76  0.0712    2.00    7.00    9.58    5.96    1.08     798
  5.000    6.28    6.96  0.0586    2.11    7.68   10.43    6.56    1.10     797
  5.500    7.19    7.35  0.0658    2.15    8.35   11.31    7.21    1.09     796
  6.000    8.15    7.62  0.0860    2.17    8.94   12.27    7.68    1.13     796
  6.500    9.13    8.12  0.1068    2.25    9.50   13.28    8.29    1.16     789
  7.000    9.99    8.60  0.1341    2.40   10.05   14.20    8.87    1.14     787
  7.500   10.78    8.99  0.1876    2.68   10.69   15.18    9.41    1.13     785
  8.000   11.61    9.38  0.1914    3.01   11.32   16.18    9.90    1.09     764
  8.500   12.36    9.79  0.2044    3.14   11.93   17.10   10.43    1.05     763
  9.000   13.26   10.32  0.2543    3.19   12.59   18.13   11.08    1.04     763
  9.500   14.07   10.83  0.2843    3.43   13.04   19.13   11.45    0.95     752
 10.000   14.97   11.23  0.3126    3.66   13.43   20.21   11.65    0.87     749
 10.500   15.86   11.43  0.3169    3.79   13.72   21.13   11.77    0.70     747
 11.000   16.64   11.79  0.3320    4.02   14.10   22.03   12.05    0.67     735
 11.500   17.54   12.03  0.3703    4.32   14.15   22.89   12.15    0.63     733
 12.000   18.20   11.90  0.3857    4.56   14.00   23.42   11.91    0.54     730
 12.500   18.80   11.66  0.4045    4.70   13.72   23.77   11.59    0.52     714
 13.000   18.94   11.31  0.4055    4.82   13.08   23.60   11.16    0.56     709
 13.500   18.56   10.47  0.3862    4.84   12.13   22.78   10.33    0.63     694
 14.000   18.16    9.56  0.3672    4.91   11.21   21.96    9.42    0.62     679
 14.500   16.85    8.65  0.3744    4.58   10.16   20.33    8.44    0.56     666
 15.000   15.06    7.85  0.3429    4.22    8.83   18.10    7.59    0.54     658
 15.500   13.27    7.05  0.2807    3.79    8.03   16.13    6.73    0.53     649
 16.000   11.04    6.32  0.2483    3.47    6.89   13.73    5.86    0.41     630
 16.500    8.77    5.92  0.1618    3.12    6.12   11.53    5.17    0.66     613
 17.000    6.59    5.33  0.1511    2.64    5.54    9.44    4.63    1.05     600
 17.500    4.33    4.73  0.1891    2.11    4.80    7.35    4.06    1.27     580
 18.000    2.39    4.28  0.1185    1.64    4.34    5.92    3.31    1.09     555
 18.500    0.39    4.00  0.0965    1.27    3.54    5.01    2.65    0.85     510
 19.000   -1.15    3.65  0.0592    1.17    3.23    4.70    2.47    1.05     443
 19.500   -2.29    3.68  0.1418    0.98    3.26    4.77    2.78    0.99     430
 20.000   -3.52    3.13  0.0614    0.85    2.82    5.14    2.42    0.43     375
 20.500   -4.41    3.11  0.0524    0.68    2.71    5.54    2.63    0.58     311
 21.000   -5.13    2.94  0.0186    0.85    2.47    5.97    2.55    0.45     287
 21.500   -5.98    2.95  0.1289    0.82    2.50    6.69    2.70    0.50     251
 22.000   -6.38    3.32  0.0429    0.63    2.45    7.04    2.98    0.45     235
 22.500   -6.96    3.34  0.0202    0.25    2.80    7.59    3.17    0.31     223
 23.000   -7.54    3.68  0.0711    0.19    2.68    8.10    3.52    0.67     206
 23.500   -7.82    3.62 -0.0525    0.39    2.59    8.29    3.55    0.20     192
 24.000   -8.25    3.63 -0.1170    0.41    2.67    8.70    3.64    0.24     182
 24.500   -8.53    3.68 -0.2144    0.52    2.52    8.95    3.64    0.09     175
 25.000   -8.68    3.74 -0.2298    0.71    2.49    9.08    3.68    0.32     165
 25.500   -9.10    3.90 -0.1528    0.62    2.65    9.58    3.78    0.43     161
 26.000   -9.32    3.97 -0.1819    0.81    2.51    9.75    3.85    0.45     153
 26.500   -9.56    4.11 -0.2017    0.71    2.74    9.99    4.07    0.40     152
 27.000   -9.96    4.21 -0.2617    0.75    2.64   10.38    4.16    0.46     143
 27.500  -10.34    4.50 -0.2754    0.76    2.47   10.71    4.42    0.41     131
 28.000  -10.65    4.77 -0.3276    0.73    2.70   11.12    4.53    0.15     130
 28.500  -10.75    4.72 -0.2344    0.39    2.94   11.35    4.27    0.09     123
 29.000  -11.01    4.60 -0.2035    0.14    3.09   11.54    4.34    0.06     110
 29.500  -11.09    4.62 -0.1335    0.28    3.14   11.58    4.54    0.09     106
 30.000  -11.23    4.75 -0.2305    0.27    3.09   11.67    4.75    0.36      91
     T A B L E  I -   7.  W I N D  S T A T I S T I C A L  P A R A M E T E R S
                                      July
 Station =   72381      Edwards AFB, CA
    Z    MEAN U   SD  U  R(U,V)  MEAN V   SD  V MEAN WS  SD  WS SKEW WS    NOBS
    KM     M/S     M/S             M/S     M/S     M/S     M/S                 
  0.000    0.00    0.00  0.0000    0.00    0.00    0.00    0.00    0.00     100
  0.723    2.64    2.59  0.3211    2.32    2.18    4.21    2.46    0.79     839
  1.000    5.96    4.30  0.1768    1.22    2.66    7.03    3.74    0.23     844
  1.500    4.75    4.03  0.2709    1.29    2.81    6.18    3.24    0.26     844
  2.000    3.73    3.93  0.1750    1.97    3.20    5.95    2.91    0.33     844
  2.500    2.71    4.04  0.0568    2.73    3.59    6.01    2.87    0.54     844
  3.000    1.99    4.39  0.0125    3.37    4.04    6.46    3.08    0.60     844
  3.500    1.74    4.77 -0.0032    3.77    4.42    6.95    3.37    0.69     844
  4.000    1.68    5.12  0.0257    3.80    4.67    7.27    3.55    0.57     844
  4.500    1.98    5.34  0.0537    3.85    4.89    7.57    3.75    0.56     844
  5.000    2.32    5.75  0.0688    3.78    5.05    7.88    4.09    0.79     844
  5.500    2.88    6.13  0.0683    3.68    5.28    8.26    4.38    0.86     844
  6.000    3.50    6.49  0.0791    3.80    5.45    8.83    4.60    0.88     844
  6.500    4.23    6.82  0.0999    3.96    5.66    9.40    4.91    0.89     840
  7.000    4.99    7.17  0.1299    4.18    6.00   10.11    5.26    0.85     839
  7.500    5.62    7.53  0.1267    4.47    6.38   10.91    5.49    0.82     838
  8.000    6.37    7.90  0.1219    4.88    6.78   11.75    5.91    0.77     827
  8.500    7.11    8.37  0.1148    5.31    7.28   12.66    6.46    0.75     826
  9.000    7.88    8.84  0.1020    5.92    7.74   13.63    7.05    0.70     826
  9.500    8.58    9.27  0.1008    6.66    8.33   14.69    7.59    0.72     821
 10.000    9.23    9.76  0.0717    7.35    8.97   15.81    8.08    0.71     818
 10.500    9.91   10.12  0.0478    8.04    9.22   16.74    8.38    0.65     813
 11.000   10.59   10.27  0.0545    8.57    9.53   17.59    8.51    0.55     804
 11.500   11.22   10.23  0.0608    9.16    9.74   18.29    8.65    0.48     801
 12.000   11.73   10.15  0.0789    9.49    9.85   18.72    8.82    0.45     794
 12.500   11.90   10.00  0.0898    9.60    9.89   18.75    8.94    0.45     779
 13.000   11.77    9.58  0.1063    9.43    9.55   18.30    8.73    0.45     775
 13.500   11.52    9.19  0.1275    8.90    9.11   17.60    8.37    0.42     767
 14.000   10.94    8.88  0.1325    8.13    8.44   16.53    7.91    0.44     761
 14.500    9.97    8.07  0.1377    7.22    7.68   15.00    7.18    0.56     752
 15.000    8.73    7.44  0.1573    6.22    6.72   13.17    6.53    0.55     750
 15.500    6.82    7.00  0.1009    4.95    5.95   11.05    5.83    0.59     739
 16.000    4.80    6.41  0.0949    4.03    5.45    9.23    5.13    0.75     714
 16.500    2.78    5.91  0.0223    3.42    5.03    7.81    4.40    0.84     695
 17.000    0.88    5.03 -0.0023    2.72    4.51    6.51    3.55    0.84     681
 17.500   -0.80    4.18  0.0048    2.18    4.03    5.71    2.88    0.90     656
 18.000   -2.35    3.91  0.0718    1.88    3.74    5.54    2.82    0.84     626
 18.500   -3.57    3.66  0.0414    1.72    3.33    5.81    2.82    0.73     599
 19.000   -5.03    3.44  0.0690    1.28    3.21    6.47    2.94    0.64     541
 19.500   -6.10    3.55  0.0041    1.25    3.31    7.20    3.23    0.38     512
 20.000   -7.41    3.33  0.0481    1.07    2.81    8.14    3.10    0.37     454
 20.500   -8.11    3.29  0.0412    1.13    2.69    8.75    3.07    0.03     404
 21.000   -8.73    3.12 -0.0077    1.19    2.62    9.25    3.00    0.09     369
 21.500   -9.48    3.02  0.0264    1.11    2.50    9.91    2.95   -0.06     342
 22.000  -10.15    3.31  0.0026    1.05    2.36   10.52    3.22    0.17     320
 22.500  -10.60    3.16 -0.0287    1.04    2.37   10.95    3.09    0.08     310
 23.000  -11.16    3.16 -0.0794    0.85    2.08   11.43    3.10    0.14     285
 23.500  -11.57    3.31 -0.1190    0.96    2.37   11.88    3.24   -0.09     271
 24.000  -11.84    3.24 -0.0558    1.00    2.39   12.17    3.14   -0.06     260
 24.500  -12.15    3.29  0.0083    0.79    2.33   12.43    3.20   -0.21     237
 25.000  -12.69    3.37 -0.0272    0.76    2.22   12.92    3.30   -0.17     226
 25.500  -13.23    3.18 -0.0870    0.78    2.15   13.44    3.15   -0.31     222
 26.000  -13.81    3.13 -0.1561    0.72    2.32   14.03    3.12   -0.06     218
 26.500  -14.24    3.34 -0.1191    0.73    2.64   14.51    3.31    0.21     215
 27.000  -14.72    3.38 -0.0542    0.81    2.57   14.98    3.36   -0.05     208
 27.500  -15.10    3.39 -0.0670    0.90    2.69   15.39    3.36   -0.14     202
 28.000  -15.56    3.53 -0.0479    1.10    2.78   15.86    3.51   -0.16     195
 28.500  -15.83    3.49  0.0294    1.08    2.77   16.14    3.45   -0.13     183
 29.000  -16.36    3.70  0.0735    0.95    2.85   16.65    3.66   -0.19     170
 29.500  -16.79    4.11  0.1626    0.87    3.17   17.14    4.03    0.18     160
 30.000  -17.75    4.18  0.0717    0.64    3.27   18.08    4.14    0.31     140
     T A B L E  I -   8.  W I N D  S T A T I S T I C A L  P A R A M E T E R S
                                    August
 Station =   72381      Edwards AFB, CA
    Z    MEAN U   SD  U  R(U,V)  MEAN V   SD  V MEAN WS  SD  WS SKEW WS    NOBS
    KM     M/S     M/S             M/S     M/S     M/S     M/S                 
  0.000    0.00    0.00  0.0000    0.00    0.00    0.00    0.00    0.00     100
  0.723    1.96    2.41  0.4170    1.86    2.11    3.53    2.27    0.97     837
  1.000    5.28    4.09  0.3880    1.25    2.65    6.41    3.57    0.35     840
  1.500    4.39    3.81  0.3578    1.66    2.81    5.95    3.03    0.22     840
  2.000    3.65    4.00  0.2169    2.65    3.07    6.11    2.95    0.40     840
  2.500    3.02    4.19  0.1216    3.56    3.59    6.49    3.20    0.73     840
  3.000    2.46    4.58  0.1004    4.02    3.83    6.78    3.47    0.79     840
  3.500    2.03    4.90  0.1304    4.36    4.20    7.15    3.73    0.82     840
  4.000    1.96    5.11  0.1598    4.57    4.47    7.39    4.03    0.94     838
  4.500    1.95    5.25  0.1689    4.50    4.73    7.52    4.21    0.99     838
  5.000    2.19    5.38  0.1945    4.12    4.88    7.56    4.22    0.90     836
  5.500    2.53    5.77  0.2076    3.94    5.21    7.80    4.65    1.11     834
  6.000    3.03    5.84  0.2706    3.83    5.29    7.98    4.75    1.15     834
  6.500    3.74    5.91  0.3048    3.73    5.57    8.35    4.95    1.15     830
  7.000    4.53    6.24  0.2980    3.74    5.72    8.86    5.26    1.16     827
  7.500    5.47    6.53  0.2757    3.90    6.12    9.68    5.65    1.16     824
  8.000    6.28    6.83  0.2623    4.12    6.61   10.46    6.14    0.95     813
  8.500    7.17    7.26  0.2618    4.48    7.02   11.41    6.59    0.81     809
  9.000    8.07    7.73  0.2062    4.93    7.51   12.53    6.99    0.77     806
  9.500    9.06    8.05  0.1867    5.59    8.09   13.69    7.50    0.72     799
 10.000   10.04    8.26  0.1716    6.16    8.52   14.74    7.91    0.72     797
 10.500   10.87    8.45  0.1942    6.82    9.02   15.79    8.29    0.77     793
 11.000   11.66    8.62  0.1623    7.47    9.36   16.79    8.49    0.68     790
 11.500   12.19    8.73  0.1246    8.01    9.67   17.60    8.55    0.58     790
 12.000   12.68    8.68  0.0819    8.45    9.83   18.18    8.60    0.47     787
 12.500   12.98    8.48  0.0957    8.68    9.71   18.40    8.44    0.38     775
 13.000   13.06    8.14  0.1130    8.69    9.27   18.19    8.25    0.28     771
 13.500   12.67    7.60  0.1339    8.20    8.77   17.34    7.89    0.26     767
 14.000   11.88    7.19  0.1848    7.59    8.30   16.19    7.55    0.45     755
 14.500   10.93    6.76  0.1977    6.95    7.28   14.88    6.77    0.41     747
 15.000    9.56    6.22  0.1428    6.05    6.54   13.19    6.04    0.26     733
 15.500    7.83    5.95  0.1329    4.91    5.70   11.22    5.30    0.36     721
 16.000    5.74    5.58  0.0780    3.62    4.79    9.09    4.38    0.30     688
 16.500    3.16    5.07  0.0586    2.93    4.56    7.16    3.85    0.63     646
 17.000    1.08    4.56 -0.0028    2.77    4.05    6.07    3.22    0.81     631
 17.500   -0.24    4.22  0.1365    2.20    3.64    5.43    2.80    0.97     604
 18.000   -1.84    4.02  0.0918    1.78    3.84    5.41    2.90    0.64     561
 18.500   -3.06    3.70  0.1038    1.50    3.46    5.64    2.61    0.57     533
 19.000   -4.50    3.49  0.1261    1.26    3.16    6.13    2.76    0.45     484
 19.500   -5.49    3.52  0.0478    1.10    3.14    6.62    3.13    0.26     465
 20.000   -6.55    3.15  0.0093    1.13    2.74    7.34    2.95    0.11     418
 20.500   -7.50    3.02 -0.0092    0.85    2.60    8.06    2.91    0.04     372
 21.000   -8.14    2.94 -0.0987    0.86    2.39    8.56    2.90    0.04     336
 21.500   -8.90    3.05 -0.0167    0.69    2.25    9.26    2.97    0.26     293
 22.000   -9.31    3.08 -0.1519    0.56    2.36    9.65    3.04    0.28     246
 22.500   -9.91    3.17 -0.1141    0.42    2.32   10.20    3.19    0.14     227
 23.000  -10.50    3.27 -0.1501    0.43    2.21   10.75    3.28    0.19     197
 23.500  -11.11    3.27 -0.2686    0.57    2.09   11.33    3.27    0.09     178
 24.000  -11.57    3.14 -0.2873    0.36    2.11   11.78    3.15    0.16     167
 24.500  -12.23    2.95 -0.1832    0.22    2.46   12.49    2.93   -0.05     145
 25.000  -12.83    2.80 -0.0208    0.36    2.19   13.03    2.74   -0.12     138
 25.500  -13.26    3.02  0.0254    0.47    2.25   13.48    3.00    0.03     134
 26.000  -13.77    2.98  0.0208    0.41    2.42   14.00    2.98    0.00     128
 26.500  -14.23    3.02 -0.0309    0.67    2.34   14.44    3.04    0.15     128
 27.000  -14.33    3.12 -0.1152    0.69    2.31   14.54    3.13    0.28     127
 27.500  -14.49    3.39 -0.0821    0.79    2.34   14.72    3.37    0.22     124
 28.000  -14.90    3.56 -0.0867    0.90    2.29   15.12    3.52    0.21     124
 28.500  -15.16    3.58 -0.0315    0.80    2.26   15.37    3.55    0.25     120
 29.000  -15.51    3.80 -0.0375    0.64    2.28   15.71    3.72   -0.12     111
 29.500  -15.89    3.85  0.0023    0.42    2.50   16.10    3.82    0.07     104
 30.000  -16.46    3.68 -0.0282    0.64    2.64   16.71    3.61    0.14      99
     T A B L E  I -   9.  W I N D  S T A T I S T I C A L  P A R A M E T E R S
                                 September
 Station =   72381      Edwards AFB, CA
    Z    MEAN U   SD  U  R(U,V)  MEAN V   SD  V MEAN WS  SD  WS SKEW WS    NOBS
    KM     M/S     M/S             M/S     M/S     M/S     M/S                 
  0.000    0.00    0.00  0.0000    0.00    0.00    0.00    0.00    0.00     100
  0.723    1.67    2.80  0.4622    1.04    2.00    3.18    2.37    1.39     902
  1.000    3.62    5.03  0.4781    0.67    2.73    5.77    3.70    0.71     909
  1.500    2.45    5.27  0.4511    0.77    3.34    5.93    3.25    0.45     909
  2.000    1.65    5.32  0.3888    1.35    3.86    6.20    3.10    0.58     909
  2.500    1.34    5.55  0.3105    1.91    4.37    6.70    3.26    0.70     909
  3.000    1.46    5.94  0.2430    2.26    4.95    7.37    3.61    0.92     909
  3.500    1.96    6.32  0.1845    2.44    5.29    7.89    3.94    0.92     909
  4.000    2.72    6.62  0.1220    2.55    5.82    8.52    4.39    0.87     909
  4.500    3.55    6.73  0.1472    2.56    6.37    9.04    4.86    0.94     909
  5.000    4.50    6.87  0.1625    2.34    6.80    9.58    5.28    1.03     907
  5.500    5.35    7.27  0.1803    2.13    7.29   10.29    5.78    1.01     906
  6.000    6.20    7.65  0.2086    2.05    7.47   11.06    5.91    0.94     905
  6.500    7.19    8.11  0.2232    2.06    7.94   12.03    6.36    0.86     899
  7.000    7.99    8.52  0.2309    2.15    8.48   12.87    6.86    0.71     897
  7.500    8.88    8.96  0.2615    2.28    8.76   13.69    7.35    0.66     889
  8.000    9.89    9.50  0.2842    2.17    9.19   14.68    7.89    0.68     855
  8.500   10.93   10.08  0.2986    2.31    9.65   15.81    8.35    0.60     852
  9.000   11.99   10.60  0.3146    2.59   10.08   17.00    8.72    0.65     848
  9.500   13.23   11.18  0.3075    2.77   10.50   18.29    9.13    0.63     840
 10.000   14.40   11.80  0.2972    3.07   10.89   19.53    9.65    0.61     840
 10.500   15.61   12.21  0.2726    3.47   11.09   20.69   10.02    0.48     837
 11.000   16.81   12.22  0.2853    3.56   11.23   21.62   10.17    0.43     833
 11.500   17.84   12.18  0.2816    3.91   11.25   22.47   10.18    0.45     828
 12.000   18.69   12.08  0.2919    4.20   11.03   23.06   10.17    0.47     824
 12.500   19.09   11.87  0.3099    4.26   10.47   23.04   10.09    0.47     806
 13.000   19.00   11.27  0.3045    4.18    9.96   22.60    9.73    0.40     802
 13.500   18.56   10.89  0.3085    4.07    9.37   21.79    9.65    0.56     793
 14.000   17.85   10.18  0.2876    3.94    8.76   20.76    9.15    0.51     785
 14.500   16.59    9.20  0.2824    3.68    8.04   19.23    8.33    0.36     776
 15.000   14.88    8.15  0.2523    3.14    7.33   17.28    7.30    0.29     765
 15.500   12.98    7.35  0.2343    2.57    6.65   15.24    6.44    0.31     752
 16.000   10.89    6.63  0.2300    2.07    6.03   13.09    5.73    0.36     736
 16.500    8.54    6.41  0.1946    1.50    5.15   10.67    5.45    0.63     714
 17.000    6.29    5.75  0.1779    1.29    4.78    8.66    4.83    0.95     701
 17.500    4.27    5.45  0.2097    0.87    4.43    7.24    4.19    1.20     674
 18.000    2.49    5.19  0.1456    0.59    4.16    6.14    3.67    1.00     649
 18.500    1.04    4.65  0.0570    0.20    3.55    5.36    2.89    0.66     614
 19.000   -0.28    4.41  0.0480    0.23    3.16    4.97    2.47    0.63     554
 19.500   -1.21    4.23  0.0709    0.19    3.24    4.85    2.55    0.62     524
 20.000   -1.88    4.11  0.0369    0.18    2.87    4.89    2.46    0.68     454
 20.500   -2.37    3.87 -0.0468    0.22    2.94    4.83    2.62    0.86     407
 21.000   -2.92    3.63  0.0230    0.03    2.82    4.80    2.64    0.82     388
 21.500   -3.23    3.70  0.0257    0.17    2.77    5.02    2.69    0.70     346
 22.000   -3.72    3.77 -0.0040    0.17    2.59    5.20    2.83    0.55     313
 22.500   -4.06    3.92 -0.0504    0.29    2.45    5.43    2.96    0.62     293
 23.000   -4.36    3.94  0.0097    0.25    2.31    5.61    3.01    0.78     271
 23.500   -4.80    4.12 -0.0574    0.33    2.57    6.01    3.29    0.73     247
 24.000   -5.11    4.41  0.0117    0.28    2.55    6.34    3.51    0.73     244
 24.500   -5.23    4.57 -0.0450    0.66    2.47    6.52    3.55    0.74     223
 25.000   -5.31    4.47  0.0358    0.75    2.60    6.56    3.53    0.79     208
 25.500   -5.35    4.22  0.1023    0.58    2.63    6.55    3.32    0.44     205
 26.000   -5.32    4.40  0.1631    0.54    2.62    6.52    3.56    0.50     198
 26.500   -5.45    4.68  0.0933    0.59    2.64    6.72    3.71    0.45     193
 27.000   -5.50    4.89  0.0289    0.54    2.94    6.95    3.88    0.58     186
 27.500   -5.53    4.91  0.0044    0.62    3.09    7.02    3.98    0.58     180
 28.000   -5.64    5.45  0.0320    0.69    3.02    7.24    4.33    0.56     170
 28.500   -5.88    5.73 -0.0136    0.61    3.23    7.64    4.51    0.67     162
 29.000   -5.90    5.80  0.0478    0.28    3.29    7.68    4.52    0.63     150
 29.500   -5.67    5.77  0.0091    0.57    3.28    7.49    4.53    0.57     139
 30.000   -5.57    5.85  0.0794    0.44    3.18    7.40    4.58    0.53     127
     T A B L E  I -  10.  W I N D  S T A T I S T I C A L  P A R A M E T E R S
                                   October
 Station =   72381      Edwards AFB, CA
    Z    MEAN U   SD  U  R(U,V)  MEAN V   SD  V MEAN WS  SD  WS SKEW WS    NOBS
    KM     M/S     M/S             M/S     M/S     M/S     M/S                 
  0.000    0.00    0.00  0.0000    0.00    0.00    0.00    0.00    0.00     100
  0.723    1.28    2.92  0.4189    0.55    2.06    2.95    2.45    1.38     883
  1.000    1.97    5.65  0.4370   -0.08    2.93    5.47    3.89    0.92     917
  1.500    0.78    6.07  0.4554   -0.52    3.68    6.20    3.62    0.77     917
  2.000    0.34    6.28  0.3341   -0.58    4.33    6.69    3.78    1.01     917
  2.500    0.72    6.36  0.2346   -0.50    4.95    7.07    4.02    1.02     917
  3.000    1.56    6.56  0.1708   -0.51    5.59    7.56    4.50    1.32     917
  3.500    2.64    6.89  0.1296   -0.71    6.17    8.22    5.08    1.21     908
  4.000    3.60    7.25  0.1079   -0.88    6.85    9.00    5.70    1.24     906
  4.500    4.42    7.69  0.1137   -1.05    7.52    9.82    6.35    1.25     904
  5.000    5.16    8.22  0.1320   -1.22    8.11   10.81    6.73    1.38     895
  5.500    6.05    8.70  0.1351   -1.43    8.78   11.74    7.32    1.44     892
  6.000    7.03    9.25  0.1578   -1.61    9.51   12.91    7.86    1.47     889
  6.500    7.83    9.84  0.1488   -1.73   10.04   13.79    8.49    1.52     886
  7.000    8.64   10.52  0.1857   -1.91   10.72   14.84    9.16    1.49     885
  7.500    9.41   11.02  0.2198   -1.91   11.29   15.80    9.59    1.32     879
  8.000   10.27   11.75  0.2396   -1.92   11.99   16.98   10.15    1.39     861
  8.500   11.09   12.40  0.2595   -1.93   12.57   18.10   10.53    1.35     858
  9.000   11.67   12.81  0.2915   -2.08   12.93   18.92   10.68    1.18     857
  9.500   12.64   13.19  0.3037   -2.36   13.38   19.92   11.02    1.00     849
 10.000   13.67   13.65  0.3363   -2.60   14.09   21.08   11.59    0.89     844
 10.500   14.64   14.09  0.3671   -2.85   14.62   22.19   11.94    0.80     840
 11.000   15.57   14.21  0.3543   -2.78   14.66   22.83   12.07    0.69     828
 11.500   16.67   13.94  0.3435   -2.64   14.35   23.40   11.75    0.61     827
 12.000   17.42   13.69  0.3559   -2.39   13.80   23.58   11.48    0.57     824
 12.500   17.86   13.40  0.3669   -2.09   12.98   23.34   11.25    0.55     806
 13.000   18.07   12.59  0.3583   -2.01   12.21   22.88   10.74    0.48     800
 13.500   17.72   11.74  0.3828   -1.72   11.60   22.08   10.14    0.55     792
 14.000   17.27   11.05  0.3886   -1.46   10.83   21.26    9.38    0.56     785
 14.500   16.60   10.26  0.3623   -1.22   10.07   20.26    8.61    0.51     774
 15.000   15.74    9.25  0.3336   -1.17    9.26   18.91    7.97    0.48     756
 15.500   14.62    8.73  0.3285   -1.43    8.39   17.47    7.59    0.41     735
 16.000   13.14    7.91  0.2642   -1.36    7.50   15.74    6.86    0.33     704
 16.500   11.67    7.07  0.2361   -1.07    6.67   13.91    6.24    0.50     673
 17.000   10.20    6.44  0.2156   -1.12    6.05   12.29    5.78    0.63     660
 17.500    8.63    5.82  0.2282   -1.29    5.35   10.66    5.13    0.80     629
 18.000    6.89    5.55  0.2600   -1.35    4.86    9.12    4.57    1.07     585
 18.500    5.63    5.37  0.1537   -1.22    4.53    8.07    4.30    1.19     546
 19.000    4.61    5.05  0.1270   -1.48    4.24    7.24    3.96    1.06     500
 19.500    3.55    4.77  0.0684   -1.55    3.64    6.30    3.37    0.92     473
 20.000    2.59    4.30  0.0969   -1.56    3.39    5.59    3.06    1.25     408
 20.500    2.14    4.20  0.0761   -1.50    3.10    5.19    2.86    0.74     359
 21.000    2.03    4.21  0.0440   -1.04    3.24    5.08    2.82    0.71     328
 21.500    2.03    4.23  0.0774   -0.83    3.11    5.01    2.84    1.10     285
 22.000    1.81    4.19  0.1232   -0.82    3.08    4.87    2.76    0.84     263
 22.500    2.02    4.14  0.1975   -0.44    2.87    4.77    2.70    0.67     251
 23.000    2.53    4.32  0.1278   -0.43    2.45    4.85    2.83    0.98     227
 23.500    2.84    4.63  0.0402   -0.37    2.38    5.12    3.03    1.19     212
 24.000    3.15    5.07  0.1513   -0.32    2.47    5.46    3.52    1.32     207
 24.500    3.70    5.50  0.2031   -0.24    2.65    5.97    3.96    1.32     193
 25.000    4.26    5.92  0.2367   -0.00    2.67    6.50    4.23    1.22     181
 25.500    5.07    6.52  0.2006    0.34    2.62    7.29    4.69    0.99     172
 26.000    5.59    6.74  0.2218    0.42    2.80    7.79    4.91    0.86     168
 26.500    6.23    7.01  0.1311    0.59    3.13    8.40    5.25    0.67     168
 27.000    6.83    7.39  0.1280    0.89    3.08    8.91    5.69    0.56     160
 27.500    7.28    7.59  0.1448    0.77    2.89    9.23    5.87    0.54     150
 28.000    7.98    8.24  0.0651    0.78    3.08   10.10    6.29    0.53     144
 28.500    8.52    8.44  0.0627    0.58    2.92   10.44    6.62    0.63     133
 29.000    8.97    8.71  0.0913    0.53    3.11   10.85    6.96    0.67     123
 29.500    9.22    8.73  0.2154    0.34    3.13   11.15    6.85    0.59     109
 30.000    9.56    9.18  0.3733    0.45    3.26   11.72    7.01    0.64      97
     T A B L E  I -  11.  W I N D  S T A T I S T I C A L  P A R A M E T E R S
                                  November
 Station =   72381      Edwards AFB, CA
    Z    MEAN U   SD  U  R(U,V)  MEAN V   SD  V MEAN WS  SD  WS SKEW WS    NOBS
    KM     M/S     M/S             M/S     M/S     M/S     M/S                 
  0.000    0.00    0.00  0.0000    0.00    0.00    0.00    0.00    0.00     100
  0.723    1.21    3.08  0.3901    0.19    2.03    2.90    2.58    1.71     802
  1.000    1.59    6.11  0.2900   -0.75    3.24    5.80    4.23    1.11     828
  1.500    0.58    6.85  0.3609   -1.17    4.25    7.09    4.10    0.77     828
  2.000    0.82    7.19  0.2532   -1.57    5.09    7.91    4.31    0.77     828
  2.500    2.09    7.43  0.1181   -2.08    5.96    8.81    4.74    0.65     826
  3.000    3.82    7.45  0.0470   -2.19    6.85    9.73    5.24    0.60     826
  3.500    4.91    7.67  0.0189   -2.31    7.94   10.84    5.83    0.70     826
  4.000    6.13    8.16  0.0644   -2.67    8.99   12.24    6.52    0.69     825
  4.500    7.33    8.83  0.1097   -3.07   10.02   13.71    7.33    0.75     823
  5.000    8.49    9.44  0.0949   -3.14   11.06   15.07    8.18    0.78     821
  5.500    9.56   10.12  0.0864   -3.19   12.17   16.47    8.97    0.83     820
  6.000   10.41   10.59  0.0934   -3.36   12.87   17.66    9.28    0.78     820
  6.500   11.44   11.27  0.1066   -3.55   13.72   18.96    9.98    0.82     816
  7.000   12.44   12.05  0.1144   -3.60   14.74   20.33   10.82    0.95     814
  7.500   13.20   12.33  0.1288   -3.71   15.41   21.33   11.07    0.77     809
  8.000   13.79   12.71  0.1684   -4.07   16.06   22.31   11.34    0.65     789
  8.500   14.73   13.45  0.1959   -4.20   16.53   23.48   11.73    0.60     788
  9.000   15.63   13.80  0.2020   -4.26   16.93   24.45   11.94    0.54     787
  9.500   16.56   14.22  0.2227   -4.24   17.29   25.35   12.28    0.51     782
 10.000   17.56   14.69  0.2370   -4.41   17.72   26.33   12.82    0.57     779
 10.500   18.73   14.96  0.2573   -4.45   17.93   27.29   13.12    0.54     776
 11.000   19.92   15.22  0.2730   -4.37   17.93   28.08   13.44    0.53     770
 11.500   20.86   15.18  0.2729   -4.17   17.48   28.49   13.32    0.43     769
 12.000   21.65   14.99  0.2636   -3.97   16.75   28.60   13.14    0.41     762
 12.500   21.84   14.50  0.2403   -4.08   15.95   28.21   12.72    0.43     745
 13.000   21.87   13.90  0.2230   -3.72   15.16   27.67   12.28    0.46     740
 13.500   21.74   13.31  0.2125   -3.27   13.97   26.83   11.72    0.37     728
 14.000   21.22   12.56  0.2272   -3.12   12.91   25.68   11.19    0.51     719
 14.500   20.37   11.76  0.2675   -2.77   11.85   24.43   10.30    0.37     709
 15.000   19.32   11.12  0.2490   -2.56   11.05   23.07    9.73    0.40     695
 15.500   18.14   10.05  0.2722   -2.15   10.07   21.38    8.95    0.42     662
 16.000   16.95    9.15  0.3172   -2.05    8.93   19.74    8.19    0.42     635
 16.500   15.39    8.29  0.2519   -1.85    8.11   17.86    7.53    0.40     598
 17.000   14.10    7.74  0.2148   -1.85    7.54   16.46    7.03    0.55     584
 17.500   12.60    7.68  0.1711   -1.93    6.75   14.97    6.71    0.84     550
 18.000   11.17    7.12  0.1299   -1.88    6.10   13.35    6.18    0.75     512
 18.500    9.73    6.63  0.0460   -1.81    5.60   11.90    5.73    0.85     483
 19.000    8.64    6.29  0.0987   -1.45    5.26   10.77    5.40    0.92     434
 19.500    7.90    6.52  0.2179   -1.62    5.17   10.18    5.55    1.21     409
 20.000    6.97    6.46  0.1464   -1.47    4.88    9.52    5.20    1.21     357
 20.500    6.46    6.32  0.1366   -1.72    4.30    8.87    5.05    0.94     323
 21.000    5.65    6.40  0.2125   -1.32    4.15    8.30    4.84    0.87     289
 21.500    5.29    6.38  0.1708   -1.12    3.85    7.95    4.74    0.82     263
 22.000    5.53    6.87  0.2293   -0.88    3.78    8.22    5.05    0.93     248
 22.500    5.72    7.00  0.2785   -0.57    3.79    8.54    4.90    0.73     237
 23.000    5.63    7.32  0.2532   -0.48    3.81    8.67    5.05    0.88     222
 23.500    6.27    7.87  0.3278   -0.35    3.94    9.23    5.63    0.74     206
 24.000    6.66    8.50  0.3598   -0.17    3.87    9.72    6.13    0.82     199
 24.500    7.02    8.97  0.3638   -0.03    3.93   10.31    6.25    0.73     183
 25.000    7.79    9.66  0.4129    0.07    4.26   11.18    6.85    0.77     172
 25.500    8.60   10.59  0.4063   -0.03    4.25   12.19    7.46    0.81     171
 26.000    8.95   11.17  0.3807   -0.19    4.11   12.71    7.77    0.75     165
 26.500    9.74   11.73  0.4134   -0.36    4.21   13.49    8.24    0.71     163
 27.000   10.53   12.32  0.4641   -0.40    4.26   14.35    8.66    0.66     161
 27.500   11.08   12.96  0.5194   -0.48    4.70   14.80    9.70    0.68     150
 28.000   12.08   13.65  0.4817   -0.48    5.23   15.98   10.20    0.68     148
 28.500   12.94   13.97  0.4859   -0.16    5.40   16.55   10.87    0.61     135
 29.000   14.28   14.76  0.4801   -0.22    5.80   17.91   11.61    0.49     121
 29.500   15.63   15.64  0.4054    0.03    5.53   18.98   12.59    0.44     108
 30.000   18.56   15.89  0.4036    0.05    5.70   21.16   13.47    0.44      88
     T A B L E  I -  12.  W I N D  S T A T I S T I C A L  P A R A M E T E R S
                                  December
 Station =   72381      Edwards AFB, CA
    Z    MEAN U   SD  U  R(U,V)  MEAN V   SD  V MEAN WS  SD  WS SKEW WS    NOBS
    KM     M/S     M/S             M/S     M/S     M/S     M/S                 
  0.000    0.00    0.00  0.0000    0.00    0.00    0.00    0.00    0.00     100
  0.723    1.22    3.01  0.4078    0.26    2.01    2.89    2.51    1.66     760
  1.000    1.51    6.30  0.4374   -0.50    3.30    5.93    4.34    1.13     790
  1.500    0.83    7.28  0.3434   -1.66    4.53    7.62    4.38    0.80     790
  2.000    1.40    7.70  0.2668   -2.39    5.70    8.72    4.87    0.68     790
  2.500    3.19    8.25  0.1959   -2.83    6.49    9.90    5.57    0.76     790
  3.000    4.97    8.59  0.1905   -3.19    7.22   11.06    6.23    0.81     790
  3.500    6.53    8.93  0.2039   -3.54    7.97   12.35    6.78    0.69     789
  4.000    7.70    9.37  0.2641   -4.04    8.98   13.77    7.40    0.71     788
  4.500    8.77    9.86  0.2755   -4.38   10.21   15.23    8.11    0.70     788
  5.000    9.92   10.24  0.2901   -4.61   11.15   16.54    8.70    0.80     787
  5.500   10.91   10.72  0.2855   -4.90   12.31   17.90    9.44    0.87     786
  6.000   11.74   11.10  0.3057   -5.30   13.30   19.13   10.03    0.87     786
  6.500   12.71   11.73  0.3219   -5.73   14.31   20.50   10.82    0.91     781
  7.000   13.64   12.26  0.3244   -5.95   15.43   21.79   11.62    0.92     776
  7.500   14.60   12.68  0.3369   -6.26   16.23   23.06   12.04    0.91     774
  8.000   15.44   13.09  0.3513   -6.36   16.86   24.16   12.30    0.93     764
  8.500   16.53   14.01  0.3540   -6.41   17.30   25.37   12.90    0.97     762
  9.000   17.58   14.33  0.3719   -6.66   17.62   26.54   12.85    0.72     759
  9.500   18.69   14.72  0.3874   -6.79   18.18   27.72   13.20    0.63     754
 10.000   19.58   14.92  0.3728   -6.83   18.53   28.66   13.23    0.57     753
 10.500   20.45   15.07  0.3773   -6.77   18.75   29.43   13.31    0.59     751
 11.000   21.45   15.33  0.3929   -6.29   18.59   30.04   13.33    0.54     732
 11.500   22.18   15.13  0.4066   -5.76   17.72   30.11   12.75    0.46     723
 12.000   22.77   14.63  0.4180   -5.11   16.68   29.76   12.37    0.41     714
 12.500   23.32   14.12  0.4040   -4.66   15.63   29.43   11.96    0.50     705
 13.000   23.11   13.13  0.4075   -4.64   14.78   28.75   11.02    0.43     703
 13.500   22.15   12.58  0.4504   -4.59   14.02   27.56   10.42    0.33     695
 14.000   21.06   11.91  0.4670   -3.75   12.81   25.83    9.84    0.30     690
 14.500   20.35   11.38  0.4707   -3.19   11.72   24.63    9.31    0.28     678
 15.000   19.54   11.14  0.4256   -3.19   10.57   23.35    9.14    0.42     663
 15.500   18.34   10.22  0.3840   -3.25    9.93   21.88    8.53    0.52     641
 16.000   16.99    9.41  0.4347   -3.05    8.85   20.21    7.66    0.43     614
 16.500   15.52    9.11  0.4260   -3.15    8.10   18.57    7.42    0.49     591
 17.000   13.96    8.73  0.4194   -2.97    7.05   16.72    7.15    0.58     568
 17.500   12.21    7.90  0.3174   -2.84    6.63   14.85    6.70    0.62     534
 18.000   10.49    7.32  0.2446   -2.55    6.28   13.14    6.08    0.58     486
 18.500    8.98    7.16  0.2501   -2.54    5.49   11.66    5.83    0.74     442
 19.000    7.23    6.79  0.2637   -2.54    5.19   10.19    5.43    0.87     397
 19.500    5.86    6.82  0.2185   -2.79    4.84    9.23    5.18    0.80     374
 20.000    4.19    6.76  0.3134   -2.17    4.55    8.12    4.92    1.45     304
 20.500    2.64    6.73  0.3480   -1.95    4.56    7.25    5.01    1.67     269
 21.000    1.31    6.61  0.3535   -1.90    4.20    6.80    4.56    1.26     245
 21.500    0.39    6.92  0.3400   -1.69    3.64    6.74    4.42    1.03     211
 22.000   -0.22    7.24  0.2387   -1.61    3.48    6.85    4.51    1.28     190
 22.500   -0.85    7.85  0.1917   -1.59    3.72    7.55    4.71    1.10     182
 23.000   -1.57    8.39  0.2759   -1.61    3.28    7.99    4.77    0.90     162
 23.500   -2.28    8.61  0.2415   -1.32    3.30    8.35    4.70    0.63     153
 24.000   -2.88    9.11  0.2607   -1.42    3.24    8.92    4.92    0.55     145
 24.500   -3.82    9.38  0.2606   -1.79    3.51    9.56    5.14    0.36     139
 25.000   -4.27    9.94  0.2271   -1.87    3.84   10.18    5.58    0.30     132
 25.500   -5.39   10.48  0.1760   -2.27    4.21   11.12    6.14    0.43     125
 26.000   -5.70   11.65  0.1289   -2.85    4.41   12.28    6.68    0.41     121
 26.500   -5.44   12.77  0.2375   -3.05    4.56   13.18    6.92    0.30     118
 27.000   -5.34   13.27  0.2857   -3.43    4.63   13.74    6.93    0.10     112
 27.500   -5.03   14.15  0.3451   -3.72    5.12   14.58    7.20    0.18     104
 28.000   -4.66   15.01  0.3630   -4.02    5.44   15.36    7.43    0.26      99
 28.500   -4.16   16.13  0.3452   -3.88    5.55   16.10    7.89    0.42      93
 29.000   -3.04   17.37  0.2308   -3.88    5.39   16.81    8.36    0.70      84
 29.500   -1.60   17.69  0.2528   -4.13    6.09   17.28    8.25    0.68      74
 30.000    0.64   19.57  0.3061   -4.58    6.54   18.80    9.51    1.03      64
     T A B L E  I -  13.  W I N D  S T A T I S T I C A L  P A R A M E T E R S
                                    Annual
 Station =   72381      Edwards AFB, CA
    Z    MEAN U   SD  U  R(U,V)  MEAN V   SD  V MEAN WS  SD  WS SKEW WS    NOBS
    KM     M/S     M/S             M/S     M/S     M/S     M/S                 
  0.000    0.00    0.00  0.0000    0.00    0.00    0.00    0.00    0.00     100
  0.723    1.89    3.04  0.3859    1.03    2.42    3.58    2.64    1.10   10094
  1.000    3.58    5.82  0.3436    0.12    3.26    6.39    4.16    0.69   10292
  1.500    2.51    6.19  0.3726   -0.37    4.09    6.82    3.91    0.72   10292
  2.000    2.12    6.37  0.2938   -0.36    5.00    7.34    4.09    0.86   10292
  2.500    2.52    6.63  0.1821   -0.29    5.82    7.99    4.57    1.02   10289
  3.000    3.33    6.97  0.0937   -0.28    6.54    8.75    5.13    1.09   10289
  3.500    4.22    7.45  0.0524   -0.35    7.28    9.67    5.77    1.10   10271
  4.000    5.13    7.95  0.0531   -0.51    8.08   10.66    6.47    1.06   10259
  4.500    6.03    8.48  0.0561   -0.65    8.86   11.67    7.16    1.03   10252
  5.000    6.95    9.02  0.0548   -0.80    9.53   12.66    7.84    1.07   10222
  5.500    7.87    9.62  0.0578   -0.99   10.25   13.69    8.56    1.09   10206
  6.000    8.75   10.16  0.0704   -1.13   10.89   14.72    9.13    1.10   10200
  6.500    9.70   10.77  0.0820   -1.26   11.59   15.82    9.82    1.12   10115
  7.000   10.61   11.39  0.0937   -1.33   12.37   16.92   10.54    1.13   10089
  7.500   11.45   11.85  0.1150   -1.39   13.04   17.99   11.00    1.07   10048
  8.000   12.33   12.45  0.1308   -1.47   13.77   19.12   11.56    1.07    9856
  8.500   13.26   13.07  0.1449   -1.46   14.41   20.28   12.06    1.03    9831
  9.000   14.18   13.54  0.1614   -1.47   14.96   21.41   12.38    0.94    9807
  9.500   15.21   14.03  0.1682   -1.43   15.50   22.54   12.77    0.89    9703
 10.000   16.25   14.48  0.1671   -1.42   15.99   23.65   13.15    0.85    9669
 10.500   17.26   14.75  0.1679   -1.34   16.27   24.59   13.35    0.79    9636
 11.000   18.23   14.86  0.1608   -1.14   16.23   25.26   13.44    0.79    9524
 11.500   19.15   14.73  0.1512   -0.80   15.89   25.74   13.24    0.77    9477
 12.000   19.78   14.35  0.1502   -0.44   15.30   25.86   12.84    0.74    9403
 12.500   20.09   13.77  0.1414   -0.13   14.53   25.54   12.35    0.73    9209
 13.000   19.97   12.91  0.1357    0.12   13.64   24.86   11.65    0.69    9149
 13.500   19.49   12.05  0.1304    0.25   12.70   23.86   10.92    0.60    9015
 14.000   18.83   11.40  0.1263    0.40   11.81   22.76   10.36    0.60    8875
 14.500   17.87   10.77  0.1233    0.41   10.82   21.43    9.76    0.63    8728
 15.000   16.67   10.23  0.1007    0.33    9.84   19.88    9.26    0.64    8590
 15.500   15.23    9.77  0.0801    0.16    8.93   18.21    8.78    0.67    8383
 16.000   13.61    9.30  0.0614    0.00    8.01   16.41    8.30    0.69    8039
 16.500   11.77    8.98  0.0202   -0.05    7.26   14.53    7.88    0.76    7655
 17.000    9.98    8.62 -0.0125   -0.12    6.59   12.84    7.38    0.86    7457
 17.500    8.12    8.15 -0.0298   -0.28    5.89   11.15    6.72    1.02    7047
 18.000    6.31    7.86 -0.0536   -0.32    5.40    9.70    6.14    1.18    6574
 18.500    4.70    7.50 -0.0738   -0.37    4.86    8.61    5.46    1.33    6137
 19.000    3.18    7.24 -0.0734   -0.46    4.45    7.80    4.86    1.39    5456
 19.500    1.87    7.10 -0.0963   -0.58    4.25    7.21    4.57    1.44    5129
 20.000    0.61    6.90 -0.1110   -0.50    3.83    6.88    4.13    1.44    4416
 20.500   -0.35    6.83 -0.1080   -0.50    3.61    6.68    4.06    1.37    3832
 21.000   -1.14    6.70 -0.0987   -0.44    3.44    6.59    3.91    1.13    3496
 21.500   -1.80    6.75 -0.1102   -0.43    3.28    6.73    3.91    0.96    3101
 22.000   -2.17    6.99 -0.0976   -0.41    3.17    6.87    4.13    0.97    2831
 22.500   -2.49    7.27 -0.0524   -0.39    3.15    7.17    4.28    0.84    2686
 23.000   -2.77    7.56 -0.0416   -0.37    3.02    7.42    4.45    0.88    2473
 23.500   -2.98    7.88 -0.0522   -0.27    3.07    7.72    4.62    0.74    2306
 24.000   -3.04    8.21 -0.0058   -0.22    3.03    7.96    4.79    0.76    2222
 24.500   -2.97    8.58 -0.0104   -0.28    3.14    8.31    4.87    0.72    2068
 25.000   -2.94    9.13  0.0158   -0.20    3.28    8.76    5.11    0.77    1955
 25.500   -2.81    9.80  0.0271   -0.21    3.31    9.25    5.47    0.88    1892
 26.000   -2.77   10.36  0.0178   -0.33    3.39    9.69    5.75    0.84    1824
 26.500   -2.62   10.93  0.0097   -0.35    3.59   10.17    6.01    0.83    1792
 27.000   -2.49   11.52  0.0364   -0.30    3.65   10.67    6.24    0.82    1715
 27.500   -2.45   12.04  0.0492   -0.28    3.86   11.09    6.58    0.94    1614
 28.000   -2.23   12.78  0.0409   -0.24    4.11   11.73    6.93    1.01    1562
 28.500   -2.05   13.35  0.0452   -0.27    4.07   12.15    7.21    1.01    1446
 29.000   -1.74   14.18  0.0516   -0.32    4.12   12.74    7.69    1.05    1314
 29.500   -1.62   14.72  0.0559   -0.31    4.26   13.19    7.99    1.05    1212
 30.000   -1.26   15.65  0.0943   -0.24    4.41   13.88    8.59    1.14    1050
