      72293      34.73N  120.57W
     T A B L E  I -   1.  W I N D  S T A T I S T I C A L  P A R A M E T E R S
                                   January
 Station =   72293      Vandenberg AFB, CA
    Z    MEAN U   SD  U  R(U,V)  MEAN V   SD  V MEAN WS  SD  WS SKEW WS    NOBS
    KM     M/S     M/S             M/S     M/S     M/S     M/S                 
  0.000    0.00    0.00  0.0000    0.00    0.00    0.00    0.00    0.00     100
  0.100    0.04    3.09 -0.5010   -0.61    3.78    4.09    2.73    1.44    1121
  0.500    0.55    4.05 -0.2497   -0.86    6.40    6.60    4.15    1.24    1125
  1.000    1.13    4.79 -0.1280   -0.88    7.83    8.08    4.73    0.85    1133
  1.500    2.19    5.35 -0.0597   -1.11    8.15    8.82    4.88    0.70    1133
  2.000    3.50    6.13 -0.0029   -1.52    8.30    9.84    5.11    0.58    1133
  2.500    4.91    7.06  0.0422   -1.88    8.64   11.05    5.60    0.49    1133
  3.000    6.27    8.02  0.0692   -2.12    9.17   12.38    6.34    0.43    1134
  3.500    7.45    8.77  0.0965   -2.34    9.72   13.65    6.92    0.45    1134
  4.000    8.66    9.52  0.1089   -2.51   10.47   15.04    7.55    0.44    1134
  4.500    9.93   10.44  0.1182   -2.60   11.10   16.40    8.39    0.48    1134
  5.000   11.17   11.29  0.1302   -2.61   11.93   17.83    9.24    0.51    1134
  5.500   12.28   12.04  0.1297   -2.71   12.85   19.12   10.18    0.61    1134
  6.000   13.33   12.66  0.1336   -2.87   13.70   20.43   10.84    0.66    1133
  6.500   14.36   13.42  0.1340   -3.04   14.36   21.76   11.43    0.61    1132
  7.000   15.34   14.13  0.1461   -3.24   15.31   23.17   12.01    0.60    1131
  7.500   16.48   14.86  0.1471   -3.51   16.13   24.61   12.64    0.60    1129
  8.000   17.52   15.65  0.1565   -3.72   16.86   26.05   13.18    0.64    1124
  8.500   18.50   16.32  0.1735   -3.93   17.63   27.36   13.74    0.64    1124
  9.000   19.70   16.86  0.1753   -4.21   18.37   28.75   14.23    0.57    1122
  9.500   20.94   17.32  0.1804   -4.67   19.08   30.15   14.72    0.58    1118
 10.000   22.09   17.64  0.1876   -4.85   19.33   31.26   14.89    0.56    1116
 10.500   23.21   17.96  0.1993   -4.92   19.25   32.07   15.15    0.51    1110
 11.000   24.34   18.21  0.2087   -5.14   19.06   32.82   15.49    0.50    1110
 11.500   25.12   17.82  0.2127   -4.84   18.43   32.98   15.13    0.54    1107
 12.000   26.02   17.23  0.2035   -4.56   17.34   32.78   14.93    0.52    1106
 12.500   26.21   16.12  0.1906   -4.87   16.33   32.27   14.13    0.49    1106
 13.000   25.64   14.67  0.1944   -4.61   15.31   30.98   13.17    0.42    1102
 13.500   24.73   13.58  0.1947   -4.28   14.31   29.51   12.30    0.43    1101
 14.000   23.80   12.41  0.1970   -3.93   13.65   28.19   11.37    0.34    1095
 14.500   22.58   11.60  0.2360   -3.62   12.82   26.71   10.63    0.32    1091
 15.000   21.09   10.74  0.2679   -3.43   11.97   24.98    9.68    0.38    1085
 15.500   19.40   10.00  0.2776   -2.94   10.74   22.87    8.97    0.54    1081
 16.000   17.80    9.18  0.2463   -2.69    9.85   20.98    8.28    0.48    1077
 16.500   16.17    8.31  0.2342   -2.66    8.90   19.04    7.45    0.47    1037
 17.000   14.24    7.47  0.2155   -2.74    8.21   17.11    6.73    0.52    1021
 17.500   12.73    6.69  0.1926   -2.64    7.43   15.32    6.09    0.49    1008
 18.000   10.67    6.16  0.2255   -2.63    6.50   13.16    5.51    0.66    1004
 18.500    8.75    5.97  0.2155   -2.46    5.95   11.25    5.31    0.73     988
 19.000    7.28    5.97  0.2117   -2.58    5.51   10.13    5.04    0.91     977
 19.500    5.83    5.95  0.1837   -2.59    4.79    9.03    4.60    1.18     972
 20.000    4.64    5.99  0.1623   -2.74    4.53    8.26    4.53    1.52     966
 20.500    3.25    5.95  0.1361   -2.79    4.46    7.43    4.39    1.43     959
 21.000    2.19    6.05  0.1421   -2.85    4.29    7.29    4.12    1.54     947
 21.500    1.25    6.21  0.1048   -3.06    4.12    7.16    4.09    1.38     932
 22.000    0.33    6.41  0.1111   -3.19    3.86    7.32    3.86    1.70     929
 22.500   -0.44    6.74  0.0990   -3.25    3.85    7.61    4.01    1.70     917
 23.000   -0.98    7.10  0.0705   -3.22    3.87    7.82    4.19    1.52     911
 23.500   -1.39    7.38  0.0534   -3.21    3.83    7.97    4.41    1.38     906
 24.000   -1.71    7.84  0.0819   -2.96    3.72    8.13    4.75    1.37     884
 24.500   -1.95    8.40  0.1351   -3.22    3.91    8.63    5.11    1.33     865
 25.000   -2.01    8.81  0.1436   -3.24    3.96    9.07    5.30    1.46     855
 25.500   -2.22    9.54  0.2058   -3.32    4.14    9.69    5.70    1.40     839
 26.000   -2.26   10.25  0.2413   -3.18    4.32   10.08    6.25    1.38     835
 26.500   -2.29   10.91  0.3081   -3.07    4.65   10.52    6.77    1.35     804
 27.000   -2.13   11.63  0.3283   -3.01    4.91   11.16    7.08    1.45     793
 27.500   -1.75   12.57  0.3564   -3.09    5.09   11.79    7.72    1.55     784
 28.000   -1.53   13.46  0.4262   -3.14    5.47   12.66    8.16    1.68     761
 28.500   -1.13   14.60  0.4439   -3.06    6.10   13.60    8.85    1.65     747
 29.000   -0.73   15.30  0.4167   -3.41    6.10   14.25    9.19    1.34     728
 29.500   -0.17   16.21  0.4022   -3.48    6.46   15.05    9.72    1.25     692
 30.000    0.72   17.05  0.4066   -3.40    6.64   15.77   10.03    1.04     649
     T A B L E  I -   2.  W I N D  S T A T I S T I C A L  P A R A M E T E R S
                                  February
 Station =   72293      Vandenberg AFB, CA
    Z    MEAN U   SD  U  R(U,V)  MEAN V   SD  V MEAN WS  SD  WS SKEW WS    NOBS
    KM     M/S     M/S             M/S     M/S     M/S     M/S                 
  0.000    0.00    0.00  0.0000    0.00    0.00    0.00    0.00    0.00     100
  0.100    0.41    3.38 -0.5350   -0.75    4.03    4.47    2.90    1.07    1065
  0.500    0.68    4.44 -0.3972   -1.10    6.62    7.08    4.21    1.27    1069
  1.000    1.06    4.82 -0.2162   -0.89    7.91    8.20    4.70    1.23    1074
  1.500    1.94    5.29 -0.1137   -0.80    8.34    8.82    4.94    1.08    1076
  2.000    3.56    5.71 -0.0665   -1.07    8.57    9.80    5.14    0.86    1076
  2.500    5.10    6.49 -0.0068   -1.40    8.97   10.97    5.62    0.59    1076
  3.000    6.67    7.34  0.0352   -1.52    9.40   12.23    6.36    0.53    1076
  3.500    8.13    8.15  0.0506   -1.51    9.99   13.62    7.14    0.56    1076
  4.000    9.50    8.98  0.0636   -1.45   10.78   15.12    7.92    0.65    1076
  4.500   10.94    9.79  0.0706   -1.57   11.38   16.55    8.70    0.59    1076
  5.000   12.30   10.64  0.0962   -1.50   12.13   18.00    9.56    0.57    1076
  5.500   13.50   11.53  0.1093   -1.51   12.95   19.41   10.45    0.59    1076
  6.000   14.56   12.13  0.1114   -1.57   13.59   20.61   11.07    0.57    1074
  6.500   15.62   12.81  0.1132   -1.59   14.30   21.92   11.69    0.57    1074
  7.000   16.67   13.58  0.1285   -1.61   15.01   23.19   12.41    0.56    1073
  7.500   17.97   14.35  0.1437   -1.67   15.87   24.69   13.22    0.53    1072
  8.000   19.21   15.17  0.1476   -1.87   16.68   26.19   14.05    0.56    1070
  8.500   20.46   15.87  0.1566   -1.90   17.28   27.55   14.71    0.58    1069
  9.000   21.71   16.60  0.1604   -1.90   18.01   28.99   15.36    0.60    1069
  9.500   23.07   17.17  0.1759   -1.77   18.55   30.42   15.82    0.60    1065
 10.000   24.50   17.67  0.1902   -1.73   18.95   31.78   16.35    0.64    1060
 10.500   25.99   18.05  0.2018   -1.47   19.06   32.97   16.77    0.63    1057
 11.000   27.18   17.88  0.2079   -1.60   18.78   33.79   16.59    0.64    1056
 11.500   27.96   17.25  0.2130   -1.53   17.97   33.95   16.02    0.71    1053
 12.000   28.67   16.19  0.2167   -1.19   17.08   33.86   15.27    0.67    1051
 12.500   28.53   14.69  0.2041   -1.15   15.88   33.09   13.86    0.67    1045
 13.000   28.18   13.18  0.2088   -0.91   14.49   31.96   12.75    0.56    1043
 13.500   27.39   12.15  0.2221   -0.94   13.32   30.65   11.81    0.50    1042
 14.000   26.34   11.34  0.2478   -0.78   12.69   29.39   11.08    0.48    1039
 14.500   25.01   10.51  0.2575   -0.80   11.87   27.85   10.30    0.47    1037
 15.000   23.45    9.70  0.2559   -0.68   11.02   26.03    9.53    0.46    1036
 15.500   21.71    8.99  0.2652   -0.46   10.23   24.11    8.88    0.55    1034
 16.000   20.11    8.47  0.2596   -0.57    9.26   22.32    8.23    0.47    1031
 16.500   18.19    8.09  0.2678   -0.71    8.36   20.18    7.82    0.50     981
 17.000   16.30    7.41  0.2110   -0.78    7.35   18.13    7.08    0.43     965
 17.500   14.32    6.82  0.2279   -1.08    6.98   16.19    6.52    0.50     956
 18.000   12.32    6.52  0.2479   -1.09    6.18   14.11    6.09    0.62     952
 18.500   10.26    6.38  0.2029   -1.32    5.58   12.09    5.81    0.64     936
 19.000    8.64    6.02  0.2240   -1.53    5.32   10.79    5.24    0.70     925
 19.500    7.06    5.98  0.2647   -1.61    4.85    9.66    4.73    0.94     921
 20.000    5.44    6.16  0.2143   -1.88    4.43    8.60    4.53    1.26     911
 20.500    4.12    6.14  0.1939   -2.04    4.20    7.70    4.25    1.07     903
 21.000    2.85    5.99  0.1533   -2.14    3.78    7.15    3.79    1.04     894
 21.500    1.77    6.31  0.1111   -2.41    3.72    6.98    3.98    1.10     881
 22.000    0.70    6.54  0.0907   -2.47    3.75    7.31    3.57    1.29     875
 22.500    0.03    6.80  0.1286   -2.38    3.60    7.51    3.53    1.10     866
 23.000   -0.63    7.01  0.1066   -2.29    3.56    7.55    3.59    1.06     857
 23.500   -0.96    7.45  0.1235   -2.26    3.40    7.75    3.90    1.06     852
 24.000   -1.43    7.99  0.1230   -2.42    3.55    8.15    4.43    0.93     839
 24.500   -1.73    8.49  0.1495   -2.32    3.82    8.56    4.70    0.88     834
 25.000   -1.73    8.85  0.1490   -2.38    3.52    8.89    4.77    1.07     823
 25.500   -1.91    9.44  0.1374   -2.47    3.61    9.41    5.06    1.01     815
 26.000   -1.70    9.90  0.1588   -2.19    3.70    9.63    5.29    1.01     807
 26.500   -1.26   10.64  0.1873   -2.20    3.93   10.13    5.83    0.99     776
 27.000   -1.11   11.14  0.1578   -2.41    4.15   10.72    5.93    0.98     766
 27.500   -0.95   11.85  0.1836   -2.35    4.20   11.19    6.36    0.81     752
 28.000   -0.52   12.50  0.2043   -2.36    4.29   11.87    6.49    0.85     730
 28.500    0.12   13.30  0.2300   -2.13    4.78   12.56    6.95    0.85     718
 29.000    0.40   13.95  0.2417   -2.14    5.04   13.28    7.22    0.93     699
 29.500    0.94   15.03  0.2569   -1.86    5.29   14.19    7.74    0.97     668
 30.000    1.61   15.74  0.2934   -1.93    5.51   14.80    8.24    1.03     635
     T A B L E  I -   3.  W I N D  S T A T I S T I C A L  P A R A M E T E R S
                                     March
 Station =   72293      Vandenberg AFB, CA
    Z    MEAN U   SD  U  R(U,V)  MEAN V   SD  V MEAN WS  SD  WS SKEW WS    NOBS
    KM     M/S     M/S             M/S     M/S     M/S     M/S                 
  0.000    0.00    0.00  0.0000    0.00    0.00    0.00    0.00    0.00     100
  0.100    1.43    3.13 -0.5337   -1.93    3.68    4.48    3.00    1.12    1111
  0.500    1.47    3.99 -0.1987   -3.17    5.55    6.88    3.80    0.87    1115
  1.000    1.36    4.18 -0.0248   -3.25    6.61    7.65    4.13    0.87    1119
  1.500    1.86    4.58 -0.0675   -2.93    7.19    8.12    4.40    0.71    1123
  2.000    3.11    5.05 -0.0381   -2.90    7.56    8.97    4.71    0.66    1123
  2.500    4.50    5.86  0.0024   -2.95    7.98   10.07    5.17    0.63    1123
  3.000    5.82    6.76  0.0438   -3.03    8.42   11.28    5.77    0.59    1123
  3.500    6.99    7.44  0.0811   -3.09    9.10   12.53    6.43    0.67    1123
  4.000    8.17    8.32  0.0835   -3.16    9.90   13.89    7.25    0.79    1122
  4.500    9.34    9.15  0.0904   -3.02   10.53   15.16    7.90    0.77    1122
  5.000   10.41    9.88  0.1107   -2.90   11.10   16.34    8.49    0.75    1122
  5.500   11.56   10.66  0.1292   -2.80   11.66   17.53    9.21    0.75    1122
  6.000   12.53   11.17  0.1510   -2.90   12.43   18.81    9.58    0.74    1122
  6.500   13.48   11.84  0.1637   -3.07   13.11   20.11   10.03    0.69    1122
  7.000   14.51   12.58  0.1646   -3.13   13.97   21.49   10.65    0.64    1122
  7.500   15.46   13.22  0.1733   -3.28   14.87   22.83   11.20    0.60    1122
  8.000   16.38   13.90  0.1914   -3.62   15.74   24.22   11.75    0.56    1122
  8.500   17.30   14.62  0.2152   -3.84   16.49   25.47   12.41    0.53    1122
  9.000   18.41   15.14  0.2388   -4.09   17.23   26.78   12.89    0.48    1120
  9.500   19.49   15.61  0.2555   -4.22   17.82   27.99   13.29    0.39    1120
 10.000   20.53   15.94  0.2695   -4.44   18.04   29.00   13.50    0.38    1119
 10.500   21.69   16.19  0.2736   -4.39   18.15   29.90   13.73    0.40    1119
 11.000   23.00   16.16  0.2579   -4.60   18.00   30.80   13.77    0.44    1119
 11.500   24.33   15.70  0.2464   -4.29   17.39   31.21   13.76    0.51    1115
 12.000   25.20   15.09  0.2396   -4.00   16.46   31.13   13.51    0.62    1114
 12.500   25.56   14.13  0.2172   -3.34   15.26   30.59   12.86    0.62    1114
 13.000   25.30   12.79  0.2313   -2.77   13.99   29.57   11.75    0.56    1112
 13.500   24.66   11.80  0.2541   -2.19   12.93   28.35   10.89    0.54    1107
 14.000   23.97   11.05  0.2301   -1.72   11.93   27.18   10.28    0.49    1103
 14.500   22.86   10.13  0.2116   -1.70   11.28   25.90    9.45    0.34    1100
 15.000   21.50    9.29  0.2281   -1.43   10.64   24.31    8.65    0.24    1099
 15.500   20.10    8.40  0.2405   -1.08    9.74   22.63    7.88    0.18    1098
 16.000   18.50    7.69  0.2516   -1.09    8.86   20.84    7.09    0.13    1094
 16.500   16.73    7.17  0.2445   -1.17    8.20   18.88    6.69    0.15    1033
 17.000   15.14    6.70  0.2197   -0.97    7.47   17.16    6.34    0.18    1017
 17.500   13.24    6.49  0.2135   -1.02    7.03   15.30    6.06    0.28    1008
 18.000   11.64    6.13  0.1796   -0.90    6.09   13.47    5.65    0.38    1005
 18.500    9.63    5.60  0.2121   -0.78    5.52   11.37    5.19    0.47     993
 19.000    8.13    5.74  0.2162   -1.02    5.29   10.30    4.94    0.67     983
 19.500    6.66    5.69  0.2739   -1.14    4.95    9.20    4.67    1.07     979
 20.000    5.37    5.81  0.2885   -1.11    4.55    8.27    4.45    1.31     973
 20.500    3.92    5.80  0.1886   -1.25    4.40    7.30    4.18    1.06     966
 21.000    2.82    5.92  0.2334   -1.27    3.94    6.87    3.93    1.25     953
 21.500    2.06    6.24  0.1831   -1.34    3.78    6.73    3.99    1.28     941
 22.000    1.35    6.38  0.2100   -1.45    3.81    6.86    3.80    1.52     932
 22.500    0.69    6.57  0.2003   -1.60    3.64    7.04    3.66    1.24     924
 23.000    0.16    6.85  0.1528   -1.45    3.44    7.03    3.72    1.01     918
 23.500   -0.09    6.95  0.1086   -1.33    3.49    7.07    3.78    0.98     915
 24.000   -0.18    7.10  0.1555   -1.34    3.21    6.97    3.95    1.13     906
 24.500   -0.10    7.64  0.1620   -1.25    3.36    7.32    4.29    1.04     898
 25.000   -0.02    7.91  0.2396   -1.25    3.36    7.70    4.33    1.03     890
 25.500    0.34    8.46  0.2130   -1.32    3.51    8.24    4.52    1.12     878
 26.000    0.68    8.97  0.1812   -1.36    3.56    8.56    4.87    1.08     869
 26.500    1.13    9.52  0.2653   -1.12    3.65    8.87    5.37    0.99     845
 27.000    1.82   10.08  0.2532   -1.26    3.89    9.61    5.59    1.27     831
 27.500    2.64   10.66  0.2893   -1.23    3.85   10.18    5.92    0.97     827
 28.000    3.41   11.30  0.2786   -1.07    4.04   10.98    6.30    0.97     804
 28.500    4.45   12.00  0.2815   -1.22    4.64   11.92    6.85    1.02     786
 29.000    5.17   12.43  0.2798   -1.00    4.79   12.65    7.04    1.02     768
 29.500    6.20   13.18  0.3523   -0.91    4.97   13.58    7.60    0.88     736
 30.000    7.20   13.88  0.3054   -0.90    5.43   14.47    8.25    1.04     697
     T A B L E  I -   4.  W I N D  S T A T I S T I C A L  P A R A M E T E R S
                                     April
 Station =   72293      Vandenberg AFB, CA
    Z    MEAN U   SD  U  R(U,V)  MEAN V   SD  V MEAN WS  SD  WS SKEW WS    NOBS
    KM     M/S     M/S             M/S     M/S     M/S     M/S                 
  0.000    0.00    0.00  0.0000    0.00    0.00    0.00    0.00    0.00     100
  0.100    2.25    3.03 -0.5818   -2.72    3.64    4.92    3.27    1.02    1031
  0.500    2.22    3.90 -0.2522   -4.35    5.14    7.26    3.93    0.89    1035
  1.000    1.68    3.91 -0.0803   -4.32    5.89    7.70    3.77    0.61    1042
  1.500    1.75    4.23 -0.0993   -3.90    6.45    7.84    4.09    0.60    1044
  2.000    2.95    4.83 -0.1177   -3.70    7.03    8.81    4.43    0.54    1045
  2.500    4.43    5.60 -0.1166   -3.51    7.73    9.94    5.06    0.59    1045
  3.000    5.97    6.43 -0.0790   -3.43    8.45   11.20    5.95    0.66    1045
  3.500    7.47    7.26 -0.0649   -3.23    9.18   12.63    6.73    0.73    1045
  4.000    8.81    7.93 -0.0130   -3.06    9.78   13.93    7.29    0.67    1045
  4.500   10.15    8.65  0.0194   -2.90   10.42   15.24    8.00    0.64    1045
  5.000   11.49    9.30  0.0640   -2.65   10.97   16.57    8.53    0.62    1045
  5.500   12.64   10.11  0.0878   -2.41   11.66   17.95    9.08    0.62    1045
  6.000   13.88   10.69  0.0988   -2.40   12.36   19.28    9.70    0.60    1045
  6.500   15.04   11.14  0.1149   -2.48   13.18   20.66   10.25    0.58    1043
  7.000   16.06   11.67  0.1203   -2.48   13.96   21.82   10.95    0.58    1043
  7.500   17.17   12.27  0.1373   -2.61   14.87   23.19   11.66    0.53    1043
  8.000   18.08   12.83  0.1570   -2.66   15.59   24.37   12.21    0.50    1043
  8.500   19.00   13.31  0.1805   -2.58   16.17   25.53   12.53    0.46    1043
  9.000   20.05   13.80  0.2073   -2.51   16.79   26.77   12.83    0.42    1043
  9.500   21.17   14.10  0.2310   -2.28   17.25   27.90   13.14    0.38    1041
 10.000   22.25   14.35  0.2474   -2.19   17.60   28.96   13.38    0.36    1040
 10.500   23.08   14.42  0.2636   -2.03   17.57   29.53   13.49    0.36    1039
 11.000   24.03   14.45  0.2604   -1.96   17.37   30.26   13.35    0.28    1038
 11.500   24.58   14.06  0.2626   -1.69   16.82   30.36   13.02    0.25    1038
 12.000   24.92   13.42  0.2695   -1.25   16.02   30.10   12.45    0.24    1038
 12.500   25.09   12.66  0.2613   -0.72   15.10   29.73   11.75    0.29    1037
 13.000   24.82   11.76  0.2511   -0.17   13.88   28.78   11.11    0.34    1034
 13.500   24.29   10.74  0.2202    0.21   12.77   27.66   10.29    0.37    1031
 14.000   23.08    9.68  0.2324    0.52   11.69   26.02    9.37    0.36    1026
 14.500   22.10    9.09  0.2159    0.88   10.87   24.81    8.81    0.33    1024
 15.000   20.95    8.45  0.2115    1.06   10.18   23.45    8.18    0.35    1022
 15.500   19.55    7.72  0.1924    1.14    9.40   21.85    7.51    0.30    1018
 16.000   18.00    7.18  0.1895    1.06    8.54   20.11    6.93    0.31    1015
 16.500   16.36    6.63  0.1889    0.96    7.80   18.25    6.39    0.32     969
 17.000   14.69    5.93  0.1701    0.84    7.13   16.49    5.79    0.37     952
 17.500   13.05    5.62  0.1687    0.74    6.32   14.68    5.44    0.37     949
 18.000   11.18    5.32  0.1527    0.78    5.84   12.81    5.12    0.46     949
 18.500    9.47    5.21  0.1227    0.64    5.14   11.02    4.86    0.54     945
 19.000    8.05    4.75  0.1285    0.54    4.94    9.75    4.33    0.68     940
 19.500    6.87    4.48  0.2176    0.25    4.57    8.66    4.07    1.01     937
 20.000    5.67    4.47  0.1873    0.02    4.01    7.58    3.78    1.18     931
 20.500    4.50    4.67  0.1453   -0.14    3.80    6.62    3.73    1.27     930
 21.000    3.42    4.47  0.1884   -0.40    3.55    5.95    3.44    1.48     924
 21.500    2.77    4.54  0.1523   -0.57    3.43    5.52    3.39    1.24     920
 22.000    2.37    4.70  0.2007   -0.72    3.39    5.74    3.11    1.48     917
 22.500    2.04    4.71  0.2054   -0.64    3.31    5.70    3.00    1.56     912
 23.000    1.71    4.82  0.2482   -0.57    3.30    5.58    3.00    1.63     906
 23.500    1.60    4.92  0.2080   -0.63    3.24    5.52    3.16    1.62     904
 24.000    1.56    5.06  0.2422   -0.44    3.28    5.39    3.35    1.53     894
 24.500    2.00    5.48  0.2628   -0.35    3.37    5.78    3.62    1.44     885
 25.000    2.53    5.58  0.2747   -0.34    3.34    6.37    3.39    1.37     881
 25.500    3.06    6.05  0.2531   -0.28    3.42    6.84    3.74    1.40     874
 26.000    3.78    6.38  0.2351   -0.31    3.49    7.34    3.95    1.31     867
 26.500    4.29    6.70  0.2295   -0.29    3.41    7.54    4.36    1.11     850
 27.000    5.19    7.19  0.2496   -0.21    3.70    8.47    4.69    1.03     831
 27.500    5.86    7.62  0.1852    0.01    3.75    9.08    5.02    0.85     824
 28.000    6.72    7.96  0.2118    0.07    3.93   10.01    5.24    0.92     801
 28.500    7.55    8.39  0.2382    0.05    4.28   10.68    5.78    1.03     787
 29.000    8.54    8.65  0.2012    0.21    4.43   11.65    5.94    0.92     765
 29.500    9.51    9.13  0.1435    0.32    4.69   12.60    6.41    0.86     730
 30.000   10.38    9.56  0.1317    0.69    5.27   13.58    6.72    0.72     696
     T A B L E  I -   5.  W I N D  S T A T I S T I C A L  P A R A M E T E R S
                                       May
 Station =   72293      Vandenberg AFB, CA
    Z    MEAN U   SD  U  R(U,V)  MEAN V   SD  V MEAN WS  SD  WS SKEW WS    NOBS
    KM     M/S     M/S             M/S     M/S     M/S     M/S                 
  0.000    0.00    0.00  0.0000    0.00    0.00    0.00    0.00    0.00     100
  0.100    2.41    2.62 -0.5893   -2.87    3.30    4.75    3.04    0.89    1054
  0.500    2.22    3.52 -0.3054   -4.43    4.36    6.84    3.42    0.76    1058
  1.000    1.19    3.62 -0.1063   -4.43    5.07    7.16    3.31    0.65    1076
  1.500    0.94    3.60 -0.2202   -3.80    5.43    6.74    3.57    0.72    1081
  2.000    1.97    4.25 -0.2847   -3.25    6.04    7.43    3.94    0.67    1082
  2.500    3.23    4.99 -0.2734   -2.80    6.63    8.24    4.50    0.71    1081
  3.000    4.38    5.74 -0.2403   -2.26    7.05    9.03    5.13    0.82    1081
  3.500    5.60    6.14 -0.1482   -2.01    7.42    9.83    5.73    0.85    1081
  4.000    6.63    6.71 -0.0828   -1.76    7.87   10.72    6.34    0.84    1081
  4.500    7.65    7.28 -0.0497   -1.63    8.33   11.72    6.90    0.82    1081
  5.000    8.65    7.92  0.0028   -1.49    8.78   12.78    7.40    0.77    1079
  5.500    9.64    8.48  0.0319   -1.23    9.39   13.89    7.91    0.76    1077
  6.000   10.62    9.05  0.0676   -1.14   10.02   15.00    8.49    0.79    1068
  6.500   11.59    9.77  0.0875   -1.05   10.84   16.31    9.17    0.90    1053
  7.000   12.41   10.48  0.1208   -1.02   11.59   17.44    9.81    0.93    1053
  7.500   13.33   11.09  0.1310   -0.93   12.33   18.60   10.39    0.88    1052
  8.000   14.21   11.66  0.1572   -0.96   12.97   19.78   10.82    0.87    1052
  8.500   15.14   12.12  0.1734   -0.91   13.64   20.88   11.33    0.88    1052
  9.000   15.97   12.65  0.1979   -0.81   14.37   21.95   11.89    0.87    1052
  9.500   16.64   13.25  0.2138   -0.72   14.99   22.89   12.41    0.83    1052
 10.000   17.36   13.62  0.2273   -0.77   15.65   23.91   12.76    0.79    1052
 10.500   18.03   13.91  0.2470   -0.81   15.96   24.70   12.86    0.73    1052
 11.000   18.73   14.10  0.2508   -0.80   15.97   25.40   12.70    0.66    1052
 11.500   19.24   14.15  0.2418   -0.66   15.63   25.77   12.39    0.55    1049
 12.000   19.67   13.77  0.2284   -0.37   15.16   25.85   11.82    0.46    1049
 12.500   19.91   13.07  0.2162   -0.17   14.33   25.52   11.11    0.42    1049
 13.000   19.76   12.21  0.2215    0.21   13.15   24.79   10.11    0.41    1047
 13.500   19.40   11.19  0.2042    0.81   12.02   23.71    9.37    0.37    1045
 14.000   18.50    9.98  0.2072    1.21   10.70   22.06    8.51    0.33    1044
 14.500   17.61    9.01  0.1996    1.38    9.83   20.82    7.72    0.35    1042
 15.000   16.40    8.39  0.2214    1.47    8.94   19.30    7.10    0.38    1040
 15.500   15.24    7.74  0.2031    1.70    7.91   17.81    6.55    0.35    1037
 16.000   13.84    7.16  0.1763    1.68    7.27   16.24    6.09    0.35    1037
 16.500   12.31    6.57  0.1355    1.60    6.43   14.40    5.63    0.35    1002
 17.000   10.68    6.12  0.1325    1.34    5.78   12.78    5.11    0.47     973
 17.500    9.02    5.55  0.0962    1.05    5.28   11.06    4.59    0.64     967
 18.000    7.25    5.18  0.0807    1.02    4.78    9.38    4.20    0.88     966
 18.500    5.58    4.77  0.0736    0.89    4.35    7.90    3.66    0.63     961
 19.000    4.12    4.58  0.1151    0.56    4.21    6.88    3.22    0.68     958
 19.500    2.92    4.33  0.1169    0.32    3.84    6.17    2.77    0.82     954
 20.000    1.70    4.14  0.0836    0.04    3.70    5.67    2.48    0.85     943
 20.500    0.52    4.11  0.0566   -0.10    3.58    5.09    2.49    0.89     939
 21.000   -0.33    3.83  0.0736   -0.28    3.21    4.68    2.44    0.76     938
 21.500   -1.05    3.93  0.0817   -0.46    3.23    4.72    2.64    0.83     934
 22.000   -1.69    3.92  0.0620   -0.64    3.08    5.02    2.40    0.69     930
 22.500   -1.92    3.87  0.0490   -0.57    3.11    5.18    2.36    0.38     922
 23.000   -2.05    4.06  0.0521   -0.65    3.01    5.20    2.49    0.64     920
 23.500   -2.14    4.24  0.0825   -0.69    3.05    5.36    2.60    0.63     919
 24.000   -2.03    4.36  0.1354   -0.71    2.93    5.00    2.88    0.95     911
 24.500   -1.99    4.78  0.0852   -0.66    3.16    5.39    2.98    0.73     901
 25.000   -1.69    4.92  0.0626   -0.67    3.07    5.74    2.70    0.66     899
 25.500   -1.35    5.27  0.0660   -0.62    3.17    5.93    2.84    0.68     897
 26.000   -1.06    5.51  0.1275   -0.69    3.37    6.11    2.98    0.85     893
 26.500   -0.84    5.76  0.0910   -0.56    3.08    6.02    3.08    0.80     887
 27.000   -0.48    6.21  0.1448   -0.38    3.32    6.38    3.24    0.82     857
 27.500   -0.20    6.53  0.0653   -0.14    3.59    6.70    3.49    0.87     854
 28.000    0.18    6.82  0.0052   -0.37    3.56    7.11    3.42    0.91     832
 28.500    0.48    7.07  0.0199   -0.15    3.97    7.51    3.39    0.99     812
 29.000    0.85    7.14  0.0535   -0.09    4.09    7.79    3.53    0.92     789
 29.500    1.08    7.47  0.0657   -0.13    4.27    8.06    3.68    0.88     756
 30.000    1.23    7.78 -0.0298   -0.33    4.52    8.29    4.05    1.11     711
     T A B L E  I -   6.  W I N D  S T A T I S T I C A L  P A R A M E T E R S
                                      June
 Station =   72293      Vandenberg AFB, CA
    Z    MEAN U   SD  U  R(U,V)  MEAN V   SD  V MEAN WS  SD  WS SKEW WS    NOBS
    KM     M/S     M/S             M/S     M/S     M/S     M/S                 
  0.000    0.00    0.00  0.0000    0.00    0.00    0.00    0.00    0.00     100
  0.100    2.58    2.28 -0.6238   -2.68    2.80    4.37    2.79    0.87     954
  0.500    2.16    3.10 -0.3055   -4.18    3.80    6.17    3.27    0.98     963
  1.000    0.92    3.40 -0.0950   -4.26    4.21    6.49    3.00    0.43     981
  1.500    0.51    3.44 -0.1848   -3.65    4.50    6.02    3.12    0.61     988
  2.000    1.36    3.94 -0.2757   -2.97    4.92    6.39    3.33    0.72     990
  2.500    2.42    4.47 -0.2917   -2.19    5.31    6.80    3.66    0.86     990
  3.000    3.35    5.02 -0.2375   -1.42    5.62    7.37    4.07    1.01     990
  3.500    4.20    5.61 -0.1854   -0.89    5.93    8.09    4.56    1.05     989
  4.000    4.94    6.21 -0.1445   -0.40    6.36    8.89    5.05    1.05     989
  4.500    5.60    6.57 -0.0925    0.04    6.81    9.56    5.55    1.09     989
  5.000    6.43    6.99 -0.0627    0.29    7.34   10.39    6.12    1.07     988
  5.500    7.14    7.50 -0.0355    0.49    7.86   11.23    6.64    1.05     988
  6.000    7.84    7.80 -0.0151    0.77    8.24   11.90    7.04    0.95     988
  6.500    8.58    8.18 -0.0001    0.95    8.60   12.76    7.34    0.91     988
  7.000    9.19    8.44  0.0041    1.05    9.05   13.45    7.68    0.92     988
  7.500    9.79    8.73  0.0206    1.20    9.57   14.11    8.16    0.94     987
  8.000   10.41    9.01  0.0383    1.19   10.18   14.98    8.46    0.93     987
  8.500   11.02    9.44  0.0617    1.15   10.77   15.86    8.82    0.95     987
  9.000   11.74    9.81  0.0773    1.26   11.31   16.68    9.28    0.91     987
  9.500   12.34   10.16  0.1084    1.40   11.88   17.48    9.68    0.82     987
 10.000   13.16   10.70  0.1189    1.57   12.21   18.46   10.00    0.76     987
 10.500   14.00   11.05  0.1269    1.71   12.62   19.36   10.32    0.74     987
 11.000   14.87   11.31  0.1518    1.79   12.86   20.14   10.61    0.67     987
 11.500   15.59   11.44  0.1664    2.04   12.83   20.79   10.61    0.59     987
 12.000   16.19   11.36  0.1955    2.40   12.79   21.31   10.39    0.54     987
 12.500   16.71   11.12  0.2078    2.87   12.64   21.60   10.28    0.49     987
 13.000   17.12   10.69  0.2159    3.35   12.11   21.69    9.92    0.48     985
 13.500   17.19   10.09  0.1915    3.61   11.45   21.39    9.31    0.38     984
 14.000   16.57    9.29  0.1901    3.91   10.30   20.28    8.52    0.33     981
 14.500   15.52    8.49  0.1779    4.05    9.48   18.97    7.89    0.27     977
 15.000   13.99    7.78  0.1990    3.87    8.52   17.11    7.27    0.30     977
 15.500   12.25    6.97  0.1399    3.52    7.61   15.23    6.31    0.25     977
 16.000   10.30    6.34  0.1160    3.24    6.83   13.24    5.63    0.44     976
 16.500    8.29    5.80  0.1273    2.73    6.11   11.04    5.14    0.62     975
 17.000    6.32    5.22  0.0993    2.15    5.33    9.25    4.23    0.98     933
 17.500    4.35    4.88  0.0769    1.73    4.88    7.84    3.39    0.89     932
 18.000    2.46    4.50  0.0953    1.42    4.41    6.64    2.75    0.77     929
 18.500    0.71    4.21  0.0518    0.93    3.93    5.68    2.49    0.58     915
 19.000   -1.06    4.02  0.0325    0.77    3.85    5.32    2.52    0.65     905
 19.500   -2.36    3.97  0.0746    0.66    3.58    5.82    2.35    0.67     901
 20.000   -3.57    3.68  0.0713    0.46    3.31    6.05    2.49    0.71     895
 20.500   -4.55    3.53  0.0016    0.16    3.32    6.28    2.66    0.71     894
 21.000   -5.36    3.50 -0.0110    0.01    3.00    6.50    3.00    0.50     888
 21.500   -6.05    3.45 -0.0056   -0.09    3.00    7.14    2.94    0.28     887
 22.000   -6.70    3.32 -0.0047   -0.27    3.04    7.71    2.81    0.47     886
 22.500   -7.42    3.19  0.0683   -0.38    2.78    8.27    2.80    0.38     884
 23.000   -7.95    3.43 -0.0743   -0.55    3.02    8.77    3.04    0.41     879
 23.500   -8.41    3.59 -0.0246   -0.50    2.76    9.16    3.15    0.31     878
 24.000   -8.53    3.59  0.0063   -0.41    2.77    9.19    3.32    0.15     875
 24.500   -9.08    3.90  0.0192   -0.37    2.91    9.65    3.66    0.19     869
 25.000   -9.20    3.74  0.0155   -0.34    2.71    9.81    3.50    0.42     861
 25.500   -9.46    3.86  0.0223   -0.32    2.78   10.08    3.58    0.27     856
 26.000   -9.64    4.09  0.0116   -0.35    2.72   10.22    3.83    0.44     853
 26.500   -9.82    4.42  0.0018   -0.28    2.83   10.44    4.16    0.41     852
 27.000  -10.09    4.67  0.0048   -0.10    3.03   10.71    4.37    0.24     834
 27.500  -10.09    4.66 -0.0227    0.15    2.98   10.73    4.34    0.23     830
 28.000  -10.17    4.71  0.0111    0.04    2.88   10.83    4.39    0.33     812
 28.500  -10.37    4.87 -0.0280    0.01    3.54   11.16    4.53    0.39     804
 29.000  -10.59    4.79  0.0410    0.05    3.24   11.35    4.41    0.30     781
 29.500  -10.74    5.23  0.0453   -0.10    3.61   11.66    4.76    0.50     751
 30.000  -10.79    5.48  0.0305   -0.31    3.87   11.78    5.00    0.38     704
     T A B L E  I -   7.  W I N D  S T A T I S T I C A L  P A R A M E T E R S
                                      July
 Station =   72293      Vandenberg AFB, CA
    Z    MEAN U   SD  U  R(U,V)  MEAN V   SD  V MEAN WS  SD  WS SKEW WS    NOBS
    KM     M/S     M/S             M/S     M/S     M/S     M/S                 
  0.000    0.00    0.00  0.0000    0.00    0.00    0.00    0.00    0.00     100
  0.100    2.26    1.93 -0.6061   -2.12    2.14    3.59    2.24    0.88     908
  0.500    1.46    2.61 -0.4587   -2.43    3.53    4.79    2.74    1.20     915
  1.000    0.26    3.02 -0.3650   -1.93    4.47    5.34    2.64    0.74     939
  1.500   -0.45    2.96 -0.2200   -1.27    4.29    4.78    2.60    0.87     943
  2.000   -0.16    3.54 -0.2370   -0.39    4.24    5.02    2.62    1.10     947
  2.500    0.63    3.91 -0.1936    0.67    4.36    5.31    2.78    0.98     947
  3.000    1.10    4.22 -0.1400    1.64    4.46    5.77    3.03    0.95     947
  3.500    1.39    4.68 -0.1097    2.41    4.51    6.33    3.29    0.87     946
  4.000    1.48    5.15 -0.0480    2.98    4.71    6.95    3.53    0.82     946
  4.500    1.75    5.42 -0.0005    3.31    4.86    7.39    3.69    0.65     946
  5.000    2.09    5.68  0.0535    3.52    5.09    7.75    4.03    0.60     946
  5.500    2.39    6.10  0.0741    3.69    5.19    8.13    4.31    0.69     945
  6.000    2.78    6.41  0.0814    3.95    5.47    8.58    4.60    0.61     945
  6.500    3.32    6.70  0.0956    4.18    5.73    9.24    4.71    0.76     945
  7.000    3.95    7.01  0.1277    4.43    6.15    9.97    4.91    0.79     945
  7.500    4.51    7.45  0.1596    4.80    6.58   10.70    5.33    0.70     945
  8.000    5.02    7.77  0.1555    5.17    7.03   11.53    5.48    0.76     945
  8.500    5.65    8.22  0.1462    5.59    7.49   12.40    5.87    0.77     945
  9.000    6.34    8.46  0.1374    6.19    7.92   13.24    6.23    0.78     945
  9.500    7.01    8.89  0.1485    6.83    8.32   14.12    6.73    0.72     945
 10.000    7.68    9.27  0.1664    7.35    8.73   14.98    7.19    0.62     944
 10.500    8.36    9.65  0.1726    8.10    9.16   15.96    7.68    0.59     944
 11.000    8.96   10.11  0.1550    8.81    9.50   16.87    8.14    0.52     944
 11.500    9.45   10.47  0.1463    9.36    9.72   17.64    8.45    0.49     943
 12.000    9.93   10.73  0.1504    9.66    9.87   18.10    8.86    0.48     943
 12.500   10.27   10.74  0.1470    9.79    9.79   18.18    9.08    0.48     942
 13.000   10.23   10.36  0.1547    9.62    9.43   17.85    8.76    0.53     941
 13.500    9.89    9.92  0.1787    9.30    8.99   17.16    8.43    0.55     940
 14.000    9.29    9.30  0.1760    8.84    8.27   16.10    7.86    0.57     938
 14.500    8.44    8.67  0.1641    8.07    7.65   14.79    7.31    0.61     936
 15.000    7.23    7.97  0.1585    7.14    6.90   13.13    6.62    0.71     932
 15.500    5.68    7.03  0.1137    6.01    6.00   11.19    5.61    0.78     932
 16.000    3.68    6.27  0.0498    5.04    5.42    9.55    4.54    0.80     931
 16.500    1.86    5.58 -0.0022    3.98    5.11    7.95    3.93    0.79     930
 17.000    0.04    4.84  0.0747    3.23    4.64    7.01    3.20    0.74     891
 17.500   -1.45    4.51  0.0371    2.69    4.11    6.68    2.62    0.65     886
 18.000   -2.81    4.11  0.0230    2.07    3.78    6.46    2.47    0.78     885
 18.500   -4.18    3.82  0.0245    1.59    3.47    6.57    2.70    0.61     882
 19.000   -5.18    3.66  0.0277    1.28    3.31    6.72    2.98    0.56     877
 19.500   -6.45    3.35  0.0110    1.03    3.03    7.61    2.88    0.59     876
 20.000   -7.31    3.16 -0.0056    0.86    2.74    8.18    2.84    0.44     873
 20.500   -8.22    3.20 -0.0324    0.68    3.00    8.91    3.03    0.49     871
 21.000   -8.81    3.01 -0.0277    0.46    2.64    9.28    2.92    0.21     869
 21.500   -9.71    2.94 -0.0662    0.27    2.59   10.13    2.89    0.29     865
 22.000  -10.48    2.83 -0.0853   -0.04    2.66   10.90    2.76    0.28     864
 22.500  -11.13    2.57 -0.0434   -0.14    2.47   11.52    2.53    0.10     864
 23.000  -11.95    2.87 -0.0660   -0.25    2.63   12.32    2.81    0.19     863
 23.500  -12.69    2.95 -0.0266   -0.29    2.52   13.02    2.91    0.26     860
 24.000  -13.37    3.00 -0.0154   -0.28    2.61   13.71    2.93    0.16     854
 24.500  -14.02    3.06  0.0064   -0.14    2.93   14.33    3.05    0.19     842
 25.000  -14.40    2.99 -0.0441   -0.22    2.49   14.70    2.97    0.07     833
 25.500  -14.84    3.16  0.0006    0.01    2.65   15.15    3.13    0.02     829
 26.000  -15.31    3.22  0.0048   -0.25    2.88   15.64    3.19    0.13     826
 26.500  -15.83    3.12 -0.0446   -0.01    2.78   16.15    3.10    0.02     820
 27.000  -16.14    3.24 -0.0481    0.16    2.93   16.43    3.23    0.06     807
 27.500  -16.60    3.26  0.0414    0.03    2.86   16.88    3.21   -0.12     776
 28.000  -16.61    3.30 -0.0270   -0.08    2.83   16.94    3.27    0.09     764
 28.500  -16.99    3.42 -0.0201    0.05    3.18   17.33    3.38    0.13     754
 29.000  -17.34    3.71 -0.0268   -0.05    3.03   17.69    3.68    0.21     746
 29.500  -17.74    3.84  0.0706   -0.05    3.42   18.16    3.77    0.38     715
 30.000  -18.08    4.18  0.1284   -0.05    3.98   18.59    4.09    0.45     679
     T A B L E  I -   8.  W I N D  S T A T I S T I C A L  P A R A M E T E R S
                                    August
 Station =   72293      Vandenberg AFB, CA
    Z    MEAN U   SD  U  R(U,V)  MEAN V   SD  V MEAN WS  SD  WS SKEW WS    NOBS
    KM     M/S     M/S             M/S     M/S     M/S     M/S                 
  0.000    0.00    0.00  0.0000    0.00    0.00    0.00    0.00    0.00     100
  0.100    2.17    2.00 -0.5865   -2.17    2.09    3.60    2.19    0.79     933
  0.500    1.59    2.37 -0.3944   -2.39    3.13    4.50    2.45    1.23     940
  1.000    0.42    2.76 -0.3842   -1.55    3.92    4.71    2.44    0.70     959
  1.500   -0.29    3.03 -0.2880   -0.59    4.04    4.46    2.54    1.14     969
  2.000    0.12    3.65 -0.2358    0.38    4.07    4.92    2.63    1.09     975
  2.500    0.75    4.23 -0.1796    1.36    4.09    5.44    2.88    0.85     974
  3.000    1.28    4.51 -0.1569    2.11    4.10    5.89    3.08    0.76     974
  3.500    1.74    4.66 -0.1113    2.58    4.18    6.30    3.18    0.70     973
  4.000    2.18    4.90 -0.0488    3.04    4.26    6.79    3.32    0.68     973
  4.500    2.48    5.12  0.0028    3.23    4.47    7.16    3.56    0.72     973
  5.000    2.94    5.43  0.0309    3.37    4.74    7.61    3.89    0.72     973
  5.500    3.40    5.53  0.0678    3.46    5.05    7.96    4.14    0.89     973
  6.000    3.97    5.75  0.0959    3.66    5.39    8.45    4.48    0.77     971
  6.500    4.75    5.92  0.1375    3.78    5.86    9.22    4.73    0.71     967
  7.000    5.54    6.15  0.1361    3.99    6.30    9.96    5.11    0.75     967
  7.500    6.40    6.49  0.1591    4.30    6.84   10.82    5.66    0.70     965
  8.000    7.28    6.92  0.1554    4.64    7.31   11.85    6.05    0.70     964
  8.500    8.23    7.49  0.1320    5.06    7.95   13.05    6.62    0.70     964
  9.000    9.16    7.88  0.1111    5.44    8.54   14.13    7.07    0.58     964
  9.500   10.09    8.27  0.0828    5.90    9.08   15.21    7.53    0.53     964
 10.000   10.99    8.71  0.0822    6.36    9.70   16.38    8.01    0.52     959
 10.500   11.98    9.16  0.0697    6.85   10.20   17.57    8.45    0.51     959
 11.000   12.99    9.42  0.0333    7.41   10.67   18.68    8.82    0.45     959
 11.500   13.81    9.63 -0.0020    7.87   10.87   19.61    9.00    0.46     959
 12.000   14.46    9.69 -0.0265    8.21   10.95   20.28    9.04    0.43     957
 12.500   14.68    9.62 -0.0225    8.56   10.98   20.57    8.94    0.37     957
 13.000   14.64    9.41 -0.0141    8.66   10.64   20.45    8.69    0.38     957
 13.500   14.10    9.10  0.0027    8.55   10.09   19.71    8.40    0.30     956
 14.000   13.23    8.59 -0.0056    8.22    9.18   18.45    7.88    0.26     956
 14.500   11.74    7.92 -0.0099    7.38    8.34   16.58    7.20    0.32     954
 15.000   10.11    7.18  0.0401    6.36    7.34   14.46    6.38    0.44     947
 15.500    8.07    6.32  0.0219    5.45    6.36   12.24    5.34    0.46     945
 16.000    5.95    5.71 -0.0417    4.51    5.31   10.13    4.23    0.48     944
 16.500    3.69    5.15 -0.1629    3.55    5.02    8.21    3.53    0.62     944
 17.000    1.59    4.60 -0.1050    2.80    4.57    6.96    2.83    0.67     881
 17.500   -0.05    4.46 -0.0442    2.31    4.13    6.42    2.39    0.35     879
 18.000   -1.52    4.14 -0.0587    1.73    3.85    6.05    2.43    0.60     879
 18.500   -2.96    3.80 -0.0251    1.34    3.48    5.90    2.55    0.63     869
 19.000   -4.26    3.76 -0.0191    0.97    3.34    6.09    2.94    0.47     863
 19.500   -5.36    3.38  0.0174    0.80    3.20    6.84    2.76    0.51     861
 20.000   -6.41    3.14 -0.0103    0.67    2.91    7.51    2.68    0.40     859
 20.500   -7.21    3.10  0.0347    0.36    3.06    8.07    2.72    0.43     859
 21.000   -8.07    3.21 -0.0774    0.13    2.63    8.60    3.01    0.12     857
 21.500   -9.01    3.10 -0.0292    0.11    2.56    9.49    3.00    0.11     852
 22.000   -9.81    2.93 -0.0488    0.03    2.61   10.24    2.85    0.25     851
 22.500  -10.43    2.91 -0.0055   -0.04    2.56   10.87    2.86    0.29     850
 23.000  -11.23    2.93 -0.0658   -0.36    2.58   11.61    2.86    0.11     847
 23.500  -12.12    2.89 -0.0313   -0.32    2.57   12.48    2.85    0.06     845
 24.000  -12.81    2.93 -0.0351   -0.19    2.47   13.13    2.91    0.14     844
 24.500  -13.34    3.13 -0.0097   -0.23    2.89   13.66    3.12    0.14     839
 25.000  -13.89    2.98 -0.0209   -0.15    2.57   14.21    2.97    0.06     833
 25.500  -14.15    3.13 -0.0295    0.02    2.55   14.47    3.08    0.08     831
 26.000  -14.65    3.13  0.0057   -0.07    2.76   14.96    3.08    0.05     830
 26.500  -15.08    3.15 -0.0484   -0.05    2.62   15.39    3.10    0.12     827
 27.000  -15.34    3.23 -0.0041    0.00    2.82   15.63    3.20    0.04     811
 27.500  -15.72    3.31  0.0155    0.10    2.80   16.02    3.30   -0.08     802
 28.000  -16.01    3.48 -0.0044   -0.08    2.79   16.34    3.44    0.18     786
 28.500  -16.31    3.72 -0.0674   -0.02    3.15   16.65    3.69    0.03     777
 29.000  -16.60    3.69 -0.0222   -0.18    3.10   16.97    3.66    0.06     760
 29.500  -17.06    3.96 -0.0196   -0.21    3.45   17.49    3.95    0.08     739
 30.000  -17.58    4.04 -0.0419   -0.51    3.55   18.01    4.03    0.21     695
     T A B L E  I -   9.  W I N D  S T A T I S T I C A L  P A R A M E T E R S
                                 September
 Station =   72293      Vandenberg AFB, CA
    Z    MEAN U   SD  U  R(U,V)  MEAN V   SD  V MEAN WS  SD  WS SKEW WS    NOBS
    KM     M/S     M/S             M/S     M/S     M/S     M/S                 
  0.000    0.00    0.00  0.0000    0.00    0.00    0.00    0.00    0.00     100
  0.100    1.72    2.25 -0.6168   -2.01    2.38    3.49    2.35    1.07     893
  0.500    1.32    2.95 -0.4039   -2.49    3.56    4.98    2.78    0.98     899
  1.000    0.13    3.14 -0.3198   -1.60    4.38    5.20    2.72    0.78     921
  1.500   -0.62    3.66 -0.3325   -0.49    4.73    5.30    2.96    1.01     927
  2.000   -0.21    4.29 -0.3048    0.34    4.97    5.91    3.15    0.96     931
  2.500    0.34    5.13 -0.2442    0.88    5.43    6.74    3.47    0.75     931
  3.000    1.13    5.63 -0.1849    1.36    5.83    7.43    3.80    0.59     931
  3.500    2.02    5.98 -0.1726    1.42    6.09    7.97    4.09    0.69     931
  4.000    3.02    6.39 -0.1230    1.49    6.46    8.52    4.74    0.98     931
  4.500    3.87    6.71 -0.0770    1.53    6.81    9.13    5.16    1.01     930
  5.000    4.71    7.16 -0.0305    1.45    7.08    9.78    5.59    1.05     930
  5.500    5.43    7.61  0.0259    1.40    7.59   10.52    6.10    1.12     930
  6.000    6.26    7.91  0.0758    1.52    8.02   11.23    6.53    1.02     930
  6.500    7.17    8.28  0.0936    1.67    8.56   12.21    6.95    1.05     929
  7.000    8.16    8.69  0.1142    1.89    9.02   13.23    7.29    0.98     929
  7.500    9.13    9.09  0.1614    2.19    9.45   14.07    7.91    0.87     929
  8.000   10.22    9.58  0.1951    2.57    9.93   15.27    8.35    0.85     929
  8.500   11.18   10.11  0.2178    2.74   10.60   16.46    8.83    0.81     928
  9.000   12.22   10.53  0.2577    2.92   11.09   17.54    9.24    0.79     927
  9.500   13.41   10.93  0.2745    3.21   11.57   18.69    9.72    0.78     926
 10.000   14.65   11.32  0.2813    3.52   11.94   19.96   10.05    0.67     921
 10.500   16.01   11.69  0.3022    4.03   12.23   21.19   10.55    0.60     919
 11.000   17.55   11.91  0.2858    4.51   12.52   22.57   10.85    0.52     919
 11.500   18.68   11.96  0.2835    4.93   12.60   23.59   11.01    0.47     919
 12.000   19.58   11.95  0.2642    5.35   12.43   24.26   11.08    0.41     919
 12.500   20.09   11.53  0.2646    5.74   11.90   24.37   10.87    0.31     917
 13.000   20.11   11.10  0.2760    5.79   11.24   24.04   10.58    0.35     916
 13.500   19.71   10.64  0.2515    5.88   10.52   23.33   10.24    0.37     915
 14.000   18.63    9.91  0.2438    5.76    9.81   22.02    9.56    0.36     914
 14.500   17.45    9.04  0.2279    5.43    8.96   20.52    8.81    0.31     909
 15.000   15.90    8.24  0.2303    5.00    8.33   18.84    7.87    0.31     903
 15.500   13.91    7.25  0.2133    4.21    7.49   16.63    6.77    0.32     900
 16.000   11.64    6.49  0.1664    3.48    6.51   14.13    5.97    0.43     896
 16.500    9.40    6.05  0.1302    2.71    5.86   11.80    5.36    0.47     895
 17.000    7.25    5.53  0.1109    1.85    5.24    9.83    4.58    0.66     857
 17.500    5.28    5.19  0.1233    1.39    4.84    8.36    3.87    0.87     848
 18.000    3.35    4.85  0.0726    1.03    4.36    7.05    3.08    1.01     847
 18.500    1.81    4.56  0.0701    0.55    3.90    5.98    2.73    0.88     835
 19.000    0.21    4.55 -0.0335    0.21    3.85    5.53    2.58    0.76     832
 19.500   -0.87    4.34 -0.0079    0.00    3.58    5.62    2.26    0.55     832
 20.000   -1.89    4.24 -0.0264   -0.33    3.55    5.82    2.27    0.53     826
 20.500   -2.73    3.95  0.0442   -0.26    3.48    5.68    2.33    0.62     825
 21.000   -3.40    3.72  0.0395   -0.29    3.19    5.46    2.63    0.49     819
 21.500   -4.02    3.86 -0.0083   -0.29    3.03    5.89    2.73    0.52     813
 22.000   -4.82    3.76 -0.0190   -0.39    3.04    6.49    2.71    0.52     810
 22.500   -5.32    3.61  0.0032   -0.31    2.80    6.77    2.59    0.47     809
 23.000   -5.89    3.82  0.0202   -0.34    2.83    7.17    2.85    0.44     808
 23.500   -6.15    3.90  0.0216   -0.27    2.92    7.41    2.98    0.34     806
 24.000   -6.46    4.02  0.0055   -0.33    2.74    7.56    3.19    0.25     801
 24.500   -6.82    4.30  0.0544   -0.29    2.95    7.84    3.56    0.35     790
 25.000   -7.10    4.29  0.0405   -0.30    2.81    8.17    3.51    0.33     786
 25.500   -7.37    4.42  0.1011   -0.31    2.78    8.42    3.57    0.36     781
 26.000   -7.59    4.48  0.0864   -0.24    2.91    8.61    3.72    0.36     779
 26.500   -7.60    4.70  0.0111   -0.19    2.81    8.67    3.87    0.24     773
 27.000   -7.81    4.83  0.0318   -0.08    2.92    8.76    4.13    0.22     750
 27.500   -7.98    5.07  0.0257    0.02    2.94    8.97    4.33    0.17     747
 28.000   -7.96    4.93  0.0737    0.06    3.03    9.06    4.16    0.34     725
 28.500   -7.90    5.18  0.0726    0.02    3.37    9.17    4.23    0.53     719
 29.000   -7.86    5.21  0.0472    0.03    3.32    9.26    4.17    0.48     705
 29.500   -8.07    5.64 -0.0159    0.11    3.66    9.62    4.59    0.91     673
 30.000   -7.88    5.93  0.0189   -0.05    3.85    9.55    4.81    0.91     642
     T A B L E  I -  10.  W I N D  S T A T I S T I C A L  P A R A M E T E R S
                                   October
 Station =   72293      Vandenberg AFB, CA
    Z    MEAN U   SD  U  R(U,V)  MEAN V   SD  V MEAN WS  SD  WS SKEW WS    NOBS
    KM     M/S     M/S             M/S     M/S     M/S     M/S                 
  0.000    0.00    0.00  0.0000    0.00    0.00    0.00    0.00    0.00     100
  0.100    1.32    2.68 -0.4683   -1.86    2.99    3.82    2.59    1.38     992
  0.500    1.33    3.25 -0.1737   -2.78    4.45    5.62    3.26    1.20    1001
  1.000    0.46    3.44 -0.1159   -2.32    5.45    6.12    3.42    0.91    1029
  1.500    0.25    3.87 -0.1966   -1.92    5.99    6.39    3.77    0.79    1032
  2.000    0.99    4.69 -0.2112   -1.88    6.30    7.13    4.11    0.85    1035
  2.500    1.67    5.69 -0.1869   -1.93    6.66    7.89    4.70    0.91    1035
  3.000    2.61    6.42 -0.1383   -2.00    7.01    8.65    5.23    0.98    1035
  3.500    3.58    7.10 -0.1053   -2.15    7.53    9.55    5.91    1.10    1034
  4.000    4.62    7.76 -0.0465   -2.21    8.34   10.68    6.60    1.15    1034
  4.500    5.65    8.47 -0.0107   -2.12    8.97   11.73    7.26    1.08    1034
  5.000    6.54    9.13  0.0402   -2.19    9.65   12.79    7.85    1.07    1034
  5.500    7.38    9.66  0.0575   -2.23   10.35   13.81    8.38    1.09    1034
  6.000    8.29   10.26  0.0901   -2.37   11.00   14.80    9.06    1.03    1034
  6.500    9.05   10.75  0.1197   -2.52   11.65   15.85    9.48    1.03    1033
  7.000    9.77   11.34  0.1460   -2.62   12.40   16.92    9.99    1.02    1033
  7.500   10.56   11.91  0.1614   -2.59   13.24   18.05   10.49    0.98    1033
  8.000   11.35   12.49  0.1917   -2.83   13.90   19.20   10.91    0.94    1033
  8.500   12.09   12.95  0.2068   -3.06   14.50   20.20   11.30    0.93    1032
  9.000   12.84   13.57  0.2203   -3.05   15.09   21.22   11.71    0.83    1031
  9.500   13.66   14.23  0.2402   -2.99   15.75   22.31   12.21    0.76    1031
 10.000   14.55   14.64  0.2719   -2.91   16.36   23.40   12.51    0.66    1030
 10.500   15.65   14.86  0.2818   -2.83   16.53   24.24   12.70    0.62    1030
 11.000   16.61   15.16  0.2913   -2.70   16.47   24.93   12.81    0.57    1029
 11.500   17.46   15.10  0.2946   -2.48   16.17   25.32   12.77    0.56    1028
 12.000   18.28   14.84  0.2839   -2.23   15.87   25.51   12.75    0.56    1026
 12.500   18.77   14.39  0.2967   -1.71   15.06   25.23   12.45    0.55    1023
 13.000   18.93   13.57  0.3104   -1.11   13.97   24.61   11.73    0.57    1022
 13.500   18.91   12.60  0.3098   -0.72   12.87   23.78   10.97    0.47    1017
 14.000   18.30   11.53  0.3200   -0.55   11.77   22.59    9.89    0.39    1014
 14.500   17.47   10.56  0.3209   -0.24   10.71   21.30    8.99    0.34    1013
 15.000   16.47    9.78  0.3187   -0.14    9.84   19.87    8.42    0.38    1007
 15.500   15.31    8.89  0.3016   -0.31    8.84   18.34    7.62    0.33    1005
 16.000   13.98    7.97  0.2898   -0.24    7.79   16.62    6.82    0.41    1001
 16.500   12.21    7.31  0.2559   -0.26    7.24   14.69    6.30    0.50     993
 17.000   10.81    6.58  0.2357   -0.49    6.24   13.09    5.61    0.53     962
 17.500    9.45    5.92  0.2152   -0.56    5.69   11.58    5.09    0.70     956
 18.000    7.92    5.46  0.2086   -0.88    4.97   10.08    4.36    0.76     951
 18.500    6.41    5.01  0.2105   -1.03    4.67    8.67    4.02    0.69     942
 19.000    5.24    4.94  0.2232   -1.16    4.43    7.80    3.68    0.97     935
 19.500    4.36    4.68  0.2163   -1.21    3.95    7.16    3.17    1.19     931
 20.000    3.54    4.49  0.1869   -1.37    3.78    6.63    2.84    0.86     923
 20.500    2.89    4.44  0.1428   -1.28    3.62    6.02    2.85    1.09     921
 21.000    2.53    4.48  0.1348   -1.22    3.43    5.76    2.93    0.83     916
 21.500    2.16    4.57  0.0682   -1.10    3.51    5.67    2.92    0.89     912
 22.000    2.11    4.47  0.1050   -1.14    3.66    5.94    2.58    0.65     909
 22.500    2.02    4.45  0.0916   -1.08    3.45    5.86    2.56    0.74     907
 23.000    2.07    4.76  0.1125   -0.96    3.35    5.93    2.61    0.91     903
 23.500    2.18    4.78  0.0654   -0.84    3.37    5.90    2.80    0.72     902
 24.000    2.25    4.94  0.0373   -0.58    3.13    5.59    3.07    0.91     893
 24.500    2.51    5.30  0.0172   -0.31    3.35    5.87    3.45    1.04     887
 25.000    2.97    5.59  0.0297   -0.25    3.23    6.44    3.46    1.18     882
 25.500    3.25    5.84  0.0566   -0.09    3.48    6.86    3.61    1.17     879
 26.000    3.75    6.29  0.0959    0.07    3.62    7.24    4.06    1.09     877
 26.500    4.19    6.61  0.1367    0.22    3.59    7.43    4.53    1.06     872
 27.000    4.72    7.14  0.0906    0.29    3.63    8.01    4.91    1.06     850
 27.500    5.31    7.50  0.1238    0.40    3.66    8.39    5.39    0.99     849
 28.000    6.04    8.00  0.1453    0.50    3.82    9.23    5.76    1.08     821
 28.500    6.65    8.44  0.1610    0.55    4.14    9.93    6.06    0.98     808
 29.000    7.32    8.70  0.0862    0.72    4.05   10.62    6.16    0.95     793
 29.500    8.08    9.25  0.1088    0.65    4.29   11.22    6.86    0.96     752
 30.000    8.90    9.68  0.0537    0.59    4.76   11.87    7.60    1.01     711
     T A B L E  I -  11.  W I N D  S T A T I S T I C A L  P A R A M E T E R S
                                  November
 Station =   72293      Vandenberg AFB, CA
    Z    MEAN U   SD  U  R(U,V)  MEAN V   SD  V MEAN WS  SD  WS SKEW WS    NOBS
    KM     M/S     M/S             M/S     M/S     M/S     M/S                 
  0.000    0.00    0.00  0.0000    0.00    0.00    0.00    0.00    0.00     100
  0.100    0.88    2.90 -0.5106   -1.78    3.24    3.99    2.63    1.29    1014
  0.500    0.72    3.49 -0.1725   -2.80    5.10    6.07    3.51    0.79    1021
  1.000    0.50    4.06 -0.1672   -2.64    6.31    7.09    3.86    0.69    1032
  1.500    1.11    4.61 -0.2110   -2.44    6.89    7.65    4.24    0.65    1032
  2.000    2.43    5.28 -0.1791   -2.67    7.26    8.63    4.62    0.60    1033
  2.500    3.91    6.09 -0.1332   -3.02    7.83    9.81    5.29    0.59    1033
  3.000    5.21    6.94 -0.0805   -3.15    8.40   11.02    5.95    0.73    1033
  3.500    6.57    7.75 -0.0620   -3.24    9.02   12.34    6.67    0.72    1033
  4.000    7.78    8.46 -0.0516   -3.17    9.77   13.58    7.40    0.75    1033
  4.500    9.00    9.16 -0.0388   -3.22   10.48   14.86    8.12    0.73    1033
  5.000   10.12    9.79 -0.0121   -3.18   11.06   16.06    8.63    0.67    1033
  5.500   11.22   10.45  0.0127   -3.14   11.89   17.40    9.22    0.67    1033
  6.000   12.29   11.16  0.0499   -3.08   12.57   18.64    9.81    0.62    1031
  6.500   13.30   11.72  0.0767   -3.10   13.27   19.86   10.37    0.60    1031
  7.000   14.19   12.34  0.1068   -3.24   14.10   21.09   10.96    0.57    1031
  7.500   15.10   13.04  0.1291   -3.41   14.87   22.34   11.50    0.55    1031
  8.000   16.00   13.72  0.1605   -3.71   15.76   23.74   12.04    0.55    1030
  8.500   16.82   14.41  0.1831   -3.72   16.50   24.93   12.56    0.50    1030
  9.000   17.68   15.08  0.2090   -3.76   17.27   26.18   12.98    0.49    1030
  9.500   18.61   15.82  0.2350   -3.73   17.95   27.33   13.67    0.49    1030
 10.000   19.65   16.35  0.2520   -3.61   18.38   28.32   14.33    0.53    1029
 10.500   20.76   16.62  0.2711   -3.53   18.60   29.21   14.63    0.53    1029
 11.000   21.84   16.80  0.2740   -3.37   18.69   30.03   14.84    0.54    1028
 11.500   22.71   16.71  0.2990   -3.31   18.32   30.45   14.78    0.53    1026
 12.000   23.40   16.41  0.2955   -2.84   17.59   30.43   14.50    0.42    1023
 12.500   23.81   15.74  0.2836   -2.41   16.49   29.99   14.03    0.36    1019
 13.000   23.92   14.85  0.2662   -2.03   15.44   29.39   13.31    0.37    1019
 13.500   23.38   13.69  0.2562   -1.67   14.33   28.15   12.39    0.35    1017
 14.000   22.66   12.57  0.2712   -1.12   13.37   26.91   11.35    0.25    1017
 14.500   21.63   11.91  0.2813   -1.11   12.14   25.49   10.66    0.22    1015
 15.000   20.46   11.19  0.2546   -0.88   11.09   23.88   10.02    0.25    1013
 15.500   19.09   10.05  0.2772   -0.77   10.01   22.13    8.93    0.28    1013
 16.000   17.67    9.17  0.2683   -0.75    8.97   20.39    8.09    0.28    1011
 16.500   16.19    8.29  0.2608   -0.82    8.45   18.69    7.38    0.19     987
 17.000   14.83    7.63  0.2992   -0.80    7.56   17.17    6.72    0.31     970
 17.500   13.15    7.05  0.2884   -1.08    7.01   15.48    6.03    0.30     962
 18.000   11.54    6.67  0.2596   -1.10    6.18   13.78    5.50    0.35     959
 18.500   10.01    6.15  0.2697   -1.03    5.43   12.00    5.13    0.38     953
 19.000    8.88    6.03  0.2615   -1.46    4.99   11.01    4.79    0.59     944
 19.500    7.85    5.74  0.2295   -1.30    4.73   10.07    4.52    0.71     943
 20.000    6.93    5.77  0.3193   -1.53    4.66    9.53    4.26    0.75     942
 20.500    6.04    5.85  0.2810   -1.44    4.32    8.67    4.16    0.70     935
 21.000    5.57    6.03  0.2746   -1.49    4.04    8.43    4.20    0.88     929
 21.500    5.23    6.25  0.2556   -1.60    4.14    8.32    4.29    0.92     927
 22.000    4.92    6.29  0.2809   -1.52    4.01    8.26    4.04    1.02     920
 22.500    4.85    6.44  0.2948   -1.50    3.97    8.34    4.10    0.95     917
 23.000    5.00    6.58  0.2824   -1.28    4.04    8.39    4.28    0.99     915
 23.500    5.24    6.86  0.3353   -1.11    3.83    8.47    4.59    1.00     912
 24.000    5.49    7.04  0.2946   -0.97    3.74    8.58    4.79    0.90     904
 24.500    6.01    7.31  0.3344   -0.95    4.21    9.09    5.15    0.92     900
 25.000    6.41    7.58  0.3940   -0.92    4.09    9.68    5.08    0.98     895
 25.500    6.95    7.83  0.4248   -0.64    4.19   10.07    5.39    1.05     888
 26.000    7.74    8.40  0.4054   -0.39    4.19   10.69    6.01    0.96     884
 26.500    8.72    8.70  0.4087   -0.27    4.49   11.44    6.50    0.90     866
 27.000    9.53    8.98  0.3942   -0.25    4.57   12.18    6.77    0.82     849
 27.500   10.49    9.48  0.4650   -0.14    4.75   13.11    7.23    0.65     845
 28.000   11.55    9.89  0.4471   -0.11    4.88   14.31    7.35    0.61     814
 28.500   12.60   10.71  0.4221    0.03    5.21   15.40    8.10    0.62     806
 29.000   13.76   10.94  0.4499   -0.13    5.30   16.46    8.39    0.59     791
 29.500   14.85   11.36  0.4215   -0.14    5.72   17.48    8.98    0.62     759
 30.000   15.54   11.73  0.3843   -0.00    6.19   18.23    9.37    0.67     712
     T A B L E  I -  12.  W I N D  S T A T I S T I C A L  P A R A M E T E R S
                                  December
 Station =   72293      Vandenberg AFB, CA
    Z    MEAN U   SD  U  R(U,V)  MEAN V   SD  V MEAN WS  SD  WS SKEW WS    NOBS
    KM     M/S     M/S             M/S     M/S     M/S     M/S                 
  0.000    0.00    0.00  0.0000    0.00    0.00    0.00    0.00    0.00     100
  0.100    0.39    2.99 -0.5386   -1.30    3.50    4.02    2.63    1.33    1063
  0.500    0.55    3.72 -0.3052   -2.09    5.91    6.34    3.95    1.02    1067
  1.000    0.80    4.26 -0.1315   -2.29    7.14    7.62    4.35    0.75    1074
  1.500    1.98    4.96 -0.0309   -2.48    7.67    8.41    4.84    0.75    1075
  2.000    3.37    5.64  0.0242   -2.89    7.98    9.54    5.14    0.77    1079
  2.500    4.87    6.49  0.0897   -3.32    8.35   10.73    5.70    0.70    1078
  3.000    6.22    7.24  0.1050   -3.55    8.83   12.00    6.20    0.73    1078
  3.500    7.40    8.03  0.1185   -3.84    9.69   13.46    6.95    0.75    1078
  4.000    8.56    8.84  0.1223   -4.07   10.61   14.83    7.87    0.86    1078
  4.500    9.85    9.64  0.1252   -4.14   11.20   16.17    8.53    0.85    1077
  5.000   11.15   10.44  0.1371   -4.15   11.83   17.55    9.18    0.86    1077
  5.500   12.25   11.17  0.1567   -4.24   12.56   18.87    9.77    0.80    1076
  6.000   13.25   11.81  0.1695   -4.46   13.25   20.15   10.27    0.74    1075
  6.500   14.07   12.41  0.1838   -4.80   14.13   21.40   10.89    0.77    1073
  7.000   15.07   13.07  0.2107   -4.96   15.12   22.75   11.64    0.80    1072
  7.500   16.12   13.78  0.2193   -5.12   15.98   24.16   12.19    0.74    1071
  8.000   17.06   14.29  0.2435   -5.41   16.85   25.49   12.71    0.72    1069
  8.500   17.92   14.76  0.2611   -5.51   17.70   26.75   13.04    0.65    1068
  9.000   18.91   15.33  0.2807   -5.79   18.50   28.13   13.36    0.57    1064
  9.500   20.02   15.93  0.2879   -6.02   19.06   29.38   13.89    0.55    1060
 10.000   21.27   16.25  0.2870   -6.40   19.42   30.59   14.22    0.52    1055
 10.500   22.41   16.41  0.2853   -6.60   19.54   31.50   14.35    0.46    1052
 11.000   23.43   16.41  0.2895   -6.58   19.37   32.15   14.33    0.39    1050
 11.500   24.34   16.02  0.2865   -6.47   18.63   32.36   13.98    0.38    1049
 12.000   24.81   15.50  0.3032   -6.08   17.48   31.85   13.63    0.37    1047
 12.500   24.86   14.68  0.2930   -5.55   16.19   31.03   12.94    0.41    1047
 13.000   24.52   13.55  0.2669   -4.89   14.67   29.71   12.11    0.47    1047
 13.500   24.22   12.30  0.2629   -4.39   13.75   28.70   11.22    0.49    1045
 14.000   23.40   11.63  0.3141   -4.07   12.89   27.51   10.52    0.35    1042
 14.500   22.36   10.94  0.3245   -3.83   11.57   26.02    9.78    0.30    1042
 15.000   21.13   10.29  0.3076   -3.38   10.78   24.42    9.29    0.39    1036
 15.500   19.59    9.42  0.2781   -3.45   10.05   22.72    8.54    0.28    1035
 16.000   18.00    8.57  0.2833   -3.15    9.21   20.93    7.63    0.24    1033
 16.500   16.31    8.17  0.2953   -3.12    8.40   19.02    7.24    0.25     967
 17.000   14.62    7.41  0.2781   -3.07    7.37   17.16    6.50    0.42     956
 17.500   12.82    6.97  0.2552   -2.99    6.61   15.26    6.01    0.54     949
 18.000   11.03    6.55  0.2888   -2.84    5.96   13.44    5.50    0.54     947
 18.500    9.17    6.34  0.2413   -2.78    5.39   11.62    5.24    0.68     931
 19.000    8.09    6.15  0.2724   -2.85    4.89   10.69    4.83    0.84     924
 19.500    6.57    6.01  0.2459   -2.92    4.43    9.55    4.45    0.97     921
 20.000    5.07    6.04  0.2740   -2.96    4.17    8.69    4.08    1.06     918
 20.500    3.78    6.18  0.1861   -2.72    4.11    7.88    3.96    1.10     915
 21.000    2.62    6.29  0.1679   -2.93    3.91    7.55    3.95    1.21     908
 21.500    1.70    6.55  0.1866   -2.96    3.91    7.44    3.99    1.00     893
 22.000    0.86    6.91  0.1545   -2.79    3.85    7.67    3.82    1.17     889
 22.500    0.13    7.26  0.1307   -2.85    3.63    7.88    3.90    1.09     879
 23.000   -0.44    7.77  0.1711   -2.93    3.76    8.24    4.21    1.12     876
 23.500   -0.83    8.29  0.1455   -2.88    3.66    8.40    4.75    1.06     875
 24.000   -1.21    8.74  0.1546   -2.77    3.72    8.70    5.04    1.03     867
 24.500   -1.51    9.36  0.1694   -2.91    4.03    9.29    5.39    0.96     861
 25.000   -1.51   10.07  0.1594   -3.14    4.01   10.02    5.63    1.15     847
 25.500   -1.59   10.65  0.2000   -3.13    4.35   10.59    5.95    1.22     838
 26.000   -1.51   11.32  0.2152   -3.03    4.78   11.05    6.46    1.25     831
 26.500   -1.45   11.96  0.2603   -2.86    5.04   11.56    6.81    1.19     815
 27.000   -0.99   12.80  0.2586   -3.08    5.17   12.35    7.11    1.15     802
 27.500   -0.45   13.58  0.3081   -3.09    5.49   13.01    7.54    1.15     798
 28.000   -0.08   14.35  0.3460   -3.03    5.75   13.68    8.00    1.29     773
 28.500    0.40   14.90  0.3001   -3.08    6.11   14.25    8.22    1.21     766
 29.000    1.16   15.70  0.3314   -3.13    6.13   14.90    8.78    1.28     747
 29.500    1.67   16.32  0.3582   -3.13    6.74   15.51    9.33    1.35     712
 30.000    2.47   16.94  0.3905   -3.20    7.09   16.10    9.86    1.37     667
     T A B L E  I -  13.  W I N D  S T A T I S T I C A L  P A R A M E T E R S
                                    Annual
 Station =   72293      Vandenberg AFB, CA
    Z    MEAN U   SD  U  R(U,V)  MEAN V   SD  V MEAN WS  SD  WS SKEW WS    NOBS
    KM     M/S     M/S             M/S     M/S     M/S     M/S                 
  0.000    0.00    0.00  0.0000    0.00    0.00    0.00    0.00    0.00     100
  0.100    1.45    2.88 -0.5692   -1.88    3.31    4.15    2.77    1.19   12140
  0.500    1.34    3.59 -0.3081   -2.74    5.12    6.14    3.64    1.15   12209
  1.000    0.85    3.89 -0.1603   -2.54    6.12    6.84    3.88    1.05   12380
  1.500    0.99    4.35 -0.1425   -2.14    6.50    7.03    4.23    1.02   12424
  2.000    1.99    5.05 -0.1443   -1.92    6.82    7.79    4.55    0.96   12450
  2.500    3.16    5.88 -0.1267   -1.75    7.27    8.69    5.11    0.90   12447
  3.000    4.28    6.67 -0.1034   -1.54    7.76    9.64    5.76    0.93   12448
  3.500    5.34    7.37 -0.0818   -1.43    8.31   10.66    6.46    0.97   12444
  4.000    6.34    8.09 -0.0596   -1.30    8.97   11.73    7.18    1.01   12443
  4.500    7.34    8.82 -0.0436   -1.21    9.51   12.77    7.89    1.00   12441
  5.000    8.34    9.52 -0.0144   -1.12   10.06   13.82    8.56    0.98   12438
  5.500    9.26   10.21  0.0063   -1.06   10.69   14.86    9.26    0.99   12434
  6.000   10.16   10.77  0.0237   -1.04   11.33   15.89    9.86    0.96   12417
  6.500   11.06   11.33  0.0392   -1.06   11.99   17.02   10.39    0.96   12391
  7.000   11.94   11.91  0.0582   -1.06   12.74   18.13   10.99    0.96   12388
  7.500   12.88   12.52  0.0716   -1.04   13.51   19.28   11.63    0.92   12380
  8.000   13.78   13.11  0.0891   -1.10   14.24   20.50   12.15    0.92   12369
  8.500   14.66   13.67  0.1065   -1.09   14.93   21.65   12.63    0.90   12365
  9.000   15.62   14.20  0.1207   -1.05   15.62   22.82   13.10    0.86   12355
  9.500   16.60   14.73  0.1331   -0.95   16.22   23.94   13.58    0.83   12340
 10.000   17.62   15.15  0.1418   -0.89   16.66   25.04   13.92    0.81   12313
 10.500   18.66   15.44  0.1475   -0.72   16.88   25.96   14.13    0.78   12298
 11.000   19.69   15.60  0.1416   -0.59   16.92   26.80   14.19    0.74   12292
 11.500   20.50   15.45  0.1348   -0.33   16.57   27.25   13.94    0.72   12274
 12.000   21.15   15.08  0.1254    0.02   15.98   27.35   13.57    0.68   12261
 12.500   21.42   14.38  0.1075    0.35   15.19   27.06   12.94    0.62   12244
 13.000   21.30   13.47  0.0979    0.70   14.16   26.34   12.12    0.58   12226
 13.500   20.85   12.58  0.0840    0.96   13.20   25.35   11.34    0.54   12201
 14.000   20.01   11.72  0.0799    1.16   12.25   24.06   10.59    0.49   12170
 14.500   18.93   11.00  0.0706    1.14   11.30   22.65    9.93    0.46   12141
 15.000   17.59   10.34  0.0694    1.08   10.39   20.99    9.32    0.48   12098
 15.500   16.03    9.64  0.0530    0.94    9.38   19.16    8.63    0.51   12076
 16.000   14.34    9.13  0.0252    0.75    8.43   17.31    8.02    0.53   12047
 16.500   12.44    8.72  0.0048    0.51    7.65   15.29    7.55    0.56   11714
 17.000   10.75    8.27 -0.0080    0.21    6.86   13.68    6.91    0.63   11379
 17.500    9.03    7.90 -0.0238   -0.02    6.27   12.16    6.24    0.74   11301
 18.000    7.28    7.55 -0.0239   -0.17    5.59   10.65    5.57    0.88   11274
 18.500    5.57    7.22 -0.0249   -0.33    5.04    9.26    5.02    0.96   11151
 19.000    4.19    7.11 -0.0309   -0.56    4.78    8.49    4.60    1.03   11064
 19.500    2.93    6.95 -0.0267   -0.67    4.39    7.99    4.05    1.25   11029
 20.000    1.77    6.86 -0.0328   -0.85    4.12    7.59    3.77    1.34   10961
 20.500    0.68    6.77 -0.0458   -0.93    3.99    7.14    3.68    1.12   10918
 21.000   -0.19    6.71 -0.0466   -1.05    3.69    6.95    3.67    1.01   10843
 21.500   -0.94    6.87 -0.0595   -1.14    3.64    7.08    3.79    0.87   10758
 22.000   -1.61    7.00 -0.0395   -1.23    3.59    7.43    3.64    0.94   10713
 22.500   -2.12    7.16 -0.0267   -1.24    3.47    7.68    3.71    0.84   10652
 23.000   -2.56    7.49 -0.0061   -1.25    3.46    7.93    3.96    0.78   10604
 23.500   -2.85    7.83 -0.0015   -1.20    3.40    8.17    4.26    0.74   10575
 24.000   -3.08    8.16  0.0149   -1.12    3.34    8.30    4.62    0.69   10473
 24.500   -3.20    8.69  0.0398   -1.08    3.60    8.74    4.90    0.67   10372
 25.000   -3.15    9.07  0.0508   -1.10    3.49    9.19    4.89    0.77   10286
 25.500   -3.12    9.56  0.0696   -1.03    3.64    9.60    5.08    0.81   10206
 26.000   -3.00   10.13  0.0986   -0.99    3.75    9.97    5.40    0.83   10152
 26.500   -2.87   10.69  0.1200   -0.87    3.81   10.31    5.76    0.79    9988
 27.000   -2.61   11.30  0.1128   -0.84    4.01   10.84    5.94    0.82    9782
 27.500   -2.28   11.94  0.1361   -0.75    4.12   11.29    6.26    0.81    9689
 28.000   -1.94   12.53  0.1641   -0.77    4.23   11.89    6.42    0.96    9424
 28.500   -1.57   13.25  0.1629   -0.72    4.64   12.49    6.78    1.03    9284
 29.000   -1.20   13.85  0.1708   -0.73    4.68   13.06    7.00    1.04    9072
 29.500   -0.85   14.62  0.1776   -0.72    4.99   13.71    7.45    1.05    8683
 30.000   -0.43   15.27  0.1835   -0.75    5.32   14.24    7.87    1.04    8198
