      72269      32.94N  106.42W
     T A B L E  I -   1.  W I N D  S T A T I S T I C A L  P A R A M E T E R S
                                   January
 Station =   72269      White Sands Missile Range
    Z    MEAN U   SD  U  R(U,V)  MEAN V   SD  V MEAN WS  SD  WS SKEW WS    NOBS
    KM     M/S     M/S             M/S     M/S     M/S     M/S                 
  0.000    0.00    0.00  0.0000    0.00    0.00    0.00    0.00    0.00     100
  1.219    0.20    2.07  0.2048   -0.17    2.45    2.56    1.95    1.63     489
  1.500    1.18    3.29  0.1407   -0.25    4.64    4.80    3.37    1.51     522
  2.000    2.27    4.12  0.1583   -0.19    5.32    6.20    3.63    1.29     654
  2.500    4.07    5.47  0.1015   -0.20    6.16    8.15    4.32    0.90     654
  3.000    5.78    6.76  0.1144   -0.52    6.89    9.97    5.28    0.74     654
  3.500    7.52    8.03  0.1507   -0.77    7.66   12.01    6.06    0.63     654
  4.000    8.84    9.28  0.1769   -0.79    8.46   13.75    6.89    0.51     653
  4.500   10.16   10.26  0.1972   -0.85    9.31   15.39    7.72    0.58     652
  5.000   11.27   11.08  0.1963   -0.67   10.21   16.89    8.34    0.51     640
  5.500   12.90   11.60  0.1967   -0.64   11.07   18.42    9.20    0.51     600
  6.000   14.10   12.51  0.2193   -0.73   11.85   20.00    9.83    0.55     595
  6.500   15.04   13.29  0.2170   -0.75   12.52   21.28   10.38    0.46     589
  7.000   16.22   14.40  0.2317   -0.43   13.68   22.95   11.39    0.42     585
  7.500   17.69   15.58  0.2078   -0.98   14.42   24.67   12.45    0.39     549
  8.000   19.77   16.97  0.2078   -1.11   15.76   27.08   13.93    0.32     508
  8.500   21.48   18.02  0.2098   -0.67   16.88   28.95   15.19    0.41     500
  9.000   22.97   18.52  0.2030   -0.51   17.66   30.53   15.85    0.35     488
  9.500   24.76   18.23  0.2143   -0.34   18.31   31.90   16.14    0.22     469
 10.000   26.56   18.07  0.2547    0.09   18.72   33.38   16.29    0.18     462
 10.500   28.44   18.45  0.2691    0.71   18.94   35.03   16.70    0.15     454
 11.000   29.92   18.73  0.2350    0.97   19.45   36.40   17.19    0.23     442
 11.500   30.31   17.95  0.2209    0.83   19.08   36.43   16.71    0.27     430
 12.000   30.43   16.90  0.2100    0.94   17.94   35.90   15.71    0.24     426
 12.500   30.23   15.66  0.1965    0.62   16.54   34.96   14.51    0.31     413
 13.000   29.38   14.75  0.1800    0.53   15.04   33.30   13.77    0.32     398
 13.500   28.34   14.14  0.1856    0.06   13.77   31.99   12.81    0.30     387
 14.000   27.03   13.55  0.1868    0.03   13.09   30.48   12.27    0.31     366
 14.500   26.00   12.83  0.2037   -0.17   12.13   29.16   11.67    0.32     340
 15.000   24.32   12.26  0.2368   -0.48   10.69   27.02   11.15    0.43     328
 15.500   22.60   11.50  0.2363   -0.56    9.30   24.80   10.65    0.37     324
 16.000   20.61   10.99  0.1845   -0.58    8.76   22.86    9.99    0.43     305
 16.500   18.66   10.35  0.1628   -0.23    8.70   20.94    9.54    0.43     252
 17.000   16.75   10.08  0.1659   -0.54    7.83   18.89    9.40    0.59     245
 17.500   14.43    9.12  0.1412   -0.76    7.18   16.66    8.25    0.68     230
 18.000   11.95    8.28  0.1742   -0.93    6.67   14.35    7.06    0.57     218
 18.500    9.58    6.65  0.0610   -1.53    5.41   11.51    5.87    0.54     191
 19.000    7.00    5.86 -0.0266   -1.92    4.66    9.15    5.00    0.58     166
 19.500    5.80    5.50 -0.0435   -1.94    4.74    7.95    5.03    0.72     162
 20.000    4.82    5.69  0.0673   -2.13    4.33    7.63    4.52    0.87     158
 20.500    3.80    5.91  0.0835   -2.39    4.22    7.39    4.28    0.79     152
 21.000    2.56    5.47  0.0231   -2.36    4.10    6.49    4.36    1.10     148
 21.500    1.64    5.68  0.0891   -2.59    4.07    6.47    4.10    1.07     143
 22.000    1.00    6.16  0.1307   -2.85    4.17    6.70    4.37    1.01     140
 22.500    0.38    6.28  0.0573   -2.80    4.12    6.56    4.52    1.18     140
 23.000   -0.40    6.45 -0.0023   -2.87    3.87    6.63    4.58    1.17     137
 23.500   -0.88    6.66 -0.0193   -2.97    4.09    6.66    5.04    1.22     137
 24.000   -1.55    6.84  0.1443   -2.81    4.24    7.18    4.94    1.12     136
 24.500   -1.39    7.78  0.2121   -2.68    4.62    7.93    5.31    1.33     132
 25.000   -1.49    8.53  0.1894   -2.70    5.08    8.65    5.65    1.15     129
 25.500   -1.42    9.10  0.2595   -2.38    4.25    8.71    5.69    1.10     127
 26.000   -1.46    9.31  0.3954   -2.48    4.70    8.94    6.13    0.88     126
 26.500   -1.12    9.73  0.4247   -2.42    5.04    9.00    6.62    1.27     123
 27.000   -0.74   10.34  0.4159   -2.63    5.20    9.80    6.67    1.18     119
 27.500   -0.43   10.90  0.4225   -2.29    5.55   10.14    7.05    1.08     116
 28.000   -0.04   11.83  0.4029   -1.93    5.48   10.70    7.48    1.35     113
 28.500    0.58   12.97  0.4988   -1.05    5.27   11.51    7.94    1.21     109
 29.000    0.89   13.46  0.4112   -1.21    5.42   11.84    8.62    0.96     108
 29.500    0.53   13.64  0.4167   -1.87    5.61   11.91    8.28    0.82     104
 30.000    0.61   13.99  0.4739   -1.73    5.58   12.46    8.17    0.61      90
     T A B L E  I -   2.  W I N D  S T A T I S T I C A L  P A R A M E T E R S
                                  February
 Station =   72269      White Sands Missile Range
    Z    MEAN U   SD  U  R(U,V)  MEAN V   SD  V MEAN WS  SD  WS SKEW WS    NOBS
    KM     M/S     M/S             M/S     M/S     M/S     M/S                 
  0.000    0.00    0.00  0.0000    0.00    0.00    0.00    0.00    0.00     100
  1.219    0.17    2.26  0.2083    0.25    2.32    2.44    2.14    2.09     637
  1.500    1.03    3.66  0.1299    0.29    4.24    4.71    3.30    1.41     713
  2.000    2.68    4.21  0.0934    0.07    5.24    6.30    3.73    1.04     883
  2.500    5.20    4.66  0.2088   -0.04    6.03    8.24    4.25    0.72     883
  3.000    7.71    5.63  0.2559   -0.47    6.57   10.55    4.88    0.55     883
  3.500    9.65    6.39  0.2779   -0.67    7.32   12.52    5.66    0.37     883
  4.000   11.50    7.22  0.3217   -0.78    8.27   14.48    6.65    0.44     881
  4.500   13.12    8.02  0.3419   -0.74    9.15   16.24    7.59    0.49     880
  5.000   14.55    9.03  0.3411   -0.79    9.98   17.85    8.64    0.51     842
  5.500   15.75    9.89  0.3331   -0.49   10.76   19.25    9.52    0.57     822
  6.000   17.07   10.63  0.3400   -0.14   11.45   20.78   10.15    0.54     810
  6.500   18.69   11.37  0.3561    0.06   12.33   22.60   10.92    0.53     793
  7.000   20.21   12.27  0.3770    0.09   12.95   24.25   11.72    0.52     788
  7.500   21.75   13.17  0.3766    0.04   13.52   25.97   12.42    0.40     772
  8.000   23.58   14.14  0.3902    0.11   14.26   28.04   13.12    0.39     741
  8.500   25.39   15.05  0.3789    0.25   15.02   30.03   13.93    0.35     732
  9.000   27.19   16.00  0.3655    0.15   15.90   32.10   14.78    0.32     726
  9.500   29.20   17.36  0.3647   -0.07   16.88   34.26   16.22    0.35     704
 10.000   31.33   18.67  0.3614    0.12   17.28   36.31   17.57    0.45     703
 10.500   33.24   19.22  0.3651    0.51   16.97   37.85   18.13    0.56     695
 11.000   35.21   19.27  0.3672    1.12   16.71   39.46   18.21    0.58     688
 11.500   36.65   18.50  0.3310    1.39   15.93   40.37   17.53    0.56     684
 12.000   37.27   17.33  0.2981    1.29   14.85   40.47   16.54    0.48     674
 12.500   36.81   15.70  0.2773    1.63   13.70   39.49   15.12    0.33     659
 13.000   35.95   13.81  0.2818    1.61   12.63   38.22   13.47    0.11     653
 13.500   34.90   12.58  0.2904    1.68   11.88   36.97   12.27    0.00     647
 14.000   33.69   11.73  0.2712    1.84   11.21   35.53   11.53   -0.03     623
 14.500   32.50   10.79  0.2826    2.12   10.85   34.26   10.72   -0.04     588
 15.000   30.81   10.08  0.3321    1.85   10.45   32.64    9.81   -0.06     579
 15.500   28.97    9.44  0.3446    1.81    9.83   30.53    9.52   -0.11     568
 16.000   27.31    9.19  0.3355    1.70    9.03   28.67    9.35    0.04     541
 16.500   25.01    9.30  0.3069    0.89    8.77   26.47    9.25    0.00     485
 17.000   22.18    8.58  0.3168    0.77    7.85   23.55    8.52    0.14     469
 17.500   19.28    8.21  0.2404    0.75    7.26   20.64    8.11    0.01     461
 18.000   16.31    8.01  0.1394    0.79    6.86   17.78    7.64    0.21     451
 18.500   13.34    7.09  0.1204    0.25    6.26   14.82    6.86    0.39     410
 19.000   10.44    6.29  0.0967   -0.45    5.34   11.97    5.94    0.59     390
 19.500    8.59    6.22  0.0253   -0.90    4.95   10.29    5.55    0.94     383
 20.000    7.24    6.07  0.0592   -0.88    4.92    9.40    5.20    0.70     377
 20.500    6.04    6.07  0.0840   -1.10    4.73    8.39    5.20    0.80     367
 21.000    4.68    6.08  0.0685   -1.26    4.11    7.37    4.76    1.02     363
 21.500    3.59    5.84  0.1004   -1.36    3.51    6.68    4.23    1.03     353
 22.000    3.25    6.51  0.1735   -1.50    3.95    7.19    4.39    0.97     339
 22.500    2.61    7.08  0.1651   -1.52    3.45    7.32    4.24    1.16     335
 23.000    2.24    7.39  0.1684   -1.28    3.17    7.13    4.61    1.48     333
 23.500    2.27    7.86  0.1931   -1.46    3.33    7.42    4.93    1.62     329
 24.000    1.95    8.38  0.2558   -1.09    3.56    7.73    5.26    1.91     324
 24.500    2.18    8.87  0.3384   -0.65    3.42    8.15    5.41    1.86     318
 25.000    2.55    9.36  0.2459   -0.80    3.39    8.44    5.73    1.40     309
 25.500    2.68    9.79  0.2466   -0.41    3.39    8.83    5.95    1.27     304
 26.000    3.51   10.30  0.3250   -0.23    3.55    9.38    6.47    1.20     301
 26.500    4.08   10.77  0.2702   -0.39    3.72    9.74    6.99    1.07     301
 27.000    4.78   10.95  0.2981   -0.28    3.79   10.15    7.21    0.97     297
 27.500    5.53   11.68  0.2415   -0.46    3.86   10.94    7.73    0.86     292
 28.000    6.22   12.28  0.2388   -0.56    3.89   11.53    8.24    0.93     289
 28.500    7.14   12.77  0.3471   -0.10    3.91   12.34    8.65    0.88     282
 29.000    8.08   13.28  0.3004    0.08    4.52   13.28    9.05    0.81     268
 29.500    8.70   13.74  0.3264    0.14    4.91   13.99    9.44    0.83     257
 30.000    9.32   14.17  0.3701    0.28    4.66   14.51    9.75    0.98     236
     T A B L E  I -   3.  W I N D  S T A T I S T I C A L  P A R A M E T E R S
                                     March
 Station =   72269      White Sands Missile Range
    Z    MEAN U   SD  U  R(U,V)  MEAN V   SD  V MEAN WS  SD  WS SKEW WS    NOBS
    KM     M/S     M/S             M/S     M/S     M/S     M/S                 
  0.000    0.00    0.00  0.0000    0.00    0.00    0.00    0.00    0.00     100
  1.219    0.57    2.44  0.1656    0.12    2.65    2.85    2.29    1.78     660
  1.500    1.83    4.19  0.1048    0.23    4.51    5.32    3.69    1.37     742
  2.000    3.11    4.89  0.0833    0.64    5.13    6.66    4.10    1.18     935
  2.500    4.72    5.55  0.0902    0.62    5.45    7.91    4.61    1.00     935
  3.000    6.44    6.41  0.1747    0.57    6.03    9.56    5.32    0.97     935
  3.500    8.05    7.09  0.2033    0.66    6.91   11.40    5.83    0.89     935
  4.000    9.36    7.66  0.1955    0.92    7.69   12.88    6.37    0.69     935
  4.500   10.78    8.09  0.2283    0.94    8.62   14.49    6.88    0.57     932
  5.000   12.16    8.72  0.2815    1.15    9.70   16.22    7.55    0.48     893
  5.500   13.64    9.46  0.3029    0.91   10.67   17.89    8.37    0.41     878
  6.000   15.07   10.13  0.3076    0.76   11.53   19.44    9.27    0.39     869
  6.500   16.49   10.82  0.2904    1.40   11.67   20.67   10.01    0.40     828
  7.000   17.67   11.84  0.2878    1.60   12.44   22.13   10.95    0.44     822
  7.500   19.03   12.75  0.2919    1.89   13.38   23.79   11.89    0.44     811
  8.000   20.39   13.65  0.3055    2.14   14.40   25.47   12.78    0.40     778
  8.500   21.88   14.47  0.3098    2.34   15.15   27.19   13.51    0.41     771
  9.000   23.27   15.10  0.3311    2.55   15.92   28.83   14.06    0.41     770
  9.500   24.76   15.74  0.3296    2.87   16.50   30.41   14.67    0.35     757
 10.000   26.37   16.17  0.3286    3.13   16.83   31.99   15.00    0.30     751
 10.500   28.10   16.50  0.3110    3.31   17.17   33.67   15.26    0.25     745
 11.000   29.65   16.65  0.2971    3.32   17.11   34.88   15.55    0.24     737
 11.500   30.53   16.20  0.2934    3.23   16.63   35.28   15.37    0.25     733
 12.000   30.92   15.32  0.2727    3.24   15.88   35.15   14.70    0.17     720
 12.500   31.25   14.20  0.2720    2.76   14.94   34.96   13.55    0.21     703
 13.000   31.03   13.02  0.2217    2.78   13.53   34.17   12.52    0.29     691
 13.500   30.52   11.76  0.1861    2.60   12.49   33.22   11.42    0.25     682
 14.000   29.23   11.23  0.1590    2.13   11.95   31.89   10.56    0.17     655
 14.500   27.98   10.32  0.1325    2.15   10.98   30.37    9.63    0.07     635
 15.000   26.82    9.39  0.1275    2.05   10.34   29.00    8.80   -0.13     625
 15.500   25.09    8.87  0.1737    1.68    9.85   27.13    8.47   -0.06     610
 16.000   23.17    8.45  0.2173    1.67    8.86   24.93    8.24   -0.03     587
 16.500   21.33    7.98  0.1815    1.79    8.06   22.83    7.95   -0.06     533
 17.000   18.92    7.83  0.1671    1.27    7.58   20.42    7.72    0.18     520
 17.500   16.05    7.84  0.1801    0.98    6.93   17.56    7.69    0.70     508
 18.000   13.62    7.92  0.0648    0.87    6.35   15.15    7.61    0.74     492
 18.500   11.08    6.89  0.0776    0.43    5.95   12.71    6.65    0.76     444
 19.000    9.10    6.44  0.0387    0.24    5.65   11.01    5.98    0.90     402
 19.500    8.09    6.33  0.1068   -0.06    4.96    9.82    5.71    1.06     395
 20.000    6.69    6.26  0.0790   -0.56    4.53    8.77    5.40    1.07     371
 20.500    5.00    6.01 -0.0574   -0.87    3.90    7.57    4.60    1.01     358
 21.000    3.64    5.81  0.1330   -0.96    4.01    6.91    4.09    0.76     354
 21.500    2.74    5.28  0.0564   -1.10    3.36    6.20    3.40    1.20     349
 22.000    1.88    5.58  0.0098   -0.88    3.24    5.95    3.39    1.23     336
 22.500    1.58    5.82 -0.0010   -0.65    3.27    6.09    3.37    1.26     333
 23.000    1.79    5.90 -0.0083   -0.77    3.31    6.23    3.49    1.20     325
 23.500    1.53    6.15  0.0458   -0.85    3.39    6.26    3.66    0.98     322
 24.000    0.99    6.20  0.0991   -0.55    3.32    6.24    3.59    1.07     320
 24.500    1.25    6.38  0.1761   -0.09    3.66    6.57    3.71    1.11     316
 25.000    1.97    6.74  0.2351    0.27    3.34    6.67    3.95    0.84     311
 25.500    2.73    7.32  0.2566   -0.03    3.00    7.29    4.18    0.74     309
 26.000    3.11    7.77  0.2233   -0.04    3.04    7.62    4.63    1.01     305
 26.500    3.94    8.28  0.2455   -0.01    3.26    8.09    5.31    1.13     301
 27.000    4.65    8.74  0.3122   -0.21    3.20    8.77    5.59    1.01     296
 27.500    5.56    9.57  0.3389   -0.03    3.74    9.91    6.03    0.90     291
 28.000    6.89   10.01  0.2926    0.05    3.88   10.74    6.60    0.71     288
 28.500    8.19   10.35  0.1883    0.05    3.93   11.55    7.27    0.67     280
 29.000    9.84   10.53  0.1782    0.42    4.11   12.45    8.02    0.64     269
 29.500   11.04   11.00  0.1922    0.56    4.16   13.54    8.49    0.60     262
 30.000   12.40   11.41  0.1740    0.65    3.98   14.68    8.84    0.64     243
     T A B L E  I -   4.  W I N D  S T A T I S T I C A L  P A R A M E T E R S
                                     April
 Station =   72269      White Sands Missile Range
    Z    MEAN U   SD  U  R(U,V)  MEAN V   SD  V MEAN WS  SD  WS SKEW WS    NOBS
    KM     M/S     M/S             M/S     M/S     M/S     M/S                 
  0.000    0.00    0.00  0.0000    0.00    0.00    0.00    0.00    0.00     100
  1.219    0.80    2.56  0.0784    0.40    2.51    2.95    2.22    1.58     657
  1.500    2.45    4.26 -0.0184    1.20    4.35    5.69    3.57    0.93     703
  2.000    3.85    4.83 -0.0137    1.39    4.95    7.09    3.89    0.77     808
  2.500    5.56    4.98  0.0470    1.35    5.27    8.28    4.13    0.59     808
  3.000    7.09    5.45  0.1036    1.51    5.71    9.57    4.84    0.55     808
  3.500    8.59    6.14  0.1710    1.86    6.22   11.13    5.51    0.68     808
  4.000   10.06    6.80  0.2067    2.35    6.87   12.67    6.29    0.64     807
  4.500   11.48    7.27  0.2290    2.71    7.57   14.20    6.88    0.61     804
  5.000   12.77    7.84  0.2337    2.82    8.44   15.66    7.64    0.56     781
  5.500   13.94    8.66  0.2208    2.87    9.28   17.02    8.55    0.60     773
  6.000   15.19    9.77  0.2287    2.93   10.03   18.48    9.71    0.73     772
  6.500   16.35   10.78  0.2278    3.00   10.89   19.85   10.83    0.79     753
  7.000   17.58   11.64  0.2445    3.12   11.64   21.29   11.68    0.79     750
  7.500   18.82   12.56  0.2598    3.03   12.18   22.71   12.41    0.73     732
  8.000   20.48   13.28  0.2842    3.08   13.04   24.47   13.28    0.69     690
  8.500   21.62   13.86  0.3078    3.17   13.72   25.74   13.96    0.64     684
  9.000   22.88   14.24  0.3257    3.27   14.02   26.96   14.40    0.56     678
  9.500   24.03   14.59  0.3250    3.42   14.17   28.14   14.51    0.52     664
 10.000   25.19   14.77  0.3260    3.86   14.33   29.37   14.53    0.48     661
 10.500   26.40   15.12  0.3306    4.05   14.36   30.58   14.62    0.46     656
 11.000   27.26   15.36  0.3100    4.36   14.30   31.34   14.78    0.42     642
 11.500   28.08   15.06  0.2912    4.40   14.24   31.97   14.52    0.44     639
 12.000   28.79   14.71  0.2897    4.32   13.70   32.22   14.47    0.45     632
 12.500   29.14   14.23  0.3216    4.11   13.58   32.41   14.16    0.52     620
 13.000   28.53   12.71  0.3480    3.90   12.50   31.26   12.82    0.52     614
 13.500   27.82   11.27  0.3223    3.72   11.39   30.19   11.42    0.54     606
 14.000   26.90   10.17  0.2873    4.06   10.75   29.00   10.65    0.40     583
 14.500   26.14    9.25  0.2852    4.32   10.14   28.13    9.74    0.35     560
 15.000   25.32    8.89  0.2876    4.17    9.94   27.20    9.59    0.11     548
 15.500   24.05    8.61  0.2863    3.63    9.29   25.63    9.47    0.20     537
 16.000   21.78    8.11  0.2721    3.06    8.44   23.30    8.68    0.21     512
 16.500   19.62    8.10  0.1715    2.67    8.03   21.27    8.28    0.17     448
 17.000   17.50    7.78  0.1283    2.72    7.52   19.29    7.62    0.24     438
 17.500   15.34    7.03  0.1442    2.73    7.23   17.16    7.03    0.31     425
 18.000   13.13    6.67  0.1562    2.26    6.55   14.79    6.64    0.41     411
 18.500   10.58    6.26  0.0745    1.33    5.28   12.10    5.95    0.83     387
 19.000    7.94    5.65 -0.0468    0.79    4.60    9.72    4.89    0.80     362
 19.500    6.01    5.08  0.0122    0.47    4.24    7.71    4.46    0.94     356
 20.000    5.23    4.60  0.0483    0.65    3.93    7.05    3.99    1.11     340
 20.500    4.34    4.54  0.0466    0.20    3.89    6.44    3.78    1.17     328
 21.000    3.08    4.43 -0.0063   -0.20    3.59    5.58    3.31    1.27     323
 21.500    2.27    4.33  0.0198    0.46    3.17    5.27    2.95    1.16     317
 22.000    2.37    4.70  0.0345    0.10    3.36    5.29    3.42    1.18     311
 22.500    1.59    4.68 -0.0594    0.31    3.50    5.23    3.19    1.39     309
 23.000    1.66    4.94  0.1198    0.36    3.30    5.28    3.36    1.38     306
 23.500    1.73    5.26  0.1125    0.49    3.44    5.41    3.63    1.40     306
 24.000    2.02    5.26  0.2174    0.34    3.40    5.57    3.56    1.60     306
 24.500    2.50    5.56  0.2090    0.25    3.14    5.89    3.61    1.27     293
 25.000    2.99    6.01  0.1179    0.18    3.33    6.24    4.01    1.17     288
 25.500    3.50    6.11  0.1592    0.30    3.31    6.68    4.04    1.19     284
 26.000    3.82    6.29  0.1796    0.67    3.03    6.78    4.22    1.22     279
 26.500    4.52    6.72  0.1160    0.43    3.46    7.49    4.56    1.03     275
 27.000    5.34    6.93  0.1432    0.63    3.58    8.06    4.90    0.89     270
 27.500    6.27    7.42  0.0876    0.52    3.92    8.92    5.49    0.77     264
 28.000    6.85    7.86 -0.0030    0.49    4.07    9.60    5.69    0.76     258
 28.500    7.72    8.13 -0.1141    0.31    4.17   10.16    6.15    0.73     249
 29.000    8.22    8.27 -0.1352    0.26    4.24   10.43    6.42    0.59     238
 29.500    8.91    8.50 -0.1416    0.48    4.58   11.05    6.87    0.55     231
 30.000    9.70    8.92 -0.1861    0.34    4.72   11.86    7.18    0.50     219
     T A B L E  I -   5.  W I N D  S T A T I S T I C A L  P A R A M E T E R S
                                       May
 Station =   72269      White Sands Missile Range
    Z    MEAN U   SD  U  R(U,V)  MEAN V   SD  V MEAN WS  SD  WS SKEW WS    NOBS
    KM     M/S     M/S             M/S     M/S     M/S     M/S                 
  0.000    0.00    0.00  0.0000    0.00    0.00    0.00    0.00    0.00     100
  1.219    0.48    2.28  0.1414    0.34    2.29    2.63    1.96    1.58     585
  1.500    1.40    3.93 -0.0253    0.86    3.96    4.97    3.10    1.16     650
  2.000    2.32    4.64 -0.0135    0.93    4.81    6.23    3.60    0.87     761
  2.500    3.30    4.88  0.0472    1.09    4.89    6.80    3.75    0.97     761
  3.000    4.25    4.97  0.1330    1.41    5.06    7.41    3.99    1.00     761
  3.500    5.21    5.45  0.1656    1.84    5.46    8.36    4.56    0.96     760
  4.000    6.01    6.08  0.1803    2.33    6.50    9.66    5.25    0.76     757
  4.500    6.95    6.60  0.2446    2.90    7.66   11.15    5.92    0.63     756
  5.000    7.81    7.28  0.2750    3.21    8.26   12.20    6.62    0.61     729
  5.500    8.79    8.02  0.2804    3.24    8.79   13.16    7.46    0.60     718
  6.000    9.68    8.53  0.2857    3.19    9.22   14.01    8.10    0.68     718
  6.500   10.55    8.97  0.2961    2.94    9.64   14.80    8.61    0.74     707
  7.000   11.16    9.62  0.2867    2.76   10.04   15.47    9.25    0.79     704
  7.500   11.79   10.13  0.2955    2.65   10.45   16.20    9.76    0.89     692
  8.000   12.35   10.79  0.3027    2.53   10.93   16.99   10.28    0.91     662
  8.500   13.22   11.52  0.2979    2.48   11.45   18.11   10.76    0.91     655
  9.000   14.10   12.27  0.2994    2.63   12.20   19.39   11.33    0.93     645
  9.500   15.10   12.86  0.2909    3.07   12.75   20.61   11.77    0.88     618
 10.000   15.95   13.49  0.2962    3.33   12.89   21.54   12.16    0.81     612
 10.500   16.93   14.20  0.2858    3.44   13.19   22.73   12.53    0.73     595
 11.000   18.02   14.78  0.2710    3.99   13.23   23.85   12.81    0.66     571
 11.500   19.10   15.00  0.2580    4.22   13.21   24.78   12.88    0.61     560
 12.000   20.09   14.88  0.2459    4.13   13.06   25.41   12.84    0.53     551
 12.500   20.67   14.67  0.2632    4.07   12.17   25.39   12.67    0.53     544
 13.000   20.70   13.70  0.2606    3.86   11.06   24.78   11.75    0.50     539
 13.500   20.33   12.46  0.2192    3.62   10.45   23.96   10.80    0.38     522
 14.000   19.44   11.52  0.1998    3.60    9.72   22.64   10.24    0.32     496
 14.500   18.34   10.63  0.2159    3.45    8.80   21.34    9.18    0.24     472
 15.000   17.19    9.27  0.1921    3.08    8.16   19.81    8.10    0.18     463
 15.500   15.85    8.35  0.1639    3.07    7.62   18.13    7.67    0.19     453
 16.000   14.51    7.95  0.1463    2.96    6.53   16.52    7.28    0.30     434
 16.500   13.36    7.77  0.1187    2.78    6.07   15.38    6.87    0.42     368
 17.000   11.42    7.00 -0.0023    1.94    5.49   13.26    6.26    0.52     348
 17.500    9.31    6.17 -0.0171    1.22    5.21   11.23    5.48    0.63     327
 18.000    6.82    5.38  0.1534    0.74    5.05    9.03    4.53    0.79     312
 18.500    4.25    5.05  0.2066    0.92    4.36    7.16    3.82    0.95     281
 19.000    2.78    4.61  0.0641    0.82    3.43    5.90    3.03    1.01     260
 19.500    1.34    4.37 -0.0199    0.60    3.57    5.13    2.79    0.74     256
 20.000    0.31    4.23 -0.0685    0.30    3.32    5.14    2.47    0.65     246
 20.500   -0.62    3.74 -0.0503    0.15    3.24    4.76    2.04    0.38     238
 21.000   -1.28    3.64 -0.1123    0.23    3.11    4.58    2.11    0.59     234
 21.500   -2.04    3.20 -0.1268   -0.19    3.02    4.65    2.12    0.48     225
 22.000   -2.35    3.71  0.0102    0.26    3.35    4.99    2.59    0.64     220
 22.500   -2.12    3.95 -0.0462    0.02    2.90    4.87    2.49    0.73     217
 23.000   -2.69    4.16 -0.0609   -0.25    2.93    5.42    2.42    0.63     210
 23.500   -2.79    4.30  0.0117   -0.04    3.10    5.42    2.67    0.22     205
 24.000   -2.77    4.90 -0.0275    0.03    2.84    5.70    2.88    0.49     205
 24.500   -2.85    5.02 -0.1328   -0.16    2.97    5.86    2.97    0.59     201
 25.000   -2.82    5.03 -0.1128    0.13    2.98    5.64    3.11    0.72     196
 25.500   -2.38    5.03  0.0540    0.16    2.96    5.64    2.90    1.08     193
 26.000   -2.23    5.58  0.0466    0.04    2.79    5.91    3.08    0.78     190
 26.500   -2.20    6.03  0.0849   -0.03    3.41    6.28    3.55    0.60     189
 27.000   -1.66    6.06 -0.0409    0.68    3.22    6.34    3.32    0.66     184
 27.500   -1.26    6.40 -0.1435    0.58    3.17    6.39    3.57    0.93     182
 28.000   -0.85    6.36 -0.0825    0.63    3.63    6.44    3.65    0.94     177
 28.500   -0.86    6.62 -0.0341    0.35    3.89    6.70    3.87    0.84     167
 29.000   -0.21    6.38 -0.0358    0.05    3.70    6.47    3.53    0.68     162
 29.500   -0.02    6.65 -0.0651    0.10    3.58    6.59    3.69    0.71     159
 30.000    0.26    6.83 -0.1366    0.38    3.76    6.87    3.83    0.63     137
     T A B L E  I -   6.  W I N D  S T A T I S T I C A L  P A R A M E T E R S
                                      June
 Station =   72269      White Sands Missile Range
    Z    MEAN U   SD  U  R(U,V)  MEAN V   SD  V MEAN WS  SD  WS SKEW WS    NOBS
    KM     M/S     M/S             M/S     M/S     M/S     M/S                 
  0.000    0.00    0.00  0.0000    0.00    0.00    0.00    0.00    0.00     100
  1.219    0.19    2.22 -0.0003    0.27    2.30    2.62    1.85    1.37     714
  1.500    0.84    3.51 -0.0049    0.85    4.25    4.82    3.03    1.17     786
  2.000    1.47    4.06 -0.0547    1.06    4.58    5.57    3.25    1.17     967
  2.500    2.39    4.15  0.0214    1.12    4.46    5.80    3.30    1.04     968
  3.000    3.13    4.36  0.1218    1.02    4.33    6.09    3.46    1.01     968
  3.500    3.57    4.81  0.1938    1.08    4.61    6.69    3.78    1.00     967
  4.000    3.89    5.54  0.2856    1.29    5.31    7.53    4.36    0.86     967
  4.500    4.35    6.13  0.3303    1.49    5.88    8.36    4.84    0.88     967
  5.000    4.63    6.58  0.3621    1.52    6.26    9.01    5.03    0.92     943
  5.500    5.00    7.14  0.3596    1.34    6.59    9.60    5.34    0.89     924
  6.000    5.48    7.53  0.3336    1.16    6.71   10.05    5.66    0.95     916
  6.500    5.94    7.68  0.2929    1.11    6.82   10.31    5.98    0.94     903
  7.000    6.59    7.84  0.2698    1.15    7.04   10.70    6.39    0.90     895
  7.500    7.24    8.06  0.2915    0.90    7.38   11.27    6.74    0.98     877
  8.000    7.91    8.46  0.2905    1.01    7.66   11.88    7.24    1.03     834
  8.500    8.71    8.88  0.2695    1.19    8.00   12.63    7.75    0.98     825
  9.000    9.70    9.46  0.2502    1.37    8.32   13.57    8.38    0.94     817
  9.500   10.74    9.95  0.2568    1.55    8.80   14.53    9.06    0.92     799
 10.000   11.86   10.40  0.2418    1.77    9.25   15.63    9.60    0.86     789
 10.500   13.11   10.99  0.2202    2.15    9.65   16.86   10.22    0.85     765
 11.000   14.21   11.36  0.1930    2.47    9.90   17.91   10.62    0.83     739
 11.500   15.15   11.52  0.1838    2.61   10.08   18.78   10.87    0.77     726
 12.000   16.00   11.55  0.1561    2.67   10.25   19.50   11.01    0.72     708
 12.500   16.63   11.57  0.1180    2.56   10.14   19.96   10.98    0.67     686
 13.000   16.63   11.28  0.1689    2.41    9.65   19.72   10.71    0.57     676
 13.500   16.27   10.89  0.1871    2.32    9.10   19.20   10.19    0.49     659
 14.000   15.57   10.30  0.1772    2.44    8.74   18.32    9.78    0.52     624
 14.500   14.46    9.44  0.1455    2.50    8.09   17.07    8.95    0.45     592
 15.000   13.01    8.72  0.1367    2.23    7.42   15.54    8.05    0.36     576
 15.500   11.11    7.94  0.1048    1.96    6.79   13.59    7.22    0.34     568
 16.000    8.79    6.99  0.1028    1.69    6.21   11.46    6.19    0.54     547
 16.500    6.57    6.49  0.1930    1.68    5.68    9.43    5.68    0.91     513
 17.000    4.08    6.01  0.1614    1.37    5.17    7.78    4.72    1.21     497
 17.500    1.88    5.19  0.1336    1.03    4.48    6.37    3.70    1.51     471
 18.000    0.02    4.39 -0.0214    1.15    4.30    5.43    3.14    1.03     458
 18.500   -1.73    4.24  0.0906    0.96    4.45    5.93    3.05    0.88     430
 19.000   -3.42    3.95  0.1170    0.67    3.52    5.88    2.83    0.49     402
 19.500   -4.62    4.15  0.1185    0.50    3.69    6.48    3.19    0.32     391
 20.000   -5.80    3.79  0.0027    0.69    3.16    7.17    3.10    0.33     378
 20.500   -6.48    3.50 -0.0919    0.61    3.27    7.51    3.17    0.18     367
 21.000   -6.80    3.56  0.0283    0.37    3.38    7.71    3.28    0.13     362
 21.500   -7.57    3.36  0.0352    0.13    3.03    8.19    3.24   -0.23     346
 22.000   -8.27    3.57  0.0072   -0.05    2.93    8.68    3.55   -0.11     337
 22.500   -9.03    3.59 -0.0271   -0.28    3.14    9.35    3.81   -0.15     330
 23.000   -9.62    3.26 -0.0174    0.08    2.82    9.80    3.58   -0.33     322
 23.500   -9.80    3.32 -0.0310    0.47    2.94    9.90    3.71   -0.55     319
 24.000   -9.95    3.50  0.0776    0.15    2.75   10.06    3.79   -0.45     316
 24.500  -10.17    3.66 -0.1048    0.32    2.64   10.27    3.95   -0.42     305
 25.000  -10.30    3.96 -0.0185    0.06    3.26   10.52    4.16   -0.31     298
 25.500  -10.61    3.86  0.0453   -0.23    3.27   10.85    4.15   -0.36     296
 26.000  -10.98    4.14  0.0658   -0.19    3.05   11.19    4.25   -0.51     288
 26.500  -11.17    4.47  0.1108    0.23    3.31   11.42    4.49   -0.55     287
 27.000  -11.58    4.42  0.0766    0.17    2.99   11.75    4.56   -0.55     287
 27.500  -12.09    4.49  0.1750    0.09    3.17   12.16    4.80   -0.51     275
 28.000  -12.29    4.93  0.0374   -0.01    3.30   12.38    5.20   -0.37     274
 28.500  -12.48    4.74  0.0220    0.10    3.19   12.49    5.15   -0.23     268
 29.000  -12.42    5.07  0.1506    0.11    3.55   12.51    5.36   -0.14     255
 29.500  -12.64    5.42  0.0231    0.03    3.40   12.75    5.62   -0.14     245
 30.000  -12.86    5.57  0.0218   -0.06    3.77   13.10    5.70   -0.16     228
     T A B L E  I -   7.  W I N D  S T A T I S T I C A L  P A R A M E T E R S
                                      July
 Station =   72269      White Sands Missile Range
    Z    MEAN U   SD  U  R(U,V)  MEAN V   SD  V MEAN WS  SD  WS SKEW WS    NOBS
    KM     M/S     M/S             M/S     M/S     M/S     M/S                 
  0.000    0.00    0.00  0.0000    0.00    0.00    0.00    0.00    0.00     100
  1.219   -0.17    1.53 -0.1032    0.07    1.97    2.08    1.39    1.82     755
  1.500   -0.31    2.34 -0.1114    0.89    3.92    3.88    2.66    1.55     917
  2.000   -0.01    2.62 -0.1014    1.48    4.10    4.48    2.59    1.04    1100
  2.500    0.37    3.00 -0.0777    1.28    3.99    4.60    2.46    0.83    1101
  3.000    0.33    3.49 -0.0149    0.72    3.78    4.64    2.44    0.80    1101
  3.500   -0.07    3.96  0.0602    0.13    3.64    4.86    2.46    0.96    1101
  4.000   -0.58    4.44  0.1284   -0.30    3.86    5.27    2.74    0.65    1099
  4.500   -1.10    4.83  0.1692   -0.47    4.16    5.81    2.97    0.69    1098
  5.000   -1.43    5.05  0.1408   -0.40    4.35    6.16    3.02    0.72    1065
  5.500   -1.38    5.22  0.1105   -0.23    4.64    6.36    3.21    0.72    1044
  6.000   -1.09    5.36  0.0444   -0.09    4.93    6.59    3.37    0.76    1034
  6.500   -0.81    5.51 -0.0039    0.06    5.18    6.66    3.73    0.93    1017
  7.000   -0.44    5.73 -0.0640    0.16    5.24    6.73    3.88    1.03    1011
  7.500   -0.06    5.96 -0.0463   -0.03    5.33    6.97    4.00    1.13     994
  8.000    0.36    6.38 -0.0161   -0.24    5.36    7.24    4.17    1.06     941
  8.500    0.76    6.75 -0.0220   -0.29    5.68    7.64    4.49    1.24     935
  9.000    1.04    7.16  0.0046   -0.33    6.02    8.16    4.72    1.20     925
  9.500    1.50    7.65  0.0436   -0.31    6.22    8.62    4.98    0.94     908
 10.000    2.06    8.16  0.0923   -0.20    6.57    9.22    5.34    0.84     902
 10.500    2.77    8.73  0.0933   -0.24    6.96   10.00    5.65    0.81     896
 11.000    3.37    9.36  0.0956   -0.14    7.36   10.80    6.02    0.77     878
 11.500    3.96    9.81  0.0838   -0.19    7.70   11.48    6.27    0.80     864
 12.000    4.47    9.74  0.0721   -0.25    8.03   11.80    6.32    0.72     846
 12.500    4.72    9.77  0.0482   -0.38    8.20   11.96    6.41    0.71     805
 13.000    4.65    9.43  0.0150   -0.33    8.09   11.73    6.18    0.82     782
 13.500    4.26    9.25  0.0286   -0.35    7.88   11.37    6.08    0.79     751
 14.000    3.66    9.02  0.0065   -0.26    7.59   10.86    5.85    0.76     711
 14.500    2.91    8.18 -0.0411   -0.42    7.17    9.94    5.41    0.85     676
 15.000    1.83    7.16 -0.0438   -0.50    6.91    8.84    5.06    1.00     656
 15.500    0.35    6.32  0.0283   -0.38    6.30    7.84    4.40    0.92     643
 16.000   -0.73    5.83  0.1011   -0.25    5.50    7.20    3.95    0.92     623
 16.500   -2.44    5.26  0.0308   -0.38    5.00    6.86    3.56    0.65     585
 17.000   -3.73    4.72  0.1450    0.01    4.29    6.75    3.24    0.63     551
 17.500   -4.68    4.39  0.0438   -0.07    3.86    6.99    3.20    0.59     513
 18.000   -5.87    4.06  0.1684   -0.03    3.59    7.30    3.28    0.37     501
 18.500   -6.69    3.91  0.1401   -0.09    3.20    7.90    3.17    0.33     471
 19.000   -7.88    3.96  0.1072   -0.31    2.92    8.67    3.61    0.16     429
 19.500   -9.11    3.96 -0.0061   -0.05    3.28    9.64    3.90    0.13     403
 20.000  -10.03    3.61  0.0972    0.03    2.87   10.43    3.67   -0.05     368
 20.500  -10.96    3.48 -0.0152    0.25    2.90   11.23    3.67   -0.20     352
 21.000  -11.74    3.49  0.0188    0.04    3.03   11.93    3.76   -0.41     342
 21.500  -12.42    3.33 -0.0302    0.11    2.69   12.38    3.94   -0.70     333
 22.000  -12.87    3.32 -0.0343    0.46    2.66   12.80    3.93   -0.96     323
 22.500  -13.60    3.19 -0.0228    0.47    2.69   13.57    3.71   -0.99     321
 23.000  -13.89    3.17  0.0476    0.50    2.57   13.94    3.66   -1.03     309
 23.500  -13.92    3.09  0.0409    0.44    2.75   14.02    3.46   -0.93     304
 24.000  -14.41    3.09  0.1301    0.01    2.69   14.44    3.56   -0.98     301
 24.500  -14.96    3.26  0.0757    0.06    2.70   14.94    3.88   -1.22     292
 25.000  -15.37    3.38  0.0804    0.11    3.36   15.28    4.26   -1.28     276
 25.500  -16.03    3.32  0.0609    0.00    2.55   15.69    4.37   -1.26     273
 26.000  -16.48    3.25 -0.1236   -0.01    2.66   16.13    4.44   -1.50     268
 26.500  -17.23    3.42 -0.0481   -0.23    3.03   17.00    4.48   -1.50     265
 27.000  -17.98    3.36 -0.0373   -0.28    2.72   17.88    4.07   -1.14     255
 27.500  -18.31    3.51 -0.0183   -0.32    2.95   18.23    4.25   -1.23     243
 28.000  -18.85    3.71  0.1439   -0.10    3.05   18.73    4.52   -1.12     237
 28.500  -19.39    3.70  0.0950   -0.00    3.22   19.37    4.41   -1.30     231
 29.000  -19.45    4.09  0.1283   -0.12    3.43   19.34    4.93   -1.14     222
 29.500  -20.24    3.92 -0.0311   -0.22    3.49   20.02    4.95   -1.48     220
 30.000  -20.94    3.88  0.0323   -0.08    3.55   20.89    4.78   -1.56     209
     T A B L E  I -   8.  W I N D  S T A T I S T I C A L  P A R A M E T E R S
                                    August
 Station =   72269      White Sands Missile Range
    Z    MEAN U   SD  U  R(U,V)  MEAN V   SD  V MEAN WS  SD  WS SKEW WS    NOBS
    KM     M/S     M/S             M/S     M/S     M/S     M/S                 
  0.000    0.00    0.00  0.0000    0.00    0.00    0.00    0.00    0.00     100
  1.219   -0.19    1.54 -0.0077    0.06    1.83    1.95    1.40    1.80     730
  1.500   -0.39    2.35 -0.1015    0.73    3.44    3.63    2.32    1.50     890
  2.000   -0.07    2.56 -0.0832    1.54    3.55    4.10    2.38    1.26    1146
  2.500    0.50    2.99 -0.0498    1.55    3.63    4.39    2.44    1.17    1149
  3.000    0.74    3.54  0.0015    0.91    3.80    4.71    2.55    1.12    1149
  3.500    0.60    4.00  0.1191    0.34    3.97    5.04    2.74    1.05    1149
  4.000    0.16    4.76  0.1885    0.16    4.37    5.69    3.10    0.97    1143
  4.500   -0.32    5.20  0.2508    0.17    4.58    6.15    3.26    0.99    1141
  5.000   -0.56    5.45  0.2749    0.08    4.74    6.40    3.49    1.01    1092
  5.500   -0.15    5.28  0.2261    0.20    4.94    6.28    3.60    0.96    1064
  6.000    0.47    5.08  0.1633    0.36    4.97    6.31    3.41    0.87    1058
  6.500    0.93    5.16  0.1319    0.50    5.07    6.56    3.32    0.83    1039
  7.000    1.32    5.36  0.0961    0.63    5.41    6.92    3.49    0.74    1036
  7.500    1.68    5.60  0.0970    0.73    5.67    7.28    3.79    0.69    1020
  8.000    2.15    5.78  0.1299    0.93    6.05    7.68    4.10    0.71     978
  8.500    2.46    6.03  0.1163    1.05    6.47    8.13    4.39    0.77     966
  9.000    2.84    6.38  0.1341    1.05    6.78    8.60    4.72    0.84     959
  9.500    3.39    6.93  0.1365    1.00    7.16    9.23    5.19    0.88     936
 10.000    3.99    7.50  0.1458    0.92    7.71    9.99    5.73    0.91     922
 10.500    4.63    8.10  0.1395    0.91    8.37   10.89    6.31    0.95     918
 11.000    5.22    8.77  0.1499    0.78    8.91   11.71    6.85    0.91     903
 11.500    5.87    9.23  0.1593    0.53    9.15   12.35    7.18    0.86     895
 12.000    6.43    9.64  0.1474    0.23    9.07   12.87    7.18    0.72     890
 12.500    6.94    9.86  0.1373   -0.23    8.82   13.11    7.16    0.53     870
 13.000    6.99    9.69  0.0636   -0.63    8.45   12.93    6.93    0.49     863
 13.500    6.81    9.27 -0.0221   -0.85    8.13   12.45    6.66    0.47     852
 14.000    6.41    8.53 -0.0595   -0.86    7.80   11.65    6.29    0.61     800
 14.500    5.36    7.63 -0.0697   -0.88    7.34   10.57    5.55    0.61     764
 15.000    4.14    6.71 -0.0712   -0.73    6.87    9.37    4.80    0.54     752
 15.500    3.05    5.99  0.0087   -0.41    6.31    8.26    4.24    0.65     730
 16.000    1.79    5.41  0.0292   -0.27    5.74    7.40    3.65    0.71     695
 16.500    0.51    5.20  0.0677   -0.04    4.74    6.44    3.12    0.62     666
 17.000   -1.29    4.27  0.0209    0.23    4.27    5.85    2.57    0.82     610
 17.500   -2.46    4.07 -0.0163    0.35    3.70    5.73    2.69    0.79     569
 18.000   -3.55    4.20  0.0290    0.19    3.75    5.96    3.03    0.60     546
 18.500   -5.03    4.10  0.0556    0.36    3.45    6.87    3.18    0.47     509
 19.000   -6.12    4.07 -0.0451    0.36    3.04    7.32    3.44    0.38     450
 19.500   -7.21    3.73 -0.1017    0.46    3.39    8.04    3.47    0.19     421
 20.000   -8.39    3.32 -0.1202    0.49    2.71    8.81    3.34    0.07     381
 20.500   -8.94    3.12 -0.0079    0.48    2.87    9.27    3.32   -0.28     366
 21.000  -10.12    3.21  0.0223   -0.03    2.69   10.21    3.55   -0.50     360
 21.500  -10.85    3.00 -0.0869    0.15    2.63   10.82    3.56   -0.75     347
 22.000  -11.77    2.90 -0.0620    0.09    2.78   11.65    3.67   -0.91     335
 22.500  -12.23    3.25  0.1084    0.27    2.62   12.08    3.93   -0.93     331
 23.000  -12.82    3.08 -0.0076    0.16    2.41   12.58    3.88   -1.08     327
 23.500  -13.34    2.79 -0.0658   -0.03    2.69   13.09    3.76   -1.39     323
 24.000  -13.86    2.88  0.0423    0.07    2.60   13.57    3.87   -1.33     322
 24.500  -14.35    2.94  0.0954   -0.15    2.51   13.96    4.07   -1.31     308
 25.000  -15.03    3.24 -0.0252   -0.47    2.73   14.42    4.72   -1.31     301
 25.500  -15.56    3.04  0.1419   -0.27    2.49   14.85    4.76   -1.59     299
 26.000  -16.08    3.24  0.1990   -0.14    2.74   15.38    4.95   -1.54     287
 26.500  -16.52    3.85  0.2024   -0.34    2.85   15.70    5.48   -1.26     285
 27.000  -17.14    3.73  0.0727   -0.10    2.96   16.15    5.74   -1.35     276
 27.500  -17.60    3.92 -0.0092   -0.01    2.80   16.68    5.78   -1.26     270
 28.000  -18.00    4.07 -0.0691    0.25    3.04   17.00    6.06   -1.18     268
 28.500  -18.48    4.07 -0.0795    0.13    3.05   17.82    5.65   -1.16     254
 29.000  -18.89    4.18 -0.0428   -0.19    3.54   18.22    5.89   -1.15     240
 29.500  -19.51    4.22  0.0939    0.14    3.79   19.16    5.53   -1.21     235
 30.000  -19.48    4.35  0.0151    0.17    3.66   19.25    5.46   -1.09     223
     T A B L E  I -   9.  W I N D  S T A T I S T I C A L  P A R A M E T E R S
                                 September
 Station =   72269      White Sands Missile Range
    Z    MEAN U   SD  U  R(U,V)  MEAN V   SD  V MEAN WS  SD  WS SKEW WS    NOBS
    KM     M/S     M/S             M/S     M/S     M/S     M/S                 
  0.000    0.00    0.00  0.0000    0.00    0.00    0.00    0.00    0.00     100
  1.219   -0.00    1.66  0.0031    0.04    1.90    2.05    1.48    1.68     731
  1.500    0.02    2.68 -0.0081    1.07    3.67    3.99    2.51    1.11     794
  2.000    0.36    3.51 -0.0412    2.17    3.65    4.91    2.74    0.95    1043
  2.500    1.14    4.06 -0.0119    2.15    3.86    5.41    2.93    0.85    1050
  3.000    1.47    4.61  0.0697    1.74    4.25    5.84    3.29    0.97    1050
  3.500    1.47    5.33  0.1533    1.45    4.50    6.34    3.67    0.98    1050
  4.000    1.47    6.07  0.2056    1.34    4.84    6.94    4.02    0.83    1047
  4.500    1.79    6.47  0.2288    1.37    5.13    7.41    4.34    0.75    1042
  5.000    2.38    6.53  0.2095    1.29    5.24    7.64    4.46    0.81    1030
  5.500    3.15    6.43  0.1766    1.25    5.22    7.72    4.54    0.78    1024
  6.000    3.95    6.53  0.1681    1.33    5.44    8.18    4.84    0.91    1023
  6.500    4.72    6.87  0.1942    1.46    5.78    8.81    5.27    0.90    1014
  7.000    5.66    7.24  0.1894    1.54    6.24    9.63    5.72    0.82    1013
  7.500    6.49    7.77  0.2040    1.61    6.85   10.72    6.11    0.82    1000
  8.000    7.57    8.45  0.2597    1.75    7.61   12.00    6.74    0.76     958
  8.500    8.69    8.76  0.2762    1.85    8.28   13.11    7.19    0.68     948
  9.000    9.94    9.16  0.2861    1.91    9.00   14.41    7.72    0.75     940
  9.500   11.29    9.60  0.2740    2.01    9.65   15.65    8.46    0.81     915
 10.000   12.76    9.95  0.2611    2.03   10.24   16.95    9.09    0.72     908
 10.500   14.35   10.23  0.2523    2.02   10.64   18.45    9.35    0.65     899
 11.000   15.77   10.48  0.2342    2.13   11.02   19.74    9.73    0.58     879
 11.500   17.16   10.43  0.2581    2.10   11.30   20.87    9.99    0.48     874
 12.000   18.38   10.62  0.2823    1.80   11.23   21.85   10.19    0.42     868
 12.500   19.26   10.70  0.2506    1.29   11.29   22.60   10.19    0.34     825
 13.000   19.19   10.49  0.2294    0.90   10.85   22.32    9.97    0.32     810
 13.500   18.87   10.22  0.1997    0.72   10.22   21.76    9.62    0.29     797
 14.000   18.03    9.61  0.2076    0.28    9.64   20.72    9.03    0.35     753
 14.500   16.49    8.65  0.1983   -0.04    8.96   19.04    8.02    0.25     710
 15.000   14.55    7.94  0.1019   -0.19    8.43   16.95    7.60    0.42     686
 15.500   12.59    7.13  0.0911   -0.30    7.81   14.98    6.73    0.60     664
 16.000   10.23    6.37  0.1095   -0.19    6.74   12.63    5.71    0.67     626
 16.500    7.51    5.90  0.0729   -0.26    6.42   10.37    5.09    0.63     593
 17.000    5.05    5.17  0.0656    0.11    5.42    8.15    4.16    0.86     562
 17.500    2.99    4.60  0.0162    0.27    4.46    6.66    3.13    0.63     552
 18.000    1.28    4.36 -0.0208    0.39    4.22    5.58    2.84    0.60     529
 18.500   -0.37    3.99 -0.0194   -0.04    4.06    5.45    2.52    0.57     498
 19.000   -1.98    4.22  0.0663    0.13    3.81    5.79    2.55    0.68     450
 19.500   -2.70    4.20  0.0278    0.65    3.74    5.55    2.94    0.60     426
 20.000   -3.40    3.77  0.0795    0.58    3.16    5.65    2.60    0.41     398
 20.500   -4.15    3.85  0.0825    0.52    3.11    6.03    2.76    0.36     377
 21.000   -4.72    3.75 -0.0305    0.38    2.94    5.97    3.16    0.44     369
 21.500   -5.53    3.39  0.1238    0.29    2.58    6.54    2.75    0.09     353
 22.000   -6.18    3.73  0.0077    0.04    2.57    7.03    3.20    0.16     342
 22.500   -6.84    3.57 -0.0196   -0.08    2.65    7.66    2.95   -0.03     334
 23.000   -7.36    3.78 -0.0780   -0.20    2.36    8.03    3.26    0.04     328
 23.500   -7.84    3.43 -0.1145   -0.20    2.54    8.32    3.23   -0.17     323
 24.000   -8.45    3.75 -0.0286   -0.04    3.04    9.08    3.54   -0.20     320
 24.500   -8.88    3.97 -0.0827    0.06    2.73    9.42    3.73   -0.13     309
 25.000   -9.00    4.16 -0.0654    0.03    2.91    9.41    4.11    0.19     302
 25.500   -9.10    4.25  0.0463   -0.20    2.76    9.58    4.10   -0.01     300
 26.000   -9.50    4.67  0.0251   -0.44    2.73    9.98    4.44    0.01     288
 26.500   -9.70    4.88  0.0249   -0.05    3.06   10.31    4.53    0.06     282
 27.000   -9.83    5.16  0.1359   -0.11    2.66   10.37    4.77   -0.02     276
 27.500   -9.83    5.30  0.1013   -0.03    2.81   10.47    4.78   -0.06     270
 28.000   -9.63    5.54 -0.0445   -0.13    3.02   10.33    4.97   -0.03     268
 28.500   -9.47    5.23 -0.0564   -0.21    3.06   10.24    4.63   -0.06     257
 29.000   -9.70    5.38  0.0465   -0.41    3.44   10.56    4.79    0.04     250
 29.500   -9.86    5.51  0.1068   -0.47    3.05   10.61    4.95    0.05     245
 30.000   -9.95    5.92 -0.0186   -0.32    3.06   10.96    4.95   -0.07     221
     T A B L E  I -  10.  W I N D  S T A T I S T I C A L  P A R A M E T E R S
                                   October
 Station =   72269      White Sands Missile Range
    Z    MEAN U   SD  U  R(U,V)  MEAN V   SD  V MEAN WS  SD  WS SKEW WS    NOBS
    KM     M/S     M/S             M/S     M/S     M/S     M/S                 
  0.000    0.00    0.00  0.0000    0.00    0.00    0.00    0.00    0.00     100
  1.219   -0.01    1.50  0.0872    0.10    1.98    2.03    1.43    1.81     799
  1.500    0.48    2.76 -0.0215    0.72    4.24    4.33    2.86    1.21     882
  2.000    1.74    3.92 -0.0404    1.41    4.76    5.81    3.25    0.86    1054
  2.500    3.42    4.93 -0.0034    1.47    5.30    7.19    3.93    0.85    1054
  3.000    4.79    5.67  0.1019    1.58    5.94    8.40    4.78    0.89    1054
  3.500    5.83    6.43  0.1545    1.75    6.63    9.64    5.51    0.79    1054
  4.000    6.74    7.14  0.1804    1.87    7.36   10.76    6.22    0.75    1053
  4.500    7.60    7.68  0.2094    2.02    8.10   11.77    6.97    0.76    1050
  5.000    8.56    8.10  0.2621    2.05    8.74   12.78    7.53    0.83    1028
  5.500    9.56    8.49  0.2935    2.00    9.39   13.76    8.16    0.84    1020
  6.000   10.54    8.94  0.3120    1.82    9.96   14.79    8.66    0.78    1017
  6.500   11.45    9.36  0.3257    1.81   10.76   15.95    9.15    0.79     997
  7.000   12.28    9.85  0.3489    1.75   11.45   17.01    9.60    0.80     994
  7.500   13.18   10.28  0.3868    2.01   12.16   18.25    9.94    0.74     984
  8.000   14.02   10.79  0.4188    2.15   12.91   19.43   10.35    0.71     942
  8.500   15.24   11.39  0.4328    2.39   13.44   20.74   10.88    0.62     935
  9.000   16.49   12.22  0.4303    2.57   14.06   22.19   11.56    0.60     921
  9.500   17.67   13.04  0.4299    2.82   14.47   23.50   12.16    0.54     894
 10.000   19.17   13.66  0.4174    2.83   15.11   25.08   12.67    0.51     884
 10.500   20.98   13.85  0.4006    2.76   15.64   26.71   13.06    0.36     871
 11.000   22.53   13.96  0.3917    2.66   16.09   28.06   13.39    0.25     846
 11.500   23.79   14.07  0.3964    2.96   16.11   29.14   13.52    0.12     840
 12.000   24.86   13.98  0.3787    3.20   15.74   29.67   13.80    0.08     831
 12.500   25.69   13.80  0.3759    3.28   15.26   30.02   13.81    0.14     803
 13.000   25.45   13.81  0.3778    3.28   14.62   29.73   13.38    0.12     786
 13.500   24.84   13.07  0.3487    3.23   13.70   28.75   12.63    0.09     771
 14.000   24.14   12.47  0.3265    3.16   12.96   27.79   11.89    0.10     723
 14.500   22.86   11.77  0.3539    2.75   11.54   26.02   11.12    0.30     654
 15.000   21.40   11.30  0.3213    2.61   10.52   24.24   10.69    0.42     623
 15.500   19.49   10.48  0.2591    2.04    9.71   22.16    9.81    0.40     602
 16.000   17.18    9.63  0.2543    1.49    8.55   19.66    8.77    0.45     571
 16.500   14.53    8.75  0.2304    1.30    8.00   17.15    7.77    0.56     525
 17.000   12.15    7.55  0.2662    1.06    6.74   14.31    6.93    0.58     509
 17.500    9.66    6.93  0.1845    0.73    5.66   11.79    6.11    0.83     471
 18.000    7.57    6.27  0.0997    0.62    5.62   10.01    5.33    0.80     450
 18.500    6.38    6.10  0.1660    0.15    4.55    8.73    4.92    0.95     413
 19.000    5.03    5.74  0.2290    0.02    4.22    7.67    4.36    0.80     346
 19.500    4.22    5.32  0.2272    0.61    4.42    6.97    4.13    0.82     324
 20.000    3.86    5.27  0.2802    0.71    3.79    6.76    3.80    0.94     296
 20.500    3.59    5.31  0.1095    0.68    3.34    6.39    3.75    1.09     275
 21.000    3.10    5.05  0.1431    0.89    3.59    6.10    3.53    0.96     270
 21.500    2.73    5.08  0.2269    0.46    3.31    5.99    3.38    1.26     260
 22.000    2.29    5.40  0.1431    0.47    3.41    5.78    3.74    1.44     258
 22.500    1.92    5.56  0.2218    0.20    3.34    5.80    3.60    1.15     253
 23.000    1.69    5.41  0.0900    0.55    3.02    5.78    3.11    1.10     249
 23.500    1.78    5.62  0.0815    0.89    3.33    5.77    3.68    1.18     244
 24.000    1.86    5.77  0.1732    0.82    3.19    6.02    3.53    1.09     242
 24.500    1.76    5.70  0.1908    0.65    3.17    5.88    3.58    1.39     232
 25.000    1.80    5.82  0.2083    0.44    3.46    5.93    3.73    1.62     222
 25.500    1.66    5.98  0.2074    0.25    3.09    5.91    3.78    1.77     218
 26.000    1.87    5.97  0.2560    0.33    3.00    5.99    3.68    1.77     213
 26.500    1.77    6.09  0.1799    0.31    3.47    6.26    3.58    1.63     211
 27.000    1.68    6.18  0.1654    0.44    3.48    6.34    3.71    1.44     206
 27.500    2.10    6.42  0.0884    0.47    3.26    6.38    4.03    1.43     204
 28.000    2.24    6.78  0.2493    0.53    3.16    6.66    4.13    1.32     199
 28.500    2.75    7.04  0.3293    0.81    3.28    7.03    4.38    1.17     197
 29.000    3.32    7.51  0.2198    0.59    3.73    7.49    4.99    1.29     194
 29.500    3.41    7.86  0.3054    0.27    3.86    7.76    5.29    1.45     188
 30.000    4.04    8.33  0.3279    0.66    3.96    8.47    5.54    1.46     177
     T A B L E  I -  11.  W I N D  S T A T I S T I C A L  P A R A M E T E R S
                                  November
 Station =   72269      White Sands Missile Range
    Z    MEAN U   SD  U  R(U,V)  MEAN V   SD  V MEAN WS  SD  WS SKEW WS    NOBS
    KM     M/S     M/S             M/S     M/S     M/S     M/S                 
  0.000    0.00    0.00  0.0000    0.00    0.00    0.00    0.00    0.00     100
  1.219    0.12    1.85  0.0210    0.03    2.19    2.25    1.77    1.78     647
  1.500    1.13    3.43  0.0801    0.08    4.20    4.41    3.42    1.59     727
  2.000    2.59    4.54  0.0585    0.49    4.80    6.14    3.75    1.20     907
  2.500    4.53    5.57  0.0751    0.34    5.20    7.79    4.34    0.86     907
  3.000    6.55    6.08  0.1247   -0.17    5.66    9.38    4.94    0.76     907
  3.500    8.16    6.74  0.1870   -0.32    6.35   11.03    5.63    0.61     907
  4.000    9.38    7.30  0.1956   -0.34    7.07   12.34    6.27    0.50     907
  4.500   10.65    7.84  0.1982   -0.31    7.73   13.68    6.91    0.48     906
  5.000   11.85    8.58  0.2425   -0.30    8.53   15.18    7.55    0.52     895
  5.500   12.93    9.46  0.2600   -0.30    9.35   16.64    8.19    0.54     888
  6.000   14.10   10.32  0.2778   -0.35   10.19   18.19    8.80    0.54     886
  6.500   15.20   11.06  0.2754   -0.44   11.18   19.75    9.39    0.55     873
  7.000   16.30   11.91  0.3066   -0.32   12.04   21.15   10.19    0.56     871
  7.500   17.23   12.68  0.3223   -0.20   12.76   22.46   10.73    0.54     856
  8.000   18.38   13.53  0.3362    0.02   13.62   24.02   11.35    0.53     836
  8.500   19.45   14.35  0.3591    0.19   14.34   25.40   11.99    0.46     827
  9.000   21.04   15.00  0.3496    0.19   14.84   27.05   12.45    0.41     820
  9.500   22.72   15.87  0.3450    0.45   15.48   28.87   13.18    0.34     797
 10.000   24.22   16.54  0.3575    0.43   16.17   30.53   13.69    0.30     792
 10.500   25.73   16.92  0.3578    0.48   16.26   31.85   14.01    0.23     782
 11.000   27.19   17.10  0.3377    0.70   16.28   33.07   14.15    0.15     769
 11.500   28.34   16.88  0.3195    1.05   16.15   33.84   14.16    0.19     757
 12.000   29.00   16.49  0.3215    1.01   15.51   34.03   13.87    0.27     750
 12.500   29.30   15.91  0.2992    1.38   15.06   33.92   13.73    0.26     727
 13.000   29.14   14.45  0.3432    1.48   14.62   33.15   13.02    0.19     709
 13.500   28.41   13.58  0.3548    1.54   13.19   31.79   12.29    0.16     697
 14.000   27.19   12.49  0.3426    1.10   11.81   29.99   11.44    0.08     670
 14.500   25.82   11.26  0.3265    0.94   10.89   28.24   10.52    0.03     645
 15.000   24.54   10.55  0.2324    1.28   10.10   26.83    9.73   -0.01     627
 15.500   23.56    9.81  0.2371    0.96    9.58   25.67    9.13    0.02     616
 16.000   21.58    9.64  0.2463    0.48    8.78   23.57    8.91    0.06     586
 16.500   19.43    9.00  0.1925    0.29    8.32   21.38    8.29    0.08     528
 17.000   17.17    8.45  0.1001    0.23    7.78   19.12    7.66    0.08     515
 17.500   14.90    7.92  0.0623    0.09    6.95   16.77    7.16    0.16     490
 18.000   12.39    7.47  0.0520   -0.02    6.61   14.34    6.78    0.42     468
 18.500   10.42    6.64  0.1136   -0.16    5.63   12.32    5.72    0.31     429
 19.000    8.85    5.69  0.0665    0.02    5.07   10.56    4.99    0.25     386
 19.500    7.80    5.74  0.1242   -0.12    4.86    9.48    5.05    0.28     381
 20.000    7.20    5.76  0.1093    0.13    4.20    9.09    4.62    0.50     358
 20.500    6.81    5.76  0.1462    0.03    4.22    8.77    4.59    0.58     346
 21.000    6.50    5.87  0.0108   -0.14    4.18    8.48    4.68    0.60     340
 21.500    6.26    5.96  0.0447    0.25    3.88    8.37    4.59    0.81     332
 22.000    6.18    5.65  0.0273    0.15    3.87    8.09    4.43    1.06     324
 22.500    6.23    5.94  0.1992    0.75    3.77    8.19    4.66    0.91     322
 23.000    6.79    6.37  0.2713    1.11    3.46    8.66    5.02    0.79     315
 23.500    7.34    6.89  0.1966    0.73    3.81    9.30    5.32    0.71     312
 24.000    8.00    6.77  0.1504    0.63    3.52    9.72    5.32    0.76     310
 24.500    8.68    7.00  0.2131    0.81    3.43   10.32    5.51    0.52     300
 25.000    9.56    7.45  0.0588    0.93    3.83   11.11    6.07    0.48     295
 25.500   10.43    7.50  0.2445    0.87    3.82   11.71    6.51    0.65     291
 26.000   11.38    8.25  0.3760    0.90    3.89   12.60    7.42    0.71     287
 26.500   12.42    8.90  0.3625    0.96    4.47   13.79    7.93    0.66     286
 27.000   13.17    9.29  0.3522    1.15    4.40   14.30    8.53    0.70     280
 27.500   14.40    9.40  0.3727    1.21    4.43   15.26    8.91    0.69     278
 28.000   15.45    9.84  0.3770    1.17    4.59   16.25    9.38    0.68     273
 28.500   16.15   10.12  0.4091    1.27    4.45   17.13    9.41    0.62     260
 29.000   17.02   10.51  0.4362    1.03    4.39   18.06    9.62    0.42     249
 29.500   18.03   11.02  0.4414    1.33    4.96   19.15   10.27    0.34     237
 30.000   18.75   11.12  0.4419    1.48    5.13   19.71   10.55    0.39     215
     T A B L E  I -  12.  W I N D  S T A T I S T I C A L  P A R A M E T E R S
                                  December
 Station =   72269      White Sands Missile Range
    Z    MEAN U   SD  U  R(U,V)  MEAN V   SD  V MEAN WS  SD  WS SKEW WS    NOBS
    KM     M/S     M/S             M/S     M/S     M/S     M/S                 
  0.000    0.00    0.00  0.0000    0.00    0.00    0.00    0.00    0.00     100
  1.219    0.21    1.66 -0.0956   -0.19    2.01    2.08    1.60    1.72     509
  1.500    0.89    3.11 -0.0211    0.10    3.83    4.00    3.10    1.66     588
  2.000    2.69    4.10  0.0589    0.24    4.81    5.92    3.68    1.33     719
  2.500    5.29    4.92  0.1043    0.28    5.46    8.06    4.23    0.81     719
  3.000    7.45    5.91  0.1809   -0.23    6.36   10.31    5.01    0.64     718
  3.500    9.50    6.63  0.2196   -0.31    7.21   12.40    5.78    0.48     718
  4.000   11.23    7.42  0.2524   -0.36    8.20   14.24    6.79    0.48     717
  4.500   12.98    8.20  0.2563   -0.21    9.35   16.20    7.83    0.53     717
  5.000   14.64    8.99  0.2517    0.13   10.13   17.98    8.67    0.52     709
  5.500   16.15   10.00  0.2688    0.24   11.01   19.78    9.52    0.53     704
  6.000   17.59   10.79  0.2841    0.41   11.94   21.49   10.36    0.51     700
  6.500   18.95   11.50  0.2834    0.57   13.03   23.22   11.09    0.55     682
  7.000   20.39   12.36  0.2717    0.80   14.09   25.05   11.83    0.52     681
  7.500   21.89   12.81  0.2820    1.09   14.89   26.73   12.33    0.46     668
  8.000   23.33   13.27  0.2947    1.58   15.88   28.45   12.87    0.37     641
  8.500   24.63   13.84  0.3098    1.93   16.99   30.12   13.53    0.29     636
  9.000   26.07   14.09  0.3309    2.28   17.72   31.70   13.87    0.23     630
  9.500   27.25   14.52  0.3806    2.72   18.18   32.95   14.28    0.19     611
 10.000   28.70   15.08  0.4178    2.85   18.89   34.60   14.71    0.18     607
 10.500   30.12   15.63  0.4496    3.01   19.10   36.07   14.97    0.19     597
 11.000   31.67   15.72  0.4615    3.45   19.09   37.37   15.07    0.21     579
 11.500   32.36   15.29  0.4455    3.67   18.41   37.62   14.70    0.22     574
 12.000   32.89   14.40  0.4082    3.53   17.49   37.53   13.97    0.19     566
 12.500   32.72   13.63  0.3639    3.57   16.42   36.73   13.55    0.13     544
 13.000   32.03   12.83  0.3090    4.03   14.99   35.55   12.84    0.06     542
 13.500   31.03   11.44  0.3164    3.85   13.37   33.94   11.50    0.03     535
 14.000   29.95   10.26  0.3091    3.58   12.23   32.57   10.22    0.09     522
 14.500   28.73    9.54  0.3129    2.93   11.73   31.19    9.54    0.05     504
 15.000   26.89    8.99  0.3079    2.85   11.06   29.20    9.08    0.09     495
 15.500   25.66    8.57  0.2603    2.76   10.31   27.69    8.74    0.05     480
 16.000   23.78    8.40  0.3020    2.23    9.46   25.67    8.54    0.21     451
 16.500   21.93    8.24  0.2637    2.10    8.59   23.62    8.28    0.22     393
 17.000   19.43    8.17  0.2251    1.72    8.03   21.13    8.10    0.32     373
 17.500   17.40    7.69  0.1590    1.86    7.41   19.12    7.58    0.50     354
 18.000   15.27    7.53  0.1364    1.43    6.93   16.92    7.35    0.57     347
 18.500   12.93    7.13  0.0040    0.63    5.90   14.45    6.72    0.84     307
 19.000   10.64    5.93 -0.0580    0.34    5.81   12.24    5.76    0.84     276
 19.500    8.99    5.76 -0.0308    0.05    5.01   10.46    5.37    0.96     263
 20.000    7.42    5.37  0.1195   -0.47    4.43    8.94    5.05    1.17     249
 20.500    6.40    5.94  0.1803   -0.80    4.02    8.20    5.19    1.19     237
 21.000    5.19    6.53  0.2090   -0.60    3.72    7.44    5.29    1.38     234
 21.500    4.35    6.89  0.1200   -0.69    3.37    6.96    5.48    1.62     228
 22.000    3.81    7.79  0.0312   -1.05    3.70    7.55    5.70    1.58     223
 22.500    3.34    8.08  0.0095   -1.05    3.55    7.47    5.81    1.56     219
 23.000    2.84    8.25  0.1106   -1.18    3.35    7.67    5.57    1.55     219
 23.500    2.83    8.90  0.3037   -0.86    3.54    8.15    5.70    1.38     215
 24.000    2.47    9.35  0.3250   -0.89    3.74    8.50    5.93    1.57     212
 24.500    2.88   10.30  0.3432   -1.03    4.02    9.37    6.57    1.60     211
 25.000    3.34   11.01  0.3165   -1.10    4.16   10.13    7.15    1.57     206
 25.500    3.74   11.89  0.3482   -0.94    4.18   10.47    7.85    1.50     204
 26.000    4.20   12.65  0.3941   -1.04    4.52   11.21    8.39    1.51     201
 26.500    4.78   13.53  0.4435   -1.32    5.08   12.04    9.14    1.36     199
 27.000    4.67   13.57  0.4426   -1.39    4.97   12.11    9.05    1.38     193
 27.500    5.31   13.87  0.4320   -1.32    5.54   12.67    9.42    1.26     186
 28.000    6.01   13.72  0.4079   -1.49    5.94   13.07    9.33    1.07     181
 28.500    7.16   14.68  0.4958   -1.16    6.07   13.97   10.24    1.19     173
 29.000    8.01   15.63  0.4991   -1.29    6.45   14.90   11.18    1.24     160
 29.500    9.25   16.44  0.5165   -1.56    6.99   16.36   12.00    1.12     152
 30.000   10.45   17.11  0.5965   -1.41    6.97   16.97   12.58    1.24     135
     T A B L E  I -  13.  W I N D  S T A T I S T I C A L  P A R A M E T E R S
                                    Annual
 Station =   72269      White Sands Missile Range
    Z    MEAN U   SD  U  R(U,V)  MEAN V   SD  V MEAN WS  SD  WS SKEW WS    NOBS
    KM     M/S     M/S             M/S     M/S     M/S     M/S                 
  0.000    0.00    0.00  0.0000    0.00    0.00    0.00    0.00    0.00     100
  1.219    0.18    2.00  0.0778    0.12    2.20    2.36    1.83    1.89    7913
  1.500    0.80    3.40  0.0129    0.61    4.11    4.51    3.12    1.43    8914
  2.000    1.77    4.18 -0.0119    1.01    4.65    5.68    3.48    1.22   10977
  2.500    3.16    4.94  0.0181    0.99    4.99    6.71    3.99    1.07   10989
  3.000    4.34    5.85  0.0812    0.73    5.40    7.78    4.76    1.05   10988
  3.500    5.27    6.84  0.1361    0.62    5.94    8.94    5.57    0.99   10986
  4.000    6.01    7.86  0.1705    0.66    6.66   10.11    6.37    0.93   10966
  4.500    6.78    8.75  0.1941    0.75    7.38   11.26    7.14    0.94   10945
  5.000    7.56    9.56  0.2124    0.83    8.01   12.29    7.92    0.96   10647
  5.500    8.48   10.24  0.2156    0.86    8.60   13.20    8.78    0.97   10459
  6.000    9.42   10.89  0.2195    0.88    9.16   14.16    9.59    0.99   10398
  6.500   10.31   11.54  0.2195    0.98    9.72   15.09   10.36    1.00   10195
  7.000   11.22   12.27  0.2266    1.07   10.34   16.09   11.19    1.00   10150
  7.500   12.13   12.99  0.2370    1.08   10.91   17.15   11.91    0.98    9955
  8.000   13.20   13.79  0.2537    1.18   11.64   18.39   12.76    0.95    9509
  8.500   14.26   14.52  0.2619    1.33   12.29   19.58   13.53    0.93    9414
  9.000   15.38   15.22  0.2661    1.43   12.87   20.84   14.20    0.89    9319
  9.500   16.57   15.91  0.2726    1.59   13.37   22.06   14.88    0.85    9072
 10.000   17.86   16.56  0.2808    1.73   13.83   23.37   15.49    0.83    8993
 10.500   19.21   17.12  0.2818    1.86   14.06   24.68   15.91    0.80    8873
 11.000   20.46   17.55  0.2733    2.05   14.22   25.84   16.23    0.76    8673
 11.500   21.43   17.48  0.2659    2.13   14.07   26.58   16.11    0.71    8576
 12.000   22.14   17.15  0.2553    2.06   13.61   26.93   15.75    0.63    8462
 12.500   22.54   16.64  0.2515    1.94   13.07   26.96   15.22    0.55    8199
 13.000   22.29   15.85  0.2515    1.86   12.27   26.33   14.43    0.48    8063
 13.500   21.77   15.07  0.2412    1.74   11.40   25.47   13.58    0.40    7906
 14.000   20.95   14.34  0.2261    1.65   10.73   24.39   12.88    0.36    7526
 14.500   19.80   13.63  0.2266    1.54    9.99   23.05   12.19    0.35    7140
 15.000   18.42   13.06  0.2171    1.44    9.36   21.52   11.66    0.35    6958
 15.500   16.90   12.56  0.2080    1.28    8.68   19.88   11.15    0.39    6795
 16.000   15.01   12.08  0.2062    1.11    7.81   18.00   10.49    0.51    6478
 16.500   12.76   11.73  0.1800    0.96    7.25   16.02    9.86    0.61    5889
 17.000   10.70   11.15  0.1472    0.88    6.55   14.21    9.01    0.74    5637
 17.500    8.70   10.45  0.1248    0.76    5.93   12.53    8.08    0.90    5371
 18.000    6.66    9.85  0.0977    0.64    5.59   10.98    7.21    1.03    5183
 18.500    4.60    9.11  0.0607    0.31    4.91    9.73    5.94    1.15    4770
 19.000    2.82    8.49  0.0201    0.13    4.41    8.74    4.98    1.07    4319
 19.500    1.67    8.27 -0.0149    0.11    4.28    8.16    4.70    0.99    4161
 20.000    0.77    8.09 -0.0214    0.06    3.86    7.98    4.35    0.92    3920
 20.500   -0.06    7.99 -0.0612   -0.08    3.74    7.78    4.27    0.79    3763
 21.000   -0.93    7.89 -0.0344   -0.22    3.62    7.56    4.36    0.70    3699
 21.500   -1.61    7.83 -0.0299   -0.24    3.29    7.56    4.31    0.74    3586
 22.000   -2.09    8.13 -0.0431   -0.29    3.40    7.82    4.55    0.67    3488
 22.500   -2.55    8.35 -0.0133   -0.24    3.33    8.08    4.68    0.65    3444
 23.000   -2.80    8.61  0.0115   -0.19    3.15    8.32    4.78    0.63    3380
 23.500   -2.89    8.90  0.0253   -0.17    3.35    8.55    4.96    0.56    3339
 24.000   -3.08    9.21  0.0866   -0.16    3.30    8.88    5.09    0.63    3314
 24.500   -3.02    9.70  0.1151   -0.09    3.29    9.25    5.31    0.66    3217
 25.000   -2.82   10.26  0.1090   -0.12    3.51    9.55    5.69    0.65    3133
 25.500   -2.71   10.77  0.1593   -0.13    3.29    9.90    5.87    0.68    3098
 26.000   -2.51   11.39  0.1978   -0.10    3.35   10.31    6.25    0.73    3033
 26.500   -2.28   12.08  0.1853   -0.11    3.71   10.83    6.66    0.75    3004
 27.000   -2.13   12.57  0.1921   -0.03    3.65   11.23    6.86    0.72    2939
 27.500   -1.70   13.24  0.1839   -0.01    3.82   11.77    7.16    0.70    2871
 28.000   -1.35   13.85  0.1562    0.01    3.96   12.22    7.46    0.70    2825
 28.500   -0.95   14.49  0.1799    0.11    3.97   12.78    7.72    0.72    2727
 29.000   -0.46   15.06  0.1884    0.04    4.21   13.21    8.10    0.72    2615
 29.500   -0.29   15.76  0.1991    0.05    4.41   13.85    8.49    0.72    2535
 30.000   -0.08   16.40  0.2019    0.16    4.42   14.47    8.66    0.77    2333
