      72293      32.87N  117.14W
     T A B L E  I -   1.  W I N D  S T A T I S T I C A L  P A R A M E T E R S
                                   January
 STATION =   722930     YUMA PROVING GROUNDS, AZ
    Z    MEAN U   SD  U  R(U,V)  MEAN V   SD  V MEAN WS  SD  WS SKEW WS    NOBS
    KM     M/S     M/S             M/S     M/S     M/S     M/S                 
  0.000    0.00    0.00  0.0000    0.00    0.00    0.00    0.00    0.00     100
  0.098    0.09    1.37 -0.2772   -1.26    2.06    2.14    1.77    1.59     605
  0.500   -0.54    3.52 -0.0319   -2.62    4.21    5.36    3.07    1.03    1837
  1.000   -0.77    4.76  0.1551   -2.34    4.60    6.20    3.46    0.98    1854
  1.500    0.13    5.27  0.2484   -2.20    4.99    6.65    3.67    0.84    1854
  2.000    1.26    5.57  0.2610   -2.23    5.66    7.43    3.88    0.78    1854
  2.500    2.36    6.26  0.2256   -2.33    6.39    8.46    4.47    0.73    1854
  3.000    3.47    7.14  0.2099   -2.57    7.22    9.74    5.22    0.87    1853
  3.500    4.73    8.05  0.2032   -2.72    7.96   11.12    5.92    0.85    1853
  4.000    5.86    9.05  0.2127   -2.95    8.88   12.62    6.71    0.89    1853
  4.500    6.87    9.88  0.2391   -3.25    9.89   14.04    7.55    0.88    1853
  5.000    7.92   10.56  0.2635   -3.36   10.89   15.32    8.38    0.78    1853
  5.500    8.87   11.31  0.2839   -3.33   12.03   16.64    9.29    0.75    1852
  6.000    9.78   12.05  0.2964   -3.41   13.01   17.97    9.97    0.74    1850
  6.500   10.77   12.90  0.3172   -3.46   13.88   19.33   10.72    0.70    1848
  7.000   11.81   13.90  0.3253   -3.42   14.66   20.65   11.57    0.68    1843
  7.500   12.87   14.80  0.3294   -3.48   15.44   21.98   12.34    0.70    1834
  8.000   13.84   15.58  0.3319   -3.58   16.21   23.30   12.98    0.69    1829
  8.500   14.82   16.37  0.3371   -3.68   17.00   24.64   13.60    0.66    1821
  9.000   15.80   17.23  0.3399   -3.81   17.71   26.00   14.13    0.62    1808
  9.500   17.07   18.15  0.3441   -4.13   18.42   27.54   14.81    0.54    1797
 10.000   18.61   18.92  0.3445   -4.58   18.85   29.07   15.39    0.49    1783
 10.500   19.97   19.33  0.3592   -4.79   19.12   30.26   15.66    0.44    1765
 11.000   21.17   19.32  0.3760   -4.78   19.09   31.09   15.63    0.34    1716
 11.500   22.13   18.64  0.3804   -4.75   18.75   31.41   15.11    0.33    1684
 12.000   23.07   17.82  0.3835   -4.45   17.48   31.13   14.38    0.35    1592
 12.500   22.84   16.88  0.3804   -4.55   16.22   30.15   13.52    0.38    1463
 13.000   22.20   15.59  0.3758   -4.56   15.03   28.88   12.29    0.52    1405
 13.500   21.22   14.33  0.3693   -4.39   13.72   27.20   11.17    0.56    1356
 14.000   20.33   13.35  0.3357   -4.14   12.42   25.60   10.39    0.55    1263
 14.500   19.70   12.47  0.3077   -3.71   11.29   24.35    9.67    0.56    1197
 15.000   18.77   11.59  0.2724   -3.42   10.15   22.77    9.17    0.48    1147
 15.500   17.84   10.53  0.2423   -3.34    9.34   21.34    8.55    0.38    1090
 16.000   16.40    9.37  0.2341   -3.24    8.78   19.65    7.72    0.26    1046
 16.500   14.78    8.32  0.2194   -3.34    8.05   17.81    6.81    0.21     978
 17.000   13.56    7.47  0.1736   -3.40    7.10   16.28    6.07    0.21     820
 17.500   11.96    6.83  0.1239   -3.14    6.47   14.46    5.73    0.21     779
 18.000   10.37    6.35  0.1346   -3.37    5.67   12.76    5.38    0.46     721
 18.500    8.24    5.76  0.1143   -3.46    5.26   10.85    4.80    0.86     660
 19.000    6.34    5.16  0.0759   -2.95    4.92    9.07    4.18    0.87     586
 19.500    5.18    4.97  0.1398   -2.67    4.65    8.11    3.81    0.86     521
 20.000    3.67    5.09  0.1697   -2.74    4.33    7.39    3.32    0.82     433
 20.500    7.95    4.18  0.3838    1.66    4.37    9.01    4.56   -0.07      12
 21.000 -999.99  -99.99 -9.9900 -999.99  -99.99 -999.99  -99.99 -999.99       0
 21.500 -999.99  -99.99 -9.9900 -999.99  -99.99 -999.99  -99.99 -999.99       0
 22.000 -999.99  -99.99 -9.9900 -999.99  -99.99 -999.99  -99.99 -999.99       0
 22.500 -999.99  -99.99 -9.9900 -999.99  -99.99 -999.99  -99.99 -999.99       0
 23.000 -999.99  -99.99 -9.9900 -999.99  -99.99 -999.99  -99.99 -999.99       0
 23.500 -999.99  -99.99 -9.9900 -999.99  -99.99 -999.99  -99.99 -999.99       0
 24.000 -999.99  -99.99 -9.9900 -999.99  -99.99 -999.99  -99.99 -999.99       0
 24.500 -999.99  -99.99 -9.9900 -999.99  -99.99 -999.99  -99.99 -999.99       0
 25.000 -999.99  -99.99 -9.9900 -999.99  -99.99 -999.99  -99.99 -999.99       0
 25.500 -999.99  -99.99 -9.9900 -999.99  -99.99 -999.99  -99.99 -999.99       0
 26.000 -999.99  -99.99 -9.9900 -999.99  -99.99 -999.99  -99.99 -999.99       0
 26.500 -999.99  -99.99 -9.9900 -999.99  -99.99 -999.99  -99.99 -999.99       0
 27.000 -999.99  -99.99 -9.9900 -999.99  -99.99 -999.99  -99.99 -999.99       0
 27.500 -999.99  -99.99 -9.9900 -999.99  -99.99 -999.99  -99.99 -999.99       0
 28.000 -999.99  -99.99 -9.9900 -999.99  -99.99 -999.99  -99.99 -999.99       0
 28.500 -999.99  -99.99 -9.9900 -999.99  -99.99 -999.99  -99.99 -999.99       0
 29.000 -999.99  -99.99 -9.9900 -999.99  -99.99 -999.99  -99.99 -999.99       0
 29.500 -999.99  -99.99 -9.9900 -999.99  -99.99 -999.99  -99.99 -999.99       0
 30.000 -999.99  -99.99 -9.9900 -999.99  -99.99 -999.99  -99.99 -999.99       0
     T A B L E  I -   2.  W I N D  S T A T I S T I C A L  P A R A M E T E R S
                                  February
 STATION =   722930     YUMA PROVING GROUNDS, AZ
    Z    MEAN U   SD  U  R(U,V)  MEAN V   SD  V MEAN WS  SD  WS SKEW WS    NOBS
    KM     M/S     M/S             M/S     M/S     M/S     M/S                 
  0.000    0.00    0.00  0.0000    0.00    0.00    0.00    0.00    0.00     100
  0.098    0.40    1.69 -0.1547   -0.91    1.91    2.15    1.69    1.27     558
  0.500    0.79    4.01  0.0008   -1.33    3.99    5.08    3.06    1.01    1984
  1.000    1.14    4.78  0.1302   -1.17    4.42    5.80    3.43    0.91    2016
  1.500    1.97    5.15  0.2295   -0.81    4.88    6.44    3.68    0.87    2016
  2.000    3.18    5.38  0.2517   -0.76    5.53    7.45    3.93    0.73    2016
  2.500    4.79    5.98  0.2720   -0.85    6.30    8.88    4.57    0.65    2016
  3.000    6.50    6.77  0.2460   -0.99    7.22   10.57    5.45    0.57    2016
  3.500    8.10    7.68  0.2371   -1.18    8.20   12.34    6.45    0.51    2016
  4.000    9.70    8.57  0.2325   -1.20    9.11   14.09    7.37    0.51    2015
  4.500   11.09    9.33  0.2385   -1.01   10.08   15.72    8.15    0.44    2014
  5.000   12.38   10.14  0.2456   -0.90   11.14   17.36    8.96    0.42    2013
  5.500   13.74   10.90  0.2440   -0.84   12.10   18.93    9.83    0.46    2012
  6.000   15.05   11.66  0.2453   -0.74   12.76   20.37   10.54    0.50    2007
  6.500   16.25   12.31  0.2584   -0.61   13.31   21.70   11.09    0.50    1995
  7.000   17.45   12.99  0.2827   -0.49   14.02   23.14   11.65    0.49    1983
  7.500   18.57   13.78  0.3001   -0.39   14.76   24.57   12.22    0.45    1965
  8.000   19.84   14.63  0.3101   -0.28   15.47   26.15   12.83    0.38    1953
  8.500   21.20   15.45  0.3201   -0.01   16.16   27.71   13.54    0.32    1948
  9.000   22.51   16.33  0.3333    0.40   16.78   29.17   14.32    0.27    1942
  9.500   23.92   17.25  0.3503    0.71   17.43   30.75   15.13    0.28    1918
 10.000   25.33   18.10  0.3723    0.86   17.90   32.28   15.82    0.32    1894
 10.500   26.68   18.70  0.3907    1.04   18.34   33.67   16.31    0.33    1867
 11.000   28.05   18.83  0.4079    1.58   18.56   34.93   16.44    0.32    1822
 11.500   29.11   18.50  0.4300    1.40   18.16   35.61   16.01    0.38    1785
 12.000   29.53   17.58  0.4459    1.20   17.36   35.42   15.16    0.41    1682
 12.500   29.19   16.22  0.4598    1.25   15.98   34.22   14.24    0.39    1540
 13.000   29.17   14.95  0.4723    1.38   14.73   33.48   13.26    0.28    1487
 13.500   28.72   13.57  0.5016    1.02   14.11   32.67   11.98    0.17    1452
 14.000   27.66   12.51  0.5492    0.75   13.27   31.31   10.87    0.13    1357
 14.500   26.45   11.85  0.5706    0.93   12.49   29.87   10.32    0.18    1322
 15.000   25.10   10.99  0.5638    1.02   11.76   28.21    9.75    0.29    1298
 15.500   23.71    9.86  0.5483    1.03   11.37   26.70    8.84    0.25    1246
 16.000   22.17    9.14  0.5759    0.90   10.94   25.09    8.22    0.17    1221
 16.500   20.41    8.59  0.5868    0.43   10.12   23.09    7.74    0.21    1110
 17.000   18.35    7.72  0.5792   -0.02    9.29   20.89    6.83    0.04     936
 17.500   16.40    7.25  0.5811   -0.59    8.47   18.81    6.34    0.09     911
 18.000   14.37    6.89  0.5637   -0.54    8.04   16.72    6.31    0.27     886
 18.500   12.11    6.46  0.5861   -0.34    7.64   14.53    5.99    0.53     839
 19.000   10.44    6.73  0.5869   -0.27    7.23   13.01    6.11    0.74     782
 19.500    9.03    6.82  0.5713   -0.68    6.62   11.63    6.11    0.84     732
 20.000    7.60    6.88  0.5561   -0.89    6.51   10.53    6.13    1.01     663
 20.500   11.72    6.19  0.3779    1.30    5.14   13.40    5.04   -0.29      26
 21.000   11.40    4.38  0.5334    1.63    6.05   13.32    3.73   -0.64      17
 21.500   11.15    4.80  0.2296    2.75    3.01   12.06    4.70   -0.39      12
 22.000   10.36    4.34  0.0835    1.74    4.96   11.72    4.07   -0.63      11
 22.500 -999.99  -99.99 -9.9900 -999.99  -99.99 -999.99  -99.99 -999.99       0
 23.000 -999.99  -99.99 -9.9900 -999.99  -99.99 -999.99  -99.99 -999.99       0
 23.500 -999.99  -99.99 -9.9900 -999.99  -99.99 -999.99  -99.99 -999.99       0
 24.000 -999.99  -99.99 -9.9900 -999.99  -99.99 -999.99  -99.99 -999.99       0
 24.500 -999.99  -99.99 -9.9900 -999.99  -99.99 -999.99  -99.99 -999.99       0
 25.000 -999.99  -99.99 -9.9900 -999.99  -99.99 -999.99  -99.99 -999.99       0
 25.500 -999.99  -99.99 -9.9900 -999.99  -99.99 -999.99  -99.99 -999.99       0
 26.000 -999.99  -99.99 -9.9900 -999.99  -99.99 -999.99  -99.99 -999.99       0
 26.500 -999.99  -99.99 -9.9900 -999.99  -99.99 -999.99  -99.99 -999.99       0
 27.000 -999.99  -99.99 -9.9900 -999.99  -99.99 -999.99  -99.99 -999.99       0
 27.500 -999.99  -99.99 -9.9900 -999.99  -99.99 -999.99  -99.99 -999.99       0
 28.000 -999.99  -99.99 -9.9900 -999.99  -99.99 -999.99  -99.99 -999.99       0
 28.500 -999.99  -99.99 -9.9900 -999.99  -99.99 -999.99  -99.99 -999.99       0
 29.000 -999.99  -99.99 -9.9900 -999.99  -99.99 -999.99  -99.99 -999.99       0
 29.500 -999.99  -99.99 -9.9900 -999.99  -99.99 -999.99  -99.99 -999.99       0
 30.000 -999.99  -99.99 -9.9900 -999.99  -99.99 -999.99  -99.99 -999.99       0
     T A B L E  I -   3.  W I N D  S T A T I S T I C A L  P A R A M E T E R S
                                     March
 STATION =   722930     YUMA PROVING GROUNDS, AZ
    Z    MEAN U   SD  U  R(U,V)  MEAN V   SD  V MEAN WS  SD  WS SKEW WS    NOBS
    KM     M/S     M/S             M/S     M/S     M/S     M/S                 
  0.000    0.00    0.00  0.0000    0.00    0.00    0.00    0.00    0.00     100
  0.098    0.29    1.64  0.1690   -0.38    1.72    1.93    1.47    1.58     592
  0.500    1.53    3.83  0.1367   -1.38    3.83    5.03    2.99    0.97    2190
  1.000    1.57    4.46  0.2295   -1.42    4.22    5.61    3.33    1.02    2222
  1.500    1.82    4.75  0.3127   -0.88    4.80    6.05    3.65    1.02    2224
  2.000    2.44    5.01  0.3351   -0.51    5.22    6.66    3.84    0.93    2224
  2.500    3.43    5.63  0.3086   -0.45    5.77    7.70    4.26    0.88    2224
  3.000    4.65    6.30  0.2837   -0.54    6.52    8.96    4.92    0.86    2224
  3.500    5.94    7.03  0.2768   -0.63    7.42   10.41    5.70    0.86    2224
  4.000    7.22    7.77  0.2670   -0.77    8.29   11.84    6.51    0.90    2223
  4.500    8.49    8.56  0.2743   -0.88    9.09   13.28    7.28    0.87    2223
  5.000    9.83    9.33  0.2943   -0.85   10.03   14.85    8.07    0.83    2223
  5.500   11.06   10.04  0.3124   -0.88   11.01   16.35    8.84    0.83    2223
  6.000   12.15   10.63  0.3357   -1.03   11.93   17.76    9.43    0.80    2218
  6.500   13.25   11.27  0.3485   -1.29   12.71   19.17    9.97    0.75    2202
  7.000   14.46   11.96  0.3555   -1.43   13.53   20.63   10.60    0.74    2189
  7.500   15.69   12.53  0.3653   -1.57   14.40   22.04   11.30    0.70    2176
  8.000   16.92   13.01  0.3668   -1.69   15.34   23.49   11.98    0.65    2155
  8.500   18.13   13.47  0.3592   -1.83   16.34   24.98   12.56    0.60    2136
  9.000   19.36   13.80  0.3564   -1.98   17.18   26.34   13.09    0.56    2120
  9.500   20.68   14.08  0.3634   -1.89   17.86   27.67   13.54    0.53    2077
 10.000   21.97   14.23  0.3693   -1.90   18.56   28.99   13.93    0.54    2040
 10.500   23.37   14.58  0.3659   -1.97   19.27   30.43   14.44    0.58    2008
 11.000   24.91   15.16  0.3464   -2.10   19.78   31.96   15.04    0.62    1956
 11.500   26.38   15.44  0.3343   -2.13   19.79   33.14   15.31    0.58    1900
 12.000   27.41   14.83  0.3280   -2.41   18.84   33.44   14.65    0.45    1804
 12.500   27.96   13.70  0.3360   -2.06   17.26   33.16   13.17    0.32    1673
 13.000   27.85   12.68  0.3330   -1.36   15.79   32.39   11.90    0.28    1620
 13.500   27.34   11.82  0.3640   -0.68   14.69   31.39   11.01    0.27    1562
 14.000   26.32   11.19  0.4022   -0.35   13.93   30.14   10.20    0.19    1464
 14.500   25.01   10.66  0.4064   -0.25   13.09   28.63    9.60    0.13    1402
 15.000   23.52    9.98  0.4458   -0.06   12.02   26.81    8.90    0.16    1357
 15.500   21.97    9.26  0.4459    0.03   11.02   24.92    8.36    0.22    1295
 16.000   19.92    8.55  0.4345   -0.19   10.09   22.73    7.50    0.16    1270
 16.500   18.19    8.05  0.4346   -0.16    8.99   20.71    6.91    0.19    1198
 17.000   16.09    7.32  0.3744   -0.53    7.68   18.23    6.32    0.17     981
 17.500   14.05    6.95  0.2877   -0.58    7.04   16.11    6.02    0.16     965
 18.000   12.05    6.39  0.2575   -0.56    6.57   14.07    5.64    0.28     957
 18.500   10.00    5.96  0.2925   -0.72    5.97   12.00    5.29    0.57     933
 19.000    8.01    5.89  0.2869   -0.82    5.34   10.20    4.91    0.77     901
 19.500    6.01    5.70  0.2097   -0.97    4.76    8.57    4.37    0.87     843
 20.000    4.41    5.43  0.1502   -1.20    4.07    7.29    3.74    1.04     778
 20.500   10.90    5.40  0.4541   -1.64    6.03   12.56    5.42    0.86      37
 21.000   11.92    4.28  0.3209   -0.88    5.38   13.11    4.57    0.46      14
 21.500   11.21    3.66  0.4078   -1.15    4.76   12.38    4.00    0.46      11
 22.000    9.83    3.30  0.4282   -1.03    3.73   10.86    3.72    0.29      10
 22.500    9.53    2.09  0.5324   -1.47    2.65   10.43    2.33    0.40      10
 23.000    8.73    1.36  0.4268   -1.87    1.95    9.53    1.55    0.14      10
 23.500    7.55    1.46  0.3521   -1.88    1.49    8.16    1.44   -1.04      10
 24.000 -999.99  -99.99 -9.9900 -999.99  -99.99 -999.99  -99.99 -999.99       0
 24.500 -999.99  -99.99 -9.9900 -999.99  -99.99 -999.99  -99.99 -999.99       0
 25.000 -999.99  -99.99 -9.9900 -999.99  -99.99 -999.99  -99.99 -999.99       0
 25.500 -999.99  -99.99 -9.9900 -999.99  -99.99 -999.99  -99.99 -999.99       0
 26.000 -999.99  -99.99 -9.9900 -999.99  -99.99 -999.99  -99.99 -999.99       0
 26.500 -999.99  -99.99 -9.9900 -999.99  -99.99 -999.99  -99.99 -999.99       0
 27.000 -999.99  -99.99 -9.9900 -999.99  -99.99 -999.99  -99.99 -999.99       0
 27.500 -999.99  -99.99 -9.9900 -999.99  -99.99 -999.99  -99.99 -999.99       0
 28.000 -999.99  -99.99 -9.9900 -999.99  -99.99 -999.99  -99.99 -999.99       0
 28.500 -999.99  -99.99 -9.9900 -999.99  -99.99 -999.99  -99.99 -999.99       0
 29.000 -999.99  -99.99 -9.9900 -999.99  -99.99 -999.99  -99.99 -999.99       0
 29.500 -999.99  -99.99 -9.9900 -999.99  -99.99 -999.99  -99.99 -999.99       0
 30.000 -999.99  -99.99 -9.9900 -999.99  -99.99 -999.99  -99.99 -999.99       0
     T A B L E  I -   4.  W I N D  S T A T I S T I C A L  P A R A M E T E R S
                                     April
 STATION =   722930     YUMA PROVING GROUNDS, AZ
    Z    MEAN U   SD  U  R(U,V)  MEAN V   SD  V MEAN WS  SD  WS SKEW WS    NOBS
    KM     M/S     M/S             M/S     M/S     M/S     M/S                 
  0.000    0.00    0.00  0.0000    0.00    0.00    0.00    0.00    0.00     100
  0.098    0.62    1.77  0.2118   -0.20    2.04    2.22    1.67    1.57     598
  0.500    2.15    4.02  0.0737   -0.53    4.14    5.45    3.02    1.04    2059
  1.000    2.40    4.57  0.1155   -0.57    4.57    6.08    3.38    0.94    2070
  1.500    2.46    4.73  0.1821   -0.02    4.95    6.36    3.54    0.96    2070
  2.000    2.92    5.06  0.1747    0.33    5.33    7.01    3.73    0.93    2070
  2.500    3.81    5.66  0.1273    0.43    5.92    8.03    4.22    0.83    2070
  3.000    5.03    6.39  0.1236    0.44    6.64    9.28    4.96    0.77    2069
  3.500    6.41    7.03  0.1243    0.36    7.45   10.70    5.68    0.81    2069
  4.000    7.95    7.62  0.1102    0.26    8.33   12.20    6.51    0.84    2069
  4.500    9.41    8.19  0.1186    0.19    9.16   13.67    7.30    0.85    2069
  5.000   10.86    8.72  0.1335    0.11    9.95   15.12    8.06    0.84    2069
  5.500   12.35    9.21  0.1377    0.09   10.55   16.50    8.75    0.82    2067
  6.000   13.67    9.66  0.1487    0.11   10.98   17.78    9.22    0.75    2062
  6.500   14.95    9.95  0.1763    0.08   11.46   19.03    9.62    0.70    2052
  7.000   16.17   10.32  0.1974   -0.07   12.07   20.29   10.16    0.64    2035
  7.500   17.26   10.70  0.2105   -0.03   12.61   21.43   10.60    0.60    2021
  8.000   18.28   11.05  0.2219    0.00   13.06   22.54   10.96    0.56    2008
  8.500   19.42   11.34  0.2449   -0.07   13.46   23.73   11.21    0.50    1996
  9.000   20.65   11.64  0.2683   -0.03   13.91   25.02   11.40    0.44    1982
  9.500   21.95   11.98  0.2918   -0.01   14.40   26.44   11.57    0.38    1955
 10.000   23.27   12.48  0.3186    0.23   15.00   27.96   11.91    0.34    1937
 10.500   24.60   13.01  0.3385    0.51   15.57   29.41   12.36    0.31    1907
 11.000   25.90   13.41  0.3365    0.65   15.88   30.68   12.79    0.30    1869
 11.500   27.11   13.48  0.3241    0.63   15.77   31.63   12.93    0.28    1830
 12.000   27.90   12.98  0.3262    0.70   15.18   31.94   12.60    0.26    1783
 12.500   28.23   12.47  0.3360    0.88   14.24   31.77   12.16    0.32    1674
 13.000   28.01   11.57  0.3292    1.21   12.94   30.98   11.40    0.32    1617
 13.500   27.37   10.17  0.2822    1.34   11.63   29.81   10.14    0.21    1563
 14.000   26.18    8.91  0.2311    1.16   10.66   28.30    8.93    0.17    1485
 14.500   24.73    8.14  0.2463    1.33   10.04   26.78    8.05    0.13    1433
 15.000   23.20    7.67  0.2487    1.36    9.27   25.09    7.50    0.14    1387
 15.500   21.56    7.15  0.2395    1.33    8.63   23.34    6.99    0.25    1328
 16.000   19.73    6.49  0.1995    1.30    7.97   21.38    6.45    0.17    1288
 16.500   17.84    6.07  0.1558    1.13    7.37   19.37    5.98    0.21    1168
 17.000   15.42    5.53  0.1602    0.80    6.48   16.84    5.27    0.14     950
 17.500   13.33    5.24  0.1767    0.80    5.71   14.66    4.86    0.16     926
 18.000   11.31    4.94  0.1335    0.58    5.02   12.56    4.52    0.20     901
 18.500    9.14    4.68  0.1485    0.35    4.84   10.57    4.19    0.36     869
 19.000    7.10    4.82  0.2093    0.37    4.86    9.06    3.91    0.62     819
 19.500    5.75    5.02  0.2474    0.49    4.46    8.04    3.74    1.07     773
 20.000    4.24    4.97  0.1799    0.34    3.91    6.88    3.30    1.36     703
 20.500    1.69    3.49 -0.0415    0.04    3.71    4.72    2.86    0.59      31
 21.000    2.77    3.81 -0.1063    0.19    4.19    5.42    3.48    0.21      14
 21.500 -999.99  -99.99 -9.9900 -999.99  -99.99 -999.99  -99.99 -999.99       0
 22.000 -999.99  -99.99 -9.9900 -999.99  -99.99 -999.99  -99.99 -999.99       0
 22.500 -999.99  -99.99 -9.9900 -999.99  -99.99 -999.99  -99.99 -999.99       0
 23.000 -999.99  -99.99 -9.9900 -999.99  -99.99 -999.99  -99.99 -999.99       0
 23.500 -999.99  -99.99 -9.9900 -999.99  -99.99 -999.99  -99.99 -999.99       0
 24.000 -999.99  -99.99 -9.9900 -999.99  -99.99 -999.99  -99.99 -999.99       0
 24.500 -999.99  -99.99 -9.9900 -999.99  -99.99 -999.99  -99.99 -999.99       0
 25.000 -999.99  -99.99 -9.9900 -999.99  -99.99 -999.99  -99.99 -999.99       0
 25.500 -999.99  -99.99 -9.9900 -999.99  -99.99 -999.99  -99.99 -999.99       0
 26.000 -999.99  -99.99 -9.9900 -999.99  -99.99 -999.99  -99.99 -999.99       0
 26.500 -999.99  -99.99 -9.9900 -999.99  -99.99 -999.99  -99.99 -999.99       0
 27.000 -999.99  -99.99 -9.9900 -999.99  -99.99 -999.99  -99.99 -999.99       0
 27.500 -999.99  -99.99 -9.9900 -999.99  -99.99 -999.99  -99.99 -999.99       0
 28.000 -999.99  -99.99 -9.9900 -999.99  -99.99 -999.99  -99.99 -999.99       0
 28.500 -999.99  -99.99 -9.9900 -999.99  -99.99 -999.99  -99.99 -999.99       0
 29.000 -999.99  -99.99 -9.9900 -999.99  -99.99 -999.99  -99.99 -999.99       0
 29.500 -999.99  -99.99 -9.9900 -999.99  -99.99 -999.99  -99.99 -999.99       0
 30.000 -999.99  -99.99 -9.9900 -999.99  -99.99 -999.99  -99.99 -999.99       0
     T A B L E  I -   5.  W I N D  S T A T I S T I C A L  P A R A M E T E R S
                                       May
 STATION =   722930     YUMA PROVING GROUNDS, AZ
    Z    MEAN U   SD  U  R(U,V)  MEAN V   SD  V MEAN WS  SD  WS SKEW WS    NOBS
    KM     M/S     M/S             M/S     M/S     M/S     M/S                 
  0.000    0.00    0.00  0.0000    0.00    0.00    0.00    0.00    0.00     100
  0.098    0.56    1.90  0.2330    0.10    1.89    2.18    1.66    1.31     725
  0.500    1.81    3.67  0.0476    0.79    3.73    4.94    2.73    1.13    2313
  1.000    1.85    4.12  0.0854    0.88    4.11    5.45    2.97    1.16    2322
  1.500    1.55    4.30  0.1382    1.34    4.53    5.76    3.19    1.11    2322
  2.000    1.60    4.59  0.1652    1.89    5.01    6.39    3.45    0.96    2322
  2.500    2.06    5.05  0.1885    2.24    5.59    7.22    3.79    0.70    2322
  3.000    2.90    5.62  0.1728    2.24    6.16    8.10    4.20    0.65    2322
  3.500    3.94    6.26  0.1731    2.13    6.71    9.09    4.73    0.72    2322
  4.000    5.11    6.84  0.1659    1.95    7.47   10.26    5.28    0.70    2321
  4.500    6.38    7.38  0.1664    1.72    8.25   11.48    5.92    0.75    2320
  5.000    7.66    8.03  0.1630    1.56    8.91   12.68    6.70    0.78    2319
  5.500    8.80    8.81  0.1753    1.49    9.64   13.93    7.55    0.82    2319
  6.000    9.85    9.48  0.2053    1.54   10.40   15.10    8.35    0.76    2319
  6.500   10.83   10.08  0.2346    1.66   11.09   16.24    9.06    0.77    2310
  7.000   11.83   10.64  0.2480    1.88   11.78   17.37    9.72    0.77    2296
  7.500   12.84   11.19  0.2562    2.07   12.48   18.53   10.36    0.73    2279
  8.000   13.84   11.70  0.2610    2.28   13.05   19.67   10.86    0.71    2263
  8.500   14.91   12.18  0.2682    2.49   13.57   20.85   11.29    0.64    2249
  9.000   16.04   12.71  0.2888    2.70   14.03   22.04   11.74    0.58    2236
  9.500   17.18   13.32  0.3108    2.88   14.50   23.26   12.27    0.52    2211
 10.000   18.25   13.70  0.3310    3.05   14.69   24.22   12.66    0.52    2192
 10.500   19.31   13.90  0.3490    3.08   14.70   25.00   12.94    0.48    2172
 11.000   20.42   14.00  0.3451    3.23   14.69   25.89   13.05    0.39    2121
 11.500   21.48   13.81  0.3346    3.24   14.35   26.53   12.89    0.29    2082
 12.000   22.42   13.37  0.3386    3.29   13.85   26.98   12.53    0.22    2038
 12.500   23.34   12.48  0.3327    3.50   13.24   27.36   11.84    0.10    1890
 13.000   23.37   11.45  0.3339    3.83   12.44   27.00   10.93    0.05    1831
 13.500   23.06   10.31  0.3364    3.84   11.04   26.09    9.77   -0.02    1791
 14.000   22.25    8.86  0.2569    3.70    9.73   24.75    8.34   -0.15    1716
 14.500   20.94    7.76  0.1870    3.52    9.01   23.23    7.34   -0.36    1651
 15.000   19.32    7.00  0.1651    3.51    8.48   21.49    6.72   -0.43    1605
 15.500   17.66    6.31  0.1747    3.54    7.77   19.67    6.21   -0.47    1550
 16.000   15.96    5.84  0.1631    3.65    7.17   17.93    5.77   -0.43    1515
 16.500   14.13    5.22  0.1492    3.26    6.72   16.01    5.15   -0.30    1460
 17.000   12.27    4.87  0.1142    2.83    6.03   14.08    4.56   -0.04    1238
 17.500   10.18    4.58  0.0585    2.52    5.58   12.10    4.01    0.00    1215
 18.000    7.98    4.51  0.0967    2.32    5.18   10.10    3.81    0.29    1197
 18.500    6.01    4.46  0.1322    2.06    4.72    8.37    3.58    0.72    1169
 19.000    3.96    4.37  0.1005    1.71    4.26    6.89    2.91    0.95    1115
 19.500    2.12    4.12  0.0920    1.47    3.83    5.79    2.24    0.71    1054
 20.000    1.06    3.97  0.0993    1.41    3.52    5.25    2.00    0.66     989
 20.500   -2.67    4.21 -0.0832    0.98    3.82    6.08    2.51    0.41      41
 21.000   -4.30    3.03 -0.1717    0.28    3.22    5.74    2.84    1.67      28
 21.500   -4.15    3.26  0.3064    0.24    3.25    5.94    2.70    0.38      20
 22.000   -5.82    3.58  0.3025   -0.81    2.31    7.07    2.81    0.66      17
 22.500   -6.46    3.12 -0.2025   -0.44    2.52    7.67    2.15   -0.13      14
 23.000   -8.77    3.04 -0.0891   -1.84    2.58    9.55    2.39   -0.03      10
 23.500 -999.99  -99.99 -9.9900 -999.99  -99.99 -999.99  -99.99 -999.99       0
 24.000 -999.99  -99.99 -9.9900 -999.99  -99.99 -999.99  -99.99 -999.99       0
 24.500 -999.99  -99.99 -9.9900 -999.99  -99.99 -999.99  -99.99 -999.99       0
 25.000 -999.99  -99.99 -9.9900 -999.99  -99.99 -999.99  -99.99 -999.99       0
 25.500 -999.99  -99.99 -9.9900 -999.99  -99.99 -999.99  -99.99 -999.99       0
 26.000 -999.99  -99.99 -9.9900 -999.99  -99.99 -999.99  -99.99 -999.99       0
 26.500 -999.99  -99.99 -9.9900 -999.99  -99.99 -999.99  -99.99 -999.99       0
 27.000 -999.99  -99.99 -9.9900 -999.99  -99.99 -999.99  -99.99 -999.99       0
 27.500 -999.99  -99.99 -9.9900 -999.99  -99.99 -999.99  -99.99 -999.99       0
 28.000 -999.99  -99.99 -9.9900 -999.99  -99.99 -999.99  -99.99 -999.99       0
 28.500 -999.99  -99.99 -9.9900 -999.99  -99.99 -999.99  -99.99 -999.99       0
 29.000 -999.99  -99.99 -9.9900 -999.99  -99.99 -999.99  -99.99 -999.99       0
 29.500 -999.99  -99.99 -9.9900 -999.99  -99.99 -999.99  -99.99 -999.99       0
 30.000 -999.99  -99.99 -9.9900 -999.99  -99.99 -999.99  -99.99 -999.99       0
     T A B L E  I -   6.  W I N D  S T A T I S T I C A L  P A R A M E T E R S
                                      June
 STATION =   722930     YUMA PROVING GROUNDS, AZ
    Z    MEAN U   SD  U  R(U,V)  MEAN V   SD  V MEAN WS  SD  WS SKEW WS    NOBS
    KM     M/S     M/S             M/S     M/S     M/S     M/S                 
  0.000    0.00    0.00  0.0000    0.00    0.00    0.00    0.00    0.00     100
  0.098    0.57    1.89  0.3552    0.46    1.75    2.18    1.55    1.23     750
  0.500    1.92    2.97 -0.2123    2.04    2.54    4.41    2.08    0.78    2147
  1.000    2.27    3.37 -0.2128    2.31    2.93    5.00    2.44    1.05    2151
  1.500    2.14    3.79 -0.0368    2.74    3.38    5.45    2.88    1.00    2151
  2.000    2.19    4.21  0.0757    3.25    3.80    6.13    3.23    0.77    2152
  2.500    2.51    4.74  0.1332    3.73    4.16    6.84    3.68    0.73    2152
  3.000    3.13    5.16  0.2117    4.01    4.47    7.49    4.10    0.76    2152
  3.500    3.79    5.55  0.2804    4.18    4.92    8.20    4.47    0.75    2153
  4.000    4.38    6.02  0.2949    4.42    5.46    9.03    4.88    0.75    2153
  4.500    4.80    6.52  0.3042    4.51    5.94    9.67    5.33    0.80    2152
  5.000    5.08    7.02  0.3167    4.34    6.41   10.08    5.85    0.82    2151
  5.500    5.48    7.48  0.2986    4.05    6.89   10.52    6.31    0.88    2151
  6.000    6.13    7.80  0.3013    3.80    7.20   10.99    6.63    0.91    2149
  6.500    6.73    8.03  0.3070    3.66    7.50   11.54    6.86    0.96    2148
  7.000    7.29    8.43  0.3034    3.61    8.06   12.27    7.24    1.01    2145
  7.500    8.01    8.89  0.2926    3.62    8.70   13.17    7.67    0.98    2142
  8.000    8.79    9.26  0.2796    3.63    9.11   14.02    7.96    0.91    2138
  8.500    9.78    9.65  0.2835    3.74    9.43   14.97    8.27    0.88    2122
  9.000   10.80   10.08  0.3098    3.94    9.95   16.03    8.72    0.87    2110
  9.500   11.80   10.51  0.3393    4.26   10.61   17.19    9.23    0.83    2099
 10.000   12.83   10.90  0.3432    4.53   11.23   18.38    9.64    0.76    2077
 10.500   13.92   11.26  0.3400    4.70   11.71   19.50   10.01    0.65    2059
 11.000   15.00   11.53  0.3416    4.81   12.03   20.45   10.41    0.52    2009
 11.500   16.22   11.79  0.3432    4.95   12.07   21.41   10.77    0.45    1976
 12.000   17.37   12.13  0.3525    5.10   12.13   22.31   11.20    0.42    1932
 12.500   18.39   12.12  0.3531    5.40   11.87   22.95   11.35    0.31    1783
 13.000   18.67   11.80  0.3637    5.50   11.40   22.94   11.11    0.31    1716
 13.500   18.30   11.20  0.3631    5.23   10.56   22.13   10.53    0.32    1638
 14.000   17.10   10.27  0.3156    4.90    9.58   20.62    9.48    0.18    1540
 14.500   15.64    9.70  0.3205    4.63    8.89   19.13    8.65    0.15    1415
 15.000   14.07    9.24  0.3043    4.47    8.04   17.44    8.06    0.20    1355
 15.500   11.89    8.29  0.2789    3.66    6.90   14.98    6.93    0.25    1263
 16.000    9.50    7.35  0.2412    3.04    5.91   12.58    5.64    0.25    1223
 16.500    7.11    6.76  0.1427    2.54    5.55   10.54    4.83    0.38    1206
 17.000    4.29    6.20  0.0556    1.74    4.77    8.29    3.77    0.58     971
 17.500    2.06    5.36  0.0066    1.31    4.28    6.75    2.82    0.80     936
 18.000   -0.09    4.80  0.0189    1.06    4.11    6.01    2.34    0.70     927
 18.500   -2.22    4.51  0.0524    0.84    3.84    5.96    2.46    0.75     911
 19.000   -3.91    4.17  0.0720    1.06    3.53    6.30    2.59    0.56     895
 19.500   -4.64    3.94  0.0482    1.12    3.10    6.46    2.61    0.48     883
 20.000   -5.28    3.70  0.0804    0.96    3.00    6.74    2.56    0.34     829
 20.500   -6.06    4.61 -0.2226    0.98    4.07    8.03    3.54    0.31      44
 21.000   -7.92    3.81 -0.0066    1.60    3.29    8.86    3.62    0.22      32
 21.500   -8.45    3.68 -0.2008    1.43    2.30    9.14    3.58    0.46      17
 22.000   -7.10    2.71  0.2740    0.16    2.44    7.69    2.58   -0.24      12
 22.500   -9.15    2.79  0.5221   -0.89    1.91    9.66    2.81    0.06      11
 23.000 -999.99  -99.99 -9.9900 -999.99  -99.99 -999.99  -99.99 -999.99       0
 23.500 -999.99  -99.99 -9.9900 -999.99  -99.99 -999.99  -99.99 -999.99       0
 24.000 -999.99  -99.99 -9.9900 -999.99  -99.99 -999.99  -99.99 -999.99       0
 24.500 -999.99  -99.99 -9.9900 -999.99  -99.99 -999.99  -99.99 -999.99       0
 25.000 -999.99  -99.99 -9.9900 -999.99  -99.99 -999.99  -99.99 -999.99       0
 25.500 -999.99  -99.99 -9.9900 -999.99  -99.99 -999.99  -99.99 -999.99       0
 26.000 -999.99  -99.99 -9.9900 -999.99  -99.99 -999.99  -99.99 -999.99       0
 26.500 -999.99  -99.99 -9.9900 -999.99  -99.99 -999.99  -99.99 -999.99       0
 27.000 -999.99  -99.99 -9.9900 -999.99  -99.99 -999.99  -99.99 -999.99       0
 27.500 -999.99  -99.99 -9.9900 -999.99  -99.99 -999.99  -99.99 -999.99       0
 28.000 -999.99  -99.99 -9.9900 -999.99  -99.99 -999.99  -99.99 -999.99       0
 28.500 -999.99  -99.99 -9.9900 -999.99  -99.99 -999.99  -99.99 -999.99       0
 29.000 -999.99  -99.99 -9.9900 -999.99  -99.99 -999.99  -99.99 -999.99       0
 29.500 -999.99  -99.99 -9.9900 -999.99  -99.99 -999.99  -99.99 -999.99       0
 30.000 -999.99  -99.99 -9.9900 -999.99  -99.99 -999.99  -99.99 -999.99       0
     T A B L E  I -   7.  W I N D  S T A T I S T I C A L  P A R A M E T E R S
                                      July
 STATION =   722930     YUMA PROVING GROUNDS, AZ
    Z    MEAN U   SD  U  R(U,V)  MEAN V   SD  V MEAN WS  SD  WS SKEW WS    NOBS
    KM     M/S     M/S             M/S     M/S     M/S     M/S                 
  0.000    0.00    0.00  0.0000    0.00    0.00    0.00    0.00    0.00     100
  0.098    0.33    1.81  0.3978    0.73    1.70    2.13    1.51    1.27     722
  0.500    0.50    2.82 -0.0570    2.58    2.38    4.16    1.97    0.97    1833
  1.000    0.80    2.71 -0.1415    3.07    2.66    4.55    2.07    0.94    1837
  1.500    0.60    2.65 -0.0535    3.27    3.00    4.66    2.35    0.95    1839
  2.000    0.17    2.81  0.0466    3.38    3.32    4.95    2.53    0.83    1839
  2.500   -0.21    3.15  0.1615    3.57    3.77    5.43    2.80    0.66    1839
  3.000   -0.34    3.53  0.2647    3.61    4.08    5.82    2.98    0.65    1839
  3.500   -0.45    4.02  0.3453    3.49    4.26    6.10    3.15    0.66    1839
  4.000   -0.56    4.49  0.3813    3.36    4.31    6.31    3.35    0.75    1839
  4.500   -0.63    4.89  0.3593    3.18    4.41    6.47    3.56    0.89    1839
  5.000   -0.67    5.22  0.3435    3.01    4.51    6.61    3.76    0.93    1839
  5.500   -0.59    5.44  0.3334    2.87    4.50    6.67    3.86    0.97    1839
  6.000   -0.35    5.75  0.3235    2.70    4.67    6.78    4.07    1.09    1839
  6.500    0.07    6.04  0.3348    2.69    4.77    7.04    4.24    1.22    1839
  7.000    0.55    6.32  0.3333    2.81    4.94    7.36    4.41    1.27    1839
  7.500    1.05    6.60  0.3138    3.12    5.11    7.70    4.68    1.27    1839
  8.000    1.57    6.99  0.2917    3.64    5.17    8.23    4.95    1.30    1837
  8.500    2.12    7.43  0.2644    4.20    5.36    8.88    5.34    1.42    1836
  9.000    2.68    7.84  0.2168    4.85    5.78    9.65    5.76    1.54    1836
  9.500    3.18    8.30  0.1723    5.63    6.20   10.54    6.20    1.55    1831
 10.000    3.68    8.85  0.1581    6.39    6.59   11.41    6.83    1.63    1817
 10.500    4.13    9.32  0.1368    7.10    7.06   12.28    7.36    1.63    1810
 11.000    4.66    9.90  0.1117    7.83    7.51   13.18    7.99    1.57    1773
 11.500    5.11   10.30  0.1091    8.33    7.86   13.91    8.43    1.56    1740
 12.000    5.52   10.51  0.1229    8.62    8.26   14.42    8.75    1.46    1710
 12.500    5.76   10.60  0.1436    8.77    8.47   14.67    8.89    1.37    1579
 13.000    6.02   10.53  0.1613    8.43    8.37   14.49    8.91    1.36    1526
 13.500    5.85   10.07  0.1691    7.73    8.05   13.82    8.39    1.29    1495
 14.000    5.22    9.50  0.1727    6.89    7.80   12.96    7.67    1.22    1455
 14.500    4.13    8.78  0.1521    5.84    7.29   11.77    6.64    1.05    1399
 15.000    2.63    7.89  0.1321    5.11    6.54   10.48    5.41    0.85    1359
 15.500    1.12    7.05  0.0880    4.23    5.88    9.30    4.27    0.76    1300
 16.000   -0.63    6.08  0.1409    3.55    5.00    8.14    3.26    0.56    1265
 16.500   -2.18    5.33  0.1220    3.14    4.39    7.40    2.91    0.42    1256
 17.000   -3.35    4.66  0.0961    2.58    3.95    6.95    2.68    0.50    1148
 17.500   -4.41    4.22  0.1137    1.87    3.80    6.95    2.66    0.50    1013
 18.000   -5.60    3.77  0.0685    1.44    3.50    7.31    2.59    0.50    1012
 18.500   -6.61    3.26  0.0236    1.36    3.11    7.69    2.63    0.68    1011
 19.000   -7.44    3.09  0.0322    1.23    3.01    8.24    2.76    0.44    1007
 19.500   -8.52    3.08 -0.0279    1.11    2.81    9.11    2.89    0.26    1004
 20.000   -9.49    2.81 -0.0540    1.06    2.55    9.91    2.72    0.21     999
 20.500  -11.25    3.04  0.0095    0.07    2.71   11.63    3.12   -0.09      36
 21.000  -12.40    3.35  0.0851   -0.58    2.79   12.78    3.26    0.07      27
 21.500  -12.91    3.38 -0.2311   -0.76    2.61   13.33    3.26    0.41      17
 22.000  -13.05    2.67 -0.5745   -0.65    3.31   13.59    2.54    0.14      16
 22.500  -13.73    2.46  0.4515   -1.23    2.63   14.16    2.44    0.16      15
 23.000  -14.77    3.17 -0.1804   -1.97    1.89   15.13    3.15   -0.32      13
 23.500  -16.49    3.17  0.0041    0.03    2.36   16.72    3.05    0.21      11
 24.000  -17.53    3.06  0.1014   -0.75    2.68   17.85    3.09   -0.47      10
 24.500 -999.99  -99.99 -9.9900 -999.99  -99.99 -999.99  -99.99 -999.99       0
 25.000 -999.99  -99.99 -9.9900 -999.99  -99.99 -999.99  -99.99 -999.99       0
 25.500 -999.99  -99.99 -9.9900 -999.99  -99.99 -999.99  -99.99 -999.99       0
 26.000 -999.99  -99.99 -9.9900 -999.99  -99.99 -999.99  -99.99 -999.99       0
 26.500 -999.99  -99.99 -9.9900 -999.99  -99.99 -999.99  -99.99 -999.99       0
 27.000 -999.99  -99.99 -9.9900 -999.99  -99.99 -999.99  -99.99 -999.99       0
 27.500 -999.99  -99.99 -9.9900 -999.99  -99.99 -999.99  -99.99 -999.99       0
 28.000 -999.99  -99.99 -9.9900 -999.99  -99.99 -999.99  -99.99 -999.99       0
 28.500 -999.99  -99.99 -9.9900 -999.99  -99.99 -999.99  -99.99 -999.99       0
 29.000 -999.99  -99.99 -9.9900 -999.99  -99.99 -999.99  -99.99 -999.99       0
 29.500 -999.99  -99.99 -9.9900 -999.99  -99.99 -999.99  -99.99 -999.99       0
 30.000 -999.99  -99.99 -9.9900 -999.99  -99.99 -999.99  -99.99 -999.99       0
     T A B L E  I -   8.  W I N D  S T A T I S T I C A L  P A R A M E T E R S
                                    August
 STATION =   722930     YUMA PROVING GROUNDS, AZ
    Z    MEAN U   SD  U  R(U,V)  MEAN V   SD  V MEAN WS  SD  WS SKEW WS    NOBS
    KM     M/S     M/S             M/S     M/S     M/S     M/S                 
  0.000    0.00    0.00  0.0000    0.00    0.00    0.00    0.00    0.00     100
  0.098    0.14    1.85  0.3303    0.62    1.61    2.10    1.41    1.14     887
  0.500   -0.03    2.84  0.0127    2.36    2.31    4.00    1.92    1.06    2071
  1.000    0.35    2.66 -0.0010    2.82    2.52    4.27    1.94    0.79    2076
  1.500    0.31    2.61  0.0622    2.86    2.80    4.29    2.15    1.00    2076
  2.000   -0.09    2.77  0.0391    2.88    3.02    4.52    2.26    0.92    2076
  2.500   -0.40    3.26  0.0777    3.10    3.45    5.12    2.54    0.78    2076
  3.000   -0.47    3.77  0.1216    3.21    3.87    5.70    2.77    0.66    2076
  3.500   -0.41    4.16  0.1761    3.26    4.21    6.12    2.97    0.59    2076
  4.000   -0.37    4.48  0.2066    3.24    4.35    6.38    3.09    0.60    2076
  4.500   -0.26    4.82  0.1806    3.12    4.31    6.47    3.20    0.73    2076
  5.000   -0.03    5.09  0.1211    2.93    4.26    6.50    3.32    0.88    2076
  5.500    0.41    5.22  0.0917    2.66    4.29    6.52    3.34    0.81    2076
  6.000    0.94    5.32  0.1030    2.40    4.39    6.57    3.36    0.74    2076
  6.500    1.56    5.34  0.1200    2.29    4.60    6.78    3.51    0.82    2076
  7.000    2.26    5.57  0.1040    2.34    4.95    7.20    3.92    0.86    2076
  7.500    3.05    5.85  0.0776    2.56    5.44    7.81    4.39    0.88    2076
  8.000    3.81    6.08  0.0508    2.91    5.92    8.56    4.77    0.96    2074
  8.500    4.51    6.35  0.0146    3.30    6.38    9.35    5.11    0.99    2073
  9.000    5.30    6.72 -0.0096    3.71    6.89   10.17    5.65    1.04    2073
  9.500    6.12    7.05 -0.0204    4.26    7.51   11.07    6.31    1.13    2065
 10.000    6.86    7.37 -0.0286    4.83    8.16   12.05    6.85    1.19    2056
 10.500    7.66    7.66 -0.0544    5.28    8.77   13.11    7.14    1.08    2037
 11.000    8.55    7.89 -0.0897    5.77    9.31   14.20    7.32    0.84    2002
 11.500    9.24    7.93 -0.0880    6.08    9.60   15.02    7.30    0.66    1943
 12.000    9.81    8.14 -0.0869    6.49    9.88   15.79    7.36    0.51    1915
 12.500   10.40    8.25 -0.0561    6.75    9.85   16.25    7.42    0.37    1781
 13.000   10.87    8.20 -0.0169    6.68    9.47   16.34    7.36    0.31    1734
 13.500   10.98    8.21  0.0080    6.18    8.90   15.94    7.25    0.23    1698
 14.000   10.47    8.01  0.0417    5.48    8.28   15.01    6.94    0.23    1670
 14.500    9.49    7.72  0.0624    4.80    7.47   13.78    6.29    0.25    1594
 15.000    8.19    7.39  0.0410    4.09    6.45   12.29    5.48    0.25    1547
 15.500    6.05    6.88 -0.0526    3.18    5.77   10.39    4.55    0.36    1475
 16.000    3.60    6.14 -0.1099    2.54    5.51    8.70    3.68    0.52    1450
 16.500    1.29    5.28 -0.0602    2.31    5.13    7.33    2.93    0.51    1432
 17.000   -0.76    4.49 -0.0228    2.05    4.55    6.36    2.47    0.93    1312
 17.500   -2.26    4.13  0.0496    1.80    4.19    6.18    2.33    0.78    1167
 18.000   -3.92    3.97  0.0025    1.60    3.97    6.58    2.57    0.54    1165
 18.500   -5.16    3.59  0.0824    1.61    3.52    6.98    2.54    0.55    1162
 19.000   -6.20    3.14  0.0075    1.23    2.94    7.20    2.59    0.57    1145
 19.500   -7.38    2.74  0.0118    0.81    2.45    7.91    2.56    0.41    1141
 20.000   -8.56    2.62 -0.0470    0.77    2.35    8.96    2.53    0.33    1131
 20.500  -10.01    2.85 -0.1121    1.06    3.25   10.68    2.93    0.22      82
 21.000  -10.99    2.53 -0.0830    0.41    2.43   11.29    2.52   -0.14      61
 21.500  -11.83    2.59 -0.3099    0.17    2.28   12.17    2.56   -0.08      46
 22.000  -12.51    2.42  0.0901    0.25    3.09   12.97    2.50    0.44      41
 22.500  -13.35    1.81  0.0450    0.18    2.14   13.68    1.86    0.09      33
 23.000  -14.12    1.75 -0.0526   -0.62    1.82   14.34    1.74   -0.21      32
 23.500  -15.29    2.07 -0.2539   -0.16    1.73   15.52    2.04   -0.01      30
 24.000  -15.89    2.33 -0.2082   -0.23    1.82   16.09    2.23    0.20      29
 24.500  -17.26    2.16 -0.3904   -0.36    2.01   17.40    2.15   -0.47      18
 25.000  -17.85    2.34 -0.5046   -0.20    2.12   18.06    2.27    0.27      18
 25.500  -18.72    2.82  0.1974   -0.67    2.68   18.99    2.72   -0.83      18
 26.000  -19.43    3.07 -0.1012   -0.34    2.24   19.60    3.08   -0.68      18
 26.500  -19.10    2.21 -0.0887   -0.19    1.81   19.27    2.19   -0.13      18
 27.000  -19.07    2.91  0.3995    0.61    2.43   19.25    2.86    0.84      15
 27.500  -20.47    2.66  0.3830    0.17    2.46   20.64    2.63    0.29      15
 28.000  -20.82    2.63  0.2775    0.49    2.32   21.00    2.58   -0.08      15
 28.500  -21.21    2.12  0.1847    0.48    2.64   21.44    2.11   -0.43      15
 29.000  -21.25    2.04  0.2070    0.19    1.87   21.43    2.01   -0.25      15
 29.500  -21.55    2.41  0.3164   -0.31    2.25   21.73    2.42    0.11      15
 30.000  -22.06    2.77  0.1354   -0.30    2.38   22.25    2.73    0.87      15
     T A B L E  I -   9.  W I N D  S T A T I S T I C A L  P A R A M E T E R S
                                 September
 STATION =   722930     YUMA PROVING GROUNDS, AZ
    Z    MEAN U   SD  U  R(U,V)  MEAN V   SD  V MEAN WS  SD  WS SKEW WS    NOBS
    KM     M/S     M/S             M/S     M/S     M/S     M/S                 
  0.000    0.00    0.00  0.0000    0.00    0.00    0.00    0.00    0.00     100
  0.098   -0.19    1.64  0.0850   -0.02    1.63    1.85    1.39    1.91     698
  0.500    0.08    3.33  0.0097    1.07    2.94    4.02    2.28    1.31    2069
  1.000    0.20    3.41  0.0648    1.50    3.27    4.42    2.36    0.97    2073
  1.500    0.26    3.55  0.2196    2.15    3.61    4.81    2.70    1.00    2073
  2.000    0.29    3.98  0.2891    2.75    4.04    5.53    3.12    1.17    2073
  2.500    0.48    4.51  0.3050    3.27    4.58    6.32    3.53    1.21    2073
  3.000    0.99    4.99  0.3146    3.63    4.90    7.01    3.77    1.06    2073
  3.500    1.53    5.41  0.3115    3.82    5.17    7.54    4.07    0.88    2073
  4.000    1.98    5.80  0.2914    3.77    5.44    7.95    4.39    0.87    2073
  4.500    2.51    6.15  0.2772    3.54    5.63    8.27    4.58    0.96    2073
  5.000    3.13    6.51  0.2679    3.12    5.75    8.52    4.83    1.12    2073
  5.500    3.83    6.77  0.2630    2.82    5.99    8.81    5.26    1.27    2073
  6.000    4.58    7.08  0.2505    2.64    6.33    9.27    5.70    1.29    2072
  6.500    5.52    7.28  0.2459    2.64    6.72    9.99    6.06    1.29    2071
  7.000    6.52    7.58  0.2454    2.72    7.18   10.84    6.51    1.20    2068
  7.500    7.59    7.97  0.2564    2.88    7.65   11.80    7.00    1.10    2067
  8.000    8.74    8.30  0.2659    3.08    8.03   12.87    7.38    1.03    2063
  8.500    9.89    8.67  0.2751    3.38    8.55   14.10    7.75    0.98    2059
  9.000   11.06    8.99  0.2783    3.68    9.19   15.40    8.06    0.89    2052
  9.500   12.50    9.39  0.2849    4.04    9.84   16.95    8.42    0.78    2031
 10.000   13.88    9.74  0.2867    4.44   10.37   18.39    8.80    0.71    2008
 10.500   15.11    9.92  0.2906    4.90   10.89   19.65    9.16    0.67    1991
 11.000   16.33   10.06  0.2890    5.46   11.32   20.82    9.62    0.64    1954
 11.500   17.44   10.02  0.3014    5.78   11.48   21.79    9.80    0.57    1895
 12.000   18.39   10.05  0.2959    5.96   11.38   22.56    9.81    0.49    1850
 12.500   19.12   10.19  0.2605    6.07   11.06   23.09    9.78    0.44    1722
 13.000   19.44   10.03  0.2413    5.91   10.55   23.09    9.64    0.39    1685
 13.500   19.37    9.60  0.2232    5.71   10.07   22.67    9.40    0.31    1635
 14.000   18.81    9.29  0.2150    5.33    9.39   21.80    9.09    0.23    1582
 14.500   17.64    8.82  0.2025    4.76    8.50   20.34    8.45    0.21    1474
 15.000   15.79    8.24  0.1953    4.33    7.59   18.33    7.63    0.33    1427
 15.500   13.73    7.30  0.1910    3.99    6.45   16.04    6.57    0.41    1333
 16.000   11.31    6.60  0.1873    3.37    5.83   13.57    5.83    0.58    1297
 16.500    8.44    6.01  0.1401    2.82    5.45   10.93    5.12    0.76    1260
 17.000    5.71    5.53  0.1114    2.70    4.95    8.80    4.22    0.97     998
 17.500    3.72    5.07  0.1124    2.17    4.55    7.34    3.41    1.13     962
 18.000    1.82    4.72  0.1280    2.00    4.15    6.35    2.64    0.92     945
 18.500    0.07    4.44  0.1867    1.71    3.87    5.76    2.23    0.69     937
 19.000   -1.38    4.32  0.2212    1.46    3.41    5.48    2.10    0.71     895
 19.500   -2.37    4.13  0.1277    1.34    3.36    5.59    2.15    0.69     869
 20.000   -3.46    3.88  0.0602    1.19    3.20    5.77    2.36    0.70     849
 20.500   -4.30    3.66  0.1506    0.55    3.39    6.18    2.83   -0.17      38
 21.000   -6.63    3.75  0.0411    0.78    4.44    8.24    3.28   -0.01      25
 21.500   -7.65    3.00 -0.1422    0.26    3.51    8.78    2.60   -0.58      15
 22.000   -7.86    3.68  0.3435    1.59    3.71    9.11    3.13   -0.65      11
 22.500 -999.99  -99.99 -9.9900 -999.99  -99.99 -999.99  -99.99 -999.99       0
 23.000 -999.99  -99.99 -9.9900 -999.99  -99.99 -999.99  -99.99 -999.99       0
 23.500 -999.99  -99.99 -9.9900 -999.99  -99.99 -999.99  -99.99 -999.99       0
 24.000 -999.99  -99.99 -9.9900 -999.99  -99.99 -999.99  -99.99 -999.99       0
 24.500 -999.99  -99.99 -9.9900 -999.99  -99.99 -999.99  -99.99 -999.99       0
 25.000 -999.99  -99.99 -9.9900 -999.99  -99.99 -999.99  -99.99 -999.99       0
 25.500 -999.99  -99.99 -9.9900 -999.99  -99.99 -999.99  -99.99 -999.99       0
 26.000 -999.99  -99.99 -9.9900 -999.99  -99.99 -999.99  -99.99 -999.99       0
 26.500 -999.99  -99.99 -9.9900 -999.99  -99.99 -999.99  -99.99 -999.99       0
 27.000 -999.99  -99.99 -9.9900 -999.99  -99.99 -999.99  -99.99 -999.99       0
 27.500 -999.99  -99.99 -9.9900 -999.99  -99.99 -999.99  -99.99 -999.99       0
 28.000 -999.99  -99.99 -9.9900 -999.99  -99.99 -999.99  -99.99 -999.99       0
 28.500 -999.99  -99.99 -9.9900 -999.99  -99.99 -999.99  -99.99 -999.99       0
 29.000 -999.99  -99.99 -9.9900 -999.99  -99.99 -999.99  -99.99 -999.99       0
 29.500 -999.99  -99.99 -9.9900 -999.99  -99.99 -999.99  -99.99 -999.99       0
 30.000 -999.99  -99.99 -9.9900 -999.99  -99.99 -999.99  -99.99 -999.99       0
     T A B L E  I -  10.  W I N D  S T A T I S T I C A L  P A R A M E T E R S
                                   October
 STATION =   722930     YUMA PROVING GROUNDS, AZ
    Z    MEAN U   SD  U  R(U,V)  MEAN V   SD  V MEAN WS  SD  WS SKEW WS    NOBS
    KM     M/S     M/S             M/S     M/S     M/S     M/S                 
  0.000    0.00    0.00  0.0000    0.00    0.00    0.00    0.00    0.00     100
  0.098    0.20    1.59  0.0696   -0.39    1.70    1.88    1.44    1.79     588
  0.500    0.09    3.31  0.0048   -0.99    3.47    4.20    2.61    1.33    2291
  1.000    0.03    3.73  0.1002   -0.66    3.80    4.65    2.76    1.30    2311
  1.500    0.26    3.84  0.1971    0.05    4.36    5.07    2.87    1.01    2312
  2.000    0.80    4.12  0.2294    0.69    5.02    5.81    3.18    0.83    2312
  2.500    1.69    4.44  0.2350    1.20    5.74    6.64    3.62    0.91    2312
  3.000    2.67    4.81  0.1898    1.43    6.20    7.40    4.04    0.93    2311
  3.500    3.69    5.27  0.1808    1.43    6.63    8.21    4.53    0.89    2311
  4.000    4.75    5.83  0.1819    1.34    7.16    9.19    5.08    0.93    2310
  4.500    5.79    6.35  0.1894    1.27    7.82   10.26    5.66    0.95    2310
  5.000    6.74    6.88  0.1697    1.24    8.44   11.26    6.25    0.96    2310
  5.500    7.66    7.50  0.1648    1.25    9.01   12.28    6.88    1.06    2308
  6.000    8.71    7.91  0.1761    1.29    9.61   13.39    7.31    1.07    2305
  6.500    9.74    8.35  0.1985    1.39   10.13   14.51    7.72    1.03    2296
  7.000   10.70    8.90  0.2412    1.51   10.75   15.59    8.33    0.98    2283
  7.500   11.64    9.50  0.2782    1.66   11.55   16.83    8.88    0.86    2264
  8.000   12.53   10.11  0.3022    1.79   12.28   18.11    9.30    0.77    2244
  8.500   13.38   10.66  0.3261    1.96   12.94   19.23    9.75    0.70    2213
  9.000   14.34   11.21  0.3498    2.21   13.55   20.41   10.20    0.64    2179
  9.500   15.43   11.87  0.3715    2.42   14.25   21.75   10.71    0.61    2153
 10.000   16.70   12.31  0.3860    2.81   14.85   23.15   11.14    0.57    2139
 10.500   17.99   12.59  0.3974    3.22   15.08   24.30   11.41    0.51    2124
 11.000   19.28   12.86  0.4016    3.47   15.12   25.33   11.70    0.49    2076
 11.500   20.57   13.03  0.4032    3.54   15.06   26.30   11.92    0.42    2030
 12.000   21.67   13.02  0.3987    3.49   14.94   27.08   11.93    0.36    2001
 12.500   22.23   12.73  0.3856    3.60   14.43   27.20   11.75    0.32    1884
 13.000   22.23   12.31  0.3809    3.47   13.52   26.73   11.31    0.31    1828
 13.500   21.77   11.61  0.3762    3.42   12.61   25.86   10.59    0.21    1767
 14.000   21.06   10.62  0.3313    3.48   11.46   24.66    9.62    0.15    1676
 14.500   19.76    9.43  0.2760    3.25   10.45   22.97    8.53    0.15    1617
 15.000   18.00    8.54  0.2432    2.82    9.72   21.04    7.61    0.20    1586
 15.500   16.13    7.63  0.2374    2.43    8.88   18.95    6.71    0.18    1510
 16.000   14.38    7.03  0.2458    1.90    7.89   16.90    6.15    0.24    1455
 16.500   12.31    6.33  0.1773    1.22    6.90   14.53    5.48    0.22    1390
 17.000   10.09    5.80  0.1686    0.75    6.21   12.25    4.98    0.40    1114
 17.500    8.21    5.46  0.1738    0.44    5.45   10.40    4.41    0.68    1103
 18.000    6.42    5.02  0.1895    0.13    5.01    8.80    3.77    0.71    1069
 18.500    4.86    4.63  0.1820   -0.06    4.66    7.51    3.26    0.90    1046
 19.000    3.75    4.41  0.2203   -0.22    4.34    6.67    2.83    1.27    1000
 19.500    3.01    4.39  0.2042   -0.33    4.14    6.21    2.68    1.11     963
 20.000    2.19    4.34  0.1320   -0.23    4.10    5.86    2.52    0.91     906
 20.500    3.94    5.33  0.6413   -0.72    4.70    7.70    3.31    0.65      25
 21.000    2.78    5.39  0.6896   -1.04    4.20    6.90    2.98    0.16      11
 21.500 -999.99  -99.99 -9.9900 -999.99  -99.99 -999.99  -99.99 -999.99       0
 22.000 -999.99  -99.99 -9.9900 -999.99  -99.99 -999.99  -99.99 -999.99       0
 22.500 -999.99  -99.99 -9.9900 -999.99  -99.99 -999.99  -99.99 -999.99       0
 23.000 -999.99  -99.99 -9.9900 -999.99  -99.99 -999.99  -99.99 -999.99       0
 23.500 -999.99  -99.99 -9.9900 -999.99  -99.99 -999.99  -99.99 -999.99       0
 24.000 -999.99  -99.99 -9.9900 -999.99  -99.99 -999.99  -99.99 -999.99       0
 24.500 -999.99  -99.99 -9.9900 -999.99  -99.99 -999.99  -99.99 -999.99       0
 25.000 -999.99  -99.99 -9.9900 -999.99  -99.99 -999.99  -99.99 -999.99       0
 25.500 -999.99  -99.99 -9.9900 -999.99  -99.99 -999.99  -99.99 -999.99       0
 26.000 -999.99  -99.99 -9.9900 -999.99  -99.99 -999.99  -99.99 -999.99       0
 26.500 -999.99  -99.99 -9.9900 -999.99  -99.99 -999.99  -99.99 -999.99       0
 27.000 -999.99  -99.99 -9.9900 -999.99  -99.99 -999.99  -99.99 -999.99       0
 27.500 -999.99  -99.99 -9.9900 -999.99  -99.99 -999.99  -99.99 -999.99       0
 28.000 -999.99  -99.99 -9.9900 -999.99  -99.99 -999.99  -99.99 -999.99       0
 28.500 -999.99  -99.99 -9.9900 -999.99  -99.99 -999.99  -99.99 -999.99       0
 29.000 -999.99  -99.99 -9.9900 -999.99  -99.99 -999.99  -99.99 -999.99       0
 29.500 -999.99  -99.99 -9.9900 -999.99  -99.99 -999.99  -99.99 -999.99       0
 30.000 -999.99  -99.99 -9.9900 -999.99  -99.99 -999.99  -99.99 -999.99       0
     T A B L E  I -  11.  W I N D  S T A T I S T I C A L  P A R A M E T E R S
                                  November
 STATION =   722930     YUMA PROVING GROUNDS, AZ
    Z    MEAN U   SD  U  R(U,V)  MEAN V   SD  V MEAN WS  SD  WS SKEW WS    NOBS
    KM     M/S     M/S             M/S     M/S     M/S     M/S                 
  0.000    0.00    0.00  0.0000    0.00    0.00    0.00    0.00    0.00     100
  0.098    0.26    1.26 -0.0924   -0.86    1.74    1.80    1.48    1.79     596
  0.500   -0.01    3.85  0.0949   -1.78    3.77    4.90    2.98    1.06    1906
  1.000   -0.14    4.78  0.2047   -1.63    4.21    5.73    3.29    1.13    1945
  1.500    0.57    5.20  0.2894   -1.31    4.67    6.27    3.43    0.91    1945
  2.000    1.66    5.59  0.3152   -1.09    5.11    7.00    3.61    0.81    1945
  2.500    2.90    6.19  0.2836   -0.86    5.89    8.08    4.16    0.75    1945
  3.000    4.12    6.83  0.2614   -1.05    6.68    9.31    4.82    0.68    1945
  3.500    5.32    7.45  0.2717   -1.36    7.44   10.55    5.51    0.69    1945
  4.000    6.49    8.03  0.2568   -1.63    8.38   11.80    6.39    0.79    1945
  4.500    7.67    8.66  0.2231   -1.90    9.21   13.07    7.22    0.88    1945
  5.000    8.87    9.20  0.2235   -2.05    9.92   14.32    7.85    0.85    1945
  5.500   10.00    9.61  0.2437   -2.06   10.64   15.48    8.43    0.79    1942
  6.000   11.08   10.09  0.2651   -2.06   11.31   16.69    8.87    0.74    1938
  6.500   12.20   10.63  0.2795   -2.09   12.00   18.01    9.31    0.66    1924
  7.000   13.26   11.16  0.2858   -2.06   12.74   19.27    9.84    0.56    1915
  7.500   14.24   11.77  0.3081   -2.02   13.34   20.43   10.31    0.49    1902
  8.000   15.21   12.40  0.3372   -2.13   14.05   21.75   10.72    0.46    1883
  8.500   16.27   13.10  0.3661   -2.29   14.98   23.29   11.19    0.45    1864
  9.000   17.46   13.78  0.3955   -2.32   15.96   24.82   11.83    0.45    1848
  9.500   18.71   14.54  0.4103   -2.35   16.82   26.30   12.58    0.47    1799
 10.000   19.77   15.30  0.4184   -2.20   17.51   27.64   13.20    0.51    1774
 10.500   20.80   16.14  0.4243   -2.24   17.92   28.92   13.55    0.52    1734
 11.000   21.71   16.79  0.4306   -2.52   18.22   30.05   13.77    0.43    1663
 11.500   22.48   17.29  0.4426   -2.45   18.34   30.82   14.11    0.38    1632
 12.000   22.99   17.35  0.4544   -2.25   17.91   30.92   14.17    0.31    1586
 12.500   23.27   17.07  0.4603   -1.88   17.13   30.59   13.97    0.22    1466
 13.000   23.33   16.49  0.4403   -1.48   15.97   29.88   13.52    0.19    1402
 13.500   22.88   15.54  0.4006   -1.40   14.54   28.70   12.54    0.13    1335
 14.000   22.01   14.39  0.3885   -1.25   12.92   26.94   11.61    0.08    1246
 14.500   21.39   13.13  0.3921   -1.21   11.73   25.66   10.58    0.14    1181
 15.000   20.10   12.00  0.3536   -1.36   10.92   24.02    9.65    0.13    1144
 15.500   18.54   11.05  0.3591   -1.59   10.49   22.52    8.53    0.00    1089
 16.000   17.10   10.41  0.3670   -1.16    9.48   20.72    8.03   -0.09    1060
 16.500   15.60    9.35  0.3071   -1.26    8.49   18.71    7.37   -0.01     988
 17.000   14.24    8.58  0.2822   -1.64    8.13   17.45    6.41    0.00     801
 17.500   12.65    7.93  0.3265   -1.60    7.56   15.76    5.88   -0.02     778
 18.000   10.81    7.47  0.3010   -1.40    6.65   13.85    5.24    0.05     756
 18.500    9.14    6.91  0.2107   -1.24    6.10   12.24    4.50    0.13     710
 19.000    7.87    6.45  0.2099   -1.44    5.52   10.95    4.01    0.36     671
 19.500    6.55    6.15  0.1947   -1.64    4.43    9.49    3.62    0.42     620
 20.000    5.62    5.91  0.1234   -1.44    3.95    8.51    3.44    0.31     544
 20.500    7.94    3.40 -0.6752    2.11    2.95    9.01    2.67   -0.73      13
 21.000 -999.99  -99.99 -9.9900 -999.99  -99.99 -999.99  -99.99 -999.99       0
 21.500 -999.99  -99.99 -9.9900 -999.99  -99.99 -999.99  -99.99 -999.99       0
 22.000 -999.99  -99.99 -9.9900 -999.99  -99.99 -999.99  -99.99 -999.99       0
 22.500 -999.99  -99.99 -9.9900 -999.99  -99.99 -999.99  -99.99 -999.99       0
 23.000 -999.99  -99.99 -9.9900 -999.99  -99.99 -999.99  -99.99 -999.99       0
 23.500 -999.99  -99.99 -9.9900 -999.99  -99.99 -999.99  -99.99 -999.99       0
 24.000 -999.99  -99.99 -9.9900 -999.99  -99.99 -999.99  -99.99 -999.99       0
 24.500 -999.99  -99.99 -9.9900 -999.99  -99.99 -999.99  -99.99 -999.99       0
 25.000 -999.99  -99.99 -9.9900 -999.99  -99.99 -999.99  -99.99 -999.99       0
 25.500 -999.99  -99.99 -9.9900 -999.99  -99.99 -999.99  -99.99 -999.99       0
 26.000 -999.99  -99.99 -9.9900 -999.99  -99.99 -999.99  -99.99 -999.99       0
 26.500 -999.99  -99.99 -9.9900 -999.99  -99.99 -999.99  -99.99 -999.99       0
 27.000 -999.99  -99.99 -9.9900 -999.99  -99.99 -999.99  -99.99 -999.99       0
 27.500 -999.99  -99.99 -9.9900 -999.99  -99.99 -999.99  -99.99 -999.99       0
 28.000 -999.99  -99.99 -9.9900 -999.99  -99.99 -999.99  -99.99 -999.99       0
 28.500 -999.99  -99.99 -9.9900 -999.99  -99.99 -999.99  -99.99 -999.99       0
 29.000 -999.99  -99.99 -9.9900 -999.99  -99.99 -999.99  -99.99 -999.99       0
 29.500 -999.99  -99.99 -9.9900 -999.99  -99.99 -999.99  -99.99 -999.99       0
 30.000 -999.99  -99.99 -9.9900 -999.99  -99.99 -999.99  -99.99 -999.99       0
     T A B L E  I -  12.  W I N D  S T A T I S T I C A L  P A R A M E T E R S
                                  December
 STATION =   722930     YUMA PROVING GROUNDS, AZ
    Z    MEAN U   SD  U  R(U,V)  MEAN V   SD  V MEAN WS  SD  WS SKEW WS    NOBS
    KM     M/S     M/S             M/S     M/S     M/S     M/S                 
  0.000    0.00    0.00  0.0000    0.00    0.00    0.00    0.00    0.00     100
  0.098    0.18    1.33 -0.3308   -1.09    2.00    2.04    1.67    1.45     532
  0.500   -0.31    3.41 -0.1050   -2.39    4.35    5.24    3.13    1.30    1582
  1.000   -0.25    4.47  0.1482   -2.08    4.82    5.99    3.51    1.31    1599
  1.500    0.75    5.18  0.2498   -1.89    5.03    6.51    3.75    1.27    1600
  2.000    1.89    5.44  0.2510   -1.81    5.30    7.07    3.92    0.95    1601
  2.500    3.03    5.99  0.2392   -1.86    5.90    8.05    4.37    0.75    1601
  3.000    4.18    6.74  0.2282   -2.01    6.78    9.37    5.06    0.80    1601
  3.500    5.34    7.51  0.2219   -2.23    7.75   10.81    5.83    0.88    1601
  4.000    6.55    8.44  0.2201   -2.44    8.57   12.28    6.61    0.87    1601
  4.500    7.82    9.51  0.2520   -2.59    9.44   13.89    7.45    0.84    1599
  5.000    8.92   10.40  0.2838   -2.74   10.45   15.40    8.24    0.81    1598
  5.500    9.97   11.25  0.2899   -2.91   11.37   16.84    8.97    0.76    1598
  6.000   11.07   11.97  0.3009   -3.10   12.17   18.28    9.47    0.66    1593
  6.500   12.21   12.67  0.3051   -3.22   12.98   19.73   10.03    0.56    1589
  7.000   13.51   13.31  0.2992   -3.11   13.85   21.14   10.75    0.45    1569
  7.500   14.58   14.06  0.3072   -3.04   14.56   22.50   11.19    0.41    1557
  8.000   15.65   14.77  0.3246   -3.12   15.40   24.00   11.65    0.37    1543
  8.500   16.87   15.24  0.3320   -3.13   16.25   25.40   12.15    0.37    1525
  9.000   17.94   15.88  0.3397   -3.13   17.00   26.67   12.74    0.38    1513
  9.500   19.12   16.59  0.3591   -3.06   17.68   28.01   13.37    0.38    1489
 10.000   20.36   17.14  0.3828   -3.12   18.37   29.46   13.78    0.34    1478
 10.500   21.80   17.62  0.3948   -3.15   18.80   30.80   14.19    0.35    1452
 11.000   23.06   17.85  0.3994   -3.21   19.10   31.90   14.48    0.36    1403
 11.500   24.23   17.51  0.4018   -3.26   18.92   32.39   14.68    0.36    1360
 12.000   24.81   16.82  0.3910   -3.39   18.17   32.08   14.54    0.22    1307
 12.500   25.31   15.83  0.3860   -3.33   16.95   31.67   13.71    0.18    1212
 13.000   25.18   14.79  0.3975   -3.38   15.89   30.92   12.77    0.18    1166
 13.500   24.59   13.86  0.4056   -3.09   14.93   29.82   11.91    0.11    1134
 14.000   23.73   12.96  0.4318   -3.14   13.84   28.50   10.99    0.14    1074
 14.500   22.78   12.28  0.4431   -3.19   12.55   27.10   10.25    0.08    1024
 15.000   21.90   11.46  0.4392   -3.05   11.64   25.76    9.68    0.08     981
 15.500   20.66   10.83  0.4303   -2.80   10.49   24.16    8.94    0.17     927
 16.000   19.15    9.81  0.4062   -2.36    9.10   22.20    7.76    0.06     882
 16.500   17.76    8.92  0.3675   -1.89    7.81   20.14    7.35    0.07     788
 17.000   16.63    8.38  0.3857   -2.18    7.06   18.79    6.99    0.07     634
 17.500   14.77    7.83  0.3421   -2.61    6.81   17.06    6.45    0.21     608
 18.000   12.52    7.50  0.3313   -2.37    6.18   14.93    5.85    0.27     575
 18.500   10.60    6.84  0.2685   -1.92    5.22   12.74    5.28    0.29     534
 19.000    9.21    6.37  0.1936   -1.84    4.62   11.28    4.82    0.24     479
 19.500    7.65    6.33  0.1759   -1.79    4.31   10.01    4.54    0.43     422
 20.000    6.25    6.34  0.2116   -1.72    3.78    8.93    4.15    0.66     359
 20.500    7.71    4.73  0.0286   -2.65    3.39    9.08    4.27    0.37      25
 21.000    8.23    5.36 -0.1549   -2.07    3.12    9.38    5.07    0.42      13
 21.500 -999.99  -99.99 -9.9900 -999.99  -99.99 -999.99  -99.99 -999.99       0
 22.000 -999.99  -99.99 -9.9900 -999.99  -99.99 -999.99  -99.99 -999.99       0
 22.500 -999.99  -99.99 -9.9900 -999.99  -99.99 -999.99  -99.99 -999.99       0
 23.000 -999.99  -99.99 -9.9900 -999.99  -99.99 -999.99  -99.99 -999.99       0
 23.500 -999.99  -99.99 -9.9900 -999.99  -99.99 -999.99  -99.99 -999.99       0
 24.000 -999.99  -99.99 -9.9900 -999.99  -99.99 -999.99  -99.99 -999.99       0
 24.500 -999.99  -99.99 -9.9900 -999.99  -99.99 -999.99  -99.99 -999.99       0
 25.000 -999.99  -99.99 -9.9900 -999.99  -99.99 -999.99  -99.99 -999.99       0
 25.500 -999.99  -99.99 -9.9900 -999.99  -99.99 -999.99  -99.99 -999.99       0
 26.000 -999.99  -99.99 -9.9900 -999.99  -99.99 -999.99  -99.99 -999.99       0
 26.500 -999.99  -99.99 -9.9900 -999.99  -99.99 -999.99  -99.99 -999.99       0
 27.000 -999.99  -99.99 -9.9900 -999.99  -99.99 -999.99  -99.99 -999.99       0
 27.500 -999.99  -99.99 -9.9900 -999.99  -99.99 -999.99  -99.99 -999.99       0
 28.000 -999.99  -99.99 -9.9900 -999.99  -99.99 -999.99  -99.99 -999.99       0
 28.500 -999.99  -99.99 -9.9900 -999.99  -99.99 -999.99  -99.99 -999.99       0
 29.000 -999.99  -99.99 -9.9900 -999.99  -99.99 -999.99  -99.99 -999.99       0
 29.500 -999.99  -99.99 -9.9900 -999.99  -99.99 -999.99  -99.99 -999.99       0
 30.000 -999.99  -99.99 -9.9900 -999.99  -99.99 -999.99  -99.99 -999.99       0
     T A B L E  I -  13.  W I N D  S T A T I S T I C A L  P A R A M E T E R S
                                    Annual
 STATION =   722930     YUMA PROVING GROUNDS, AZ
    Z    MEAN U   SD  U  R(U,V)  MEAN V   SD  V MEAN WS  SD  WS SKEW WS    NOBS
    KM     M/S     M/S             M/S     M/S     M/S     M/S                 
  0.000    0.00    0.00  0.0000    0.00    0.00    0.00    0.00    0.00     100
  0.098    0.29    1.70  0.1223   -0.19    1.92    2.06    1.56    1.49    7851
  0.500    0.71    3.61  0.0431   -0.12    3.93    4.72    2.73    1.22   24282
  1.000    0.84    4.16  0.1261    0.10    4.31    5.29    3.02    1.24   24476
  1.500    1.09    4.40  0.1802    0.50    4.68    5.67    3.28    1.14   24482
  2.000    1.53    4.73  0.1645    0.81    5.13    6.31    3.54    1.00   24484
  2.500    2.20    5.37  0.1322    1.02    5.75    7.21    4.03    0.94   24484
  3.000    3.07    6.09  0.1122    1.05    6.39    8.20    4.66    0.97   24481
  3.500    3.99    6.85  0.1097    0.98    7.03    9.23    5.36    1.01   24482
  4.000    4.93    7.63  0.1050    0.89    7.71   10.28    6.14    1.06   24478
  4.500    5.84    8.39  0.1119    0.77    8.36   11.31    6.92    1.08   24473
  5.000    6.74    9.10  0.1243    0.65    9.00   12.28    7.72    1.06   24469
  5.500    7.65    9.78  0.1382    0.55    9.63   13.23    8.53    1.06   24460
  6.000    8.57   10.36  0.1573    0.47   10.22   14.18    9.20    1.02   24428
  6.500    9.51   10.90  0.1761    0.44   10.77   15.18    9.81    0.99   24350
  7.000   10.48   11.48  0.1891    0.49   11.39   16.22   10.46    0.95   24241
  7.500   11.43   12.06  0.2010    0.58   12.03   17.29   11.06    0.91   24122
  8.000   12.38   12.61  0.2082    0.69   12.65   18.43   11.59    0.88   23990
  8.500   13.39   13.15  0.2146    0.82   13.30   19.61   12.11    0.85   23842
  9.000   14.44   13.71  0.2240    1.01   13.94   20.82   12.63    0.82   23699
  9.500   15.55   14.32  0.2329    1.24   14.58   22.09   13.18    0.79   23425
 10.000   16.69   14.88  0.2385    1.47   15.14   23.37   13.66    0.77   23195
 10.500   17.82   15.34  0.2406    1.68   15.57   24.53   14.04    0.76   22926
 11.000   18.95   15.67  0.2353    1.92   15.85   25.60   14.33    0.72   22364
 11.500   19.99   15.74  0.2280    2.02   15.81   26.41   14.36    0.68   21857
 12.000   20.72   15.45  0.2156    2.15   15.34   26.71   13.99    0.59   21200
 12.500   21.18   14.90  0.2060    2.33   14.58   26.67   13.37    0.50   19667
 13.000   21.21   14.19  0.2010    2.45   13.64   26.18   12.65    0.44   19017
 13.500   20.80   13.35  0.1953    2.39   12.64   25.27   11.82    0.35   18426
 14.000   19.86   12.52  0.1784    2.25   11.60   23.91   10.96    0.30   17528
 14.500   18.75   11.85  0.1684    2.04   10.68   22.51   10.24    0.30   16709
 15.000   17.30   11.26  0.1510    1.87    9.81   20.85    9.60    0.35   16193
 15.500   15.63   10.69  0.1340    1.59    9.00   19.05    8.97    0.40   15406
 16.000   13.74   10.21  0.1220    1.36    8.20   17.15    8.35    0.43   14972
 16.500   11.61    9.80  0.0767    1.12    7.40   15.08    7.73    0.54   14234
 17.000    9.42    9.45  0.0260    0.77    6.65   13.18    7.04    0.62   11903
 17.500    7.82    8.94  0.0172    0.46    6.12   11.79    6.33    0.73   11363
 18.000    5.86    8.58  0.0070    0.34    5.61   10.44    5.57    0.93   11111
 18.500    3.94    8.10 -0.0009    0.29    5.15    9.24    4.78    1.13   10781
 19.000    2.28    7.80 -0.0027    0.23    4.70    8.38    4.25    1.31   10295
 19.500    0.83    7.57 -0.0235    0.14    4.25    7.85    3.85    1.32    9825
 20.000   -0.56    7.38 -0.0490    0.11    3.94    7.57    3.64    1.23    9183
 20.500   -1.25    9.02 -0.0461    0.32    4.11    9.11    4.37    0.58     410
 21.000   -3.32    9.31  0.0234    0.36    3.66    9.79    4.16    0.15     258
 21.500   -3.83    9.58  0.0335    0.29    3.03   10.10    4.14   -0.03     170
 22.000   -4.53    9.53  0.0663    0.24    3.36   10.45    4.09   -0.13     142
 22.500   -5.56    9.47  0.0619   -0.20    2.81   10.83    3.95   -0.06     116
 23.000   -6.31   10.33  0.0478   -0.83    2.48   11.64    4.42   -0.31      96
 23.500   -8.05   10.35 -0.1236   -0.18    2.11   12.41    4.95   -0.23      78
 24.000  -13.97    6.55 -0.0116   -0.28    2.17   14.95    4.66   -1.17      46
 24.500  -15.34    6.93 -0.0904    0.26    2.25   16.05    5.59   -1.18      32
 25.000  -16.34    6.71 -0.0155    0.47    2.20   17.46    3.76   -1.32      27
 25.500  -16.92    7.60  0.1604    0.13    2.73   18.37    3.80   -1.17      27
 26.000  -17.35    8.20  0.0585    0.09    2.39   19.02    3.64   -1.39      27
 26.500  -17.18    9.78  0.0820   -0.12    1.71   19.59    3.39   -1.25      27
 27.000  -17.80    9.47  0.0617    0.72    2.36   20.04    2.82    0.29      22
 27.500  -18.50    9.72  0.3812    0.93    3.02   20.94    2.31    0.03      21
 28.000  -18.84    9.28 -0.1378    0.52    2.25   21.00    2.31   -0.03      21
 28.500  -19.37    9.58 -0.1525    0.44    2.45   21.66    1.98   -0.39      21
 29.000  -19.67   10.39 -0.1086    0.22    1.82   22.15    2.88    0.93      21
 29.500  -19.71   11.00  0.0833   -0.21    2.20   22.43    3.26    0.35      21
 30.000  -19.90   11.80  0.1774   -0.37    2.50   22.99    3.16    0.62      20
