        911650   21.98N  159.34W
     T A B L E  II -   1.  T H E R M O D Y N A M I C  S T A T I S T I C A L  P A R A M E T E R S
                                   January
 Station =   911650     Barking Sands, Hawaii (Lihue)
    Z      MEAN P   SD P   SKEWP  MEAN T  SD T  SKEWT    MEAN D   SD D  SKEWD  NOBSP  NOBST  NOBSD
    KM       MB       MB             K      K             G/M3    G/M3                           
  0.000 1020.0000  5.0000   0.00 290.00   5.00   0.00 1221.0000 25.0000  0.00    100    100    100
  0.036 1011.5400  4.2560  -0.77 295.22   2.82  -0.36 1186.0450 13.1580  0.20   1515   1515   1515
  0.500  958.6240  3.4450  -0.57 291.81   1.61  -0.30 1137.6190  8.5270 -0.08   1649   1649   1649
  1.000  904.0830  3.2470  -0.56 288.32   1.72  -0.14 1086.8260  8.5580  0.08   1751   1751   1751
  1.500  852.1480  3.0420  -0.58 285.85   2.33   0.13 1034.4330  9.0530  0.24   1793   1793   1793
  2.000  802.7550  2.9050  -0.59 284.72   2.73  -0.03  979.8470  8.8580  0.25   1802   1802   1802
  2.500  756.0160  2.8680  -0.57 283.24   2.66  -0.30  928.4140  7.6770  0.37   1803   1803   1803
  3.000  711.7370  2.8680  -0.54 281.04   2.62  -0.32  881.2220  6.8540  0.24   1803   1803   1803
  3.500  669.6070  2.8790  -0.52 278.42   2.63  -0.33  837.1160  6.4810  0.17   1803   1803   1803
  4.000  629.6240  2.9260  -0.54 275.60   2.73  -0.31  795.3160  6.2840  0.12   1803   1803   1803
  4.500  591.6570  2.9970  -0.53 272.65   2.84  -0.28  755.5560  6.1390  0.11   1802   1802   1802
  5.000  555.5950  3.0710  -0.52 269.61   2.96  -0.29  717.5800  6.0420  0.10   1802   1802   1802
  5.500  521.3690  3.1350  -0.50 266.48   3.08  -0.34  681.3420  5.9010  0.10   1802   1802   1802
  6.000  488.8890  3.2050  -0.49 263.27   3.20  -0.34  646.7440  5.8500 -0.08   1802   1802   1802
  6.500  457.9910  3.2280  -0.50 259.92   3.32  -0.32  613.7170  5.8390 -0.28   1802   1802   1802
  7.000  428.7470  3.2400  -0.50 256.49   3.41  -0.32  582.2420  5.7650 -0.40   1802   1802   1802
  7.500  401.1180  3.2620  -0.53 253.01   3.55  -0.31  552.2470  5.7930 -0.44   1802   1802   1802
  8.000  374.7060  3.3080  -0.49 249.46   3.68  -0.33  523.2630  5.6600 -0.46   1801   1801   1801
  8.500  349.7380  3.3520  -0.53 245.92   3.81  -0.34  495.4410  5.5820 -0.51   1799   1799   1799
  9.000  326.1690  3.3660  -0.52 242.40   3.96  -0.37  468.7860  5.5390 -0.45   1798   1798   1798
  9.500  303.9520  3.3580  -0.52 238.96   4.07  -0.44  443.1590  5.4710 -0.43   1797   1797   1797
 10.000  282.8580  3.4090  -0.50 235.61   4.07  -0.54  418.2710  5.2690 -0.41   1797   1797   1797
 10.500  262.9750  3.4180  -0.47 232.27   4.01  -0.65  394.4660  5.0960 -0.43   1794   1794   1794
 11.000  244.2930  3.4330  -0.44 229.01   3.90  -0.73  371.6520  4.9620 -0.51   1793   1793   1793
 11.500  226.5940  3.3130  -0.44 225.78   3.65  -0.82  349.6660  4.8290 -0.66   1792   1792   1792
 12.000  210.0160  3.2020  -0.43 222.61   3.33  -0.94  328.6890  4.8020 -0.82   1791   1791   1791
 12.500  194.4960  3.1120  -0.39 219.50   3.00  -0.85  308.7070  4.9490 -0.90   1788   1788   1788
 13.000  179.8200  2.8880  -0.40 216.38   2.70  -0.60  289.5290  4.9920 -0.96   1788   1788   1788
 13.500  166.1180  2.6720  -0.39 213.30   2.50  -0.11  271.3340  5.1000 -0.96   1787   1787   1787
 14.000  153.3260  2.4510  -0.37 210.21   2.41   0.24  254.1360  5.1160 -0.87   1784   1784   1784
 14.500  141.3370  2.2610  -0.33 207.21   2.43   0.41  237.6580  5.1350 -0.76   1782   1782   1782
 15.000  130.1240  2.0370  -0.30 204.36   2.59   0.51  221.8680  5.1200 -0.68   1777   1777   1777
 15.500  119.6850  1.8290  -0.26 201.71   2.82   0.54  206.7580  5.0670 -0.59   1776   1776   1776
 16.000  109.9880  1.6310  -0.21 199.35   3.11   0.52  192.2730  4.9360 -0.55   1768   1768   1768
 16.500  100.9850  1.4360  -0.14 197.52   3.30   0.50  178.1800  4.7070 -0.48   1758   1758   1758
 17.000   92.6330  1.2650  -0.05 196.33   3.44   0.50  164.4370  4.3940 -0.43   1751   1751   1751
 17.500   84.9370  1.0990   0.05 195.72   3.60   0.40  151.2450  4.0380 -0.34   1738   1738   1738
 18.000   77.8770  0.9550   0.18 195.97   3.71   0.34  138.5040  3.6670 -0.25   1734   1734   1734
 18.500   71.4230  0.8310   0.32 197.18   3.78   0.25  126.2430  3.2730 -0.13   1731   1731   1731
 19.000   65.5560  0.7210   0.46 199.07   3.57   0.13  114.7660  2.7200  0.02   1721   1721   1721
 19.500   60.2190  0.6400   0.60 201.23   3.29   0.17  104.2810  2.2100  0.02   1718   1718   1718
 20.000   55.3690  0.5760   0.71 203.32   3.04   0.04   94.8910  1.8060  0.13   1710   1710   1710
 20.500   50.9420  0.5290   0.78 205.24   2.78  -0.12   86.4800  1.4710  0.30   1706   1706   1706
 21.000   46.9150  0.4690   0.58 206.79   2.68  -0.04   79.0460  1.1880  0.04   1702   1702   1702
 21.500   43.2320  0.4440   0.60 208.23   2.69  -0.06   72.3350  1.0160  0.04   1697   1697   1697
 22.000   39.8540  0.4220   0.63 209.55   2.72  -0.15   66.2630  0.8850  0.04   1693   1693   1693
 22.500   36.7620  0.4060   0.63 210.75   2.76  -0.18   60.7740  0.7900 -0.07   1690   1690   1690
 23.000   33.9230  0.3900   0.60 211.90   2.74  -0.24   55.7750  0.6860 -0.06   1686   1686   1686
 23.500   31.3120  0.3780   0.56 212.98   2.70  -0.22   51.2210  0.6020 -0.05   1683   1683   1683
 24.000   28.9310  0.3680   0.52 214.02   2.67  -0.18   47.0940  0.5440 -0.04   1681   1681   1681
 24.500   26.7290  0.3540   0.51 215.02   2.69  -0.16   43.3070  0.5090  0.06   1669   1669   1669
 25.000   24.7040  0.3400   0.47 216.02   2.70  -0.16   39.8410  0.4690  0.05   1661   1661   1661
 25.500   22.8450  0.3290   0.41 217.02   2.70  -0.09   36.6730  0.4330  0.13   1648   1648   1648
 26.000   21.1290  0.3180   0.38 217.98   2.75  -0.09   33.7690  0.4190  0.18   1644   1644   1644
 26.500   19.5680  0.3040   0.30 218.96   2.74  -0.10   31.1340  0.4010  0.07   1575   1575   1575
 27.000   18.1110  0.2950   0.36 219.77   2.75  -0.11   28.7090  0.3920  0.04   1550   1550   1550
 27.500   16.7660  0.2810   0.35 220.53   2.83  -0.14   26.4840  0.3880 -0.06   1532   1532   1532
 28.000   15.5290  0.2660   0.34 221.37   2.87  -0.13   24.4380  0.3780  0.01   1492   1492   1492
 28.500   14.3870  0.2530   0.39 222.24   2.93  -0.07   22.5520  0.3630 -0.07   1418   1418   1418
 29.000   13.3380  0.2390   0.41 223.03   3.01  -0.06   20.8330  0.3490 -0.06   1269   1269   1269
 29.500   12.3660  0.2250   0.48 223.75   3.12   0.13   19.2530  0.3320 -0.05   1023   1023   1023
 30.000   11.5010  0.2330   0.46 224.60   3.43   0.14   17.8390  0.3450 -0.24    453    453    453
     T A B L E  II -   2.  T H E R M O D Y N A M I C  S T A T I S T I C A L  P A R A M E T E R S
                                  February
 Station =   911650     Barking Sands, Hawaii (Lihue)
    Z      MEAN P   SD P   SKEWP  MEAN T  SD T  SKEWT    MEAN D   SD D  SKEWD  NOBSP  NOBST  NOBSD
    KM       MB       MB             K      K             G/M3    G/M3                           
  0.000 1020.0000  5.0000   0.00 290.00   5.00   0.00 1221.0000 25.0000  0.00    100    100    100
  0.036 1012.9340  4.1020  -1.05 295.10   2.57  -0.34 1188.1050 12.2360  0.18   1378   1378   1378
  0.500  959.6550  3.2400  -0.52 291.42   1.54  -0.26 1140.4510  8.6510 -0.01   1503   1503   1503
  1.000  905.0580  3.0160  -0.53 287.86   1.75  -0.19 1089.8130  8.7350  0.06   1601   1601   1601
  1.500  852.9760  2.8270  -0.59 285.11   2.25  -0.10 1038.0811  9.2670  0.20   1633   1633   1633
  2.000  803.3930  2.6950  -0.67 283.75   2.51  -0.20  983.8550  8.5290  0.44   1640   1640   1640
  2.500  756.4630  2.6440  -0.74 282.25   2.42  -0.07  932.1070  7.1320  0.23   1640   1640   1640
  3.000  712.0090  2.6160  -0.76 280.10   2.44  -0.05  884.5000  6.6660 -0.06   1640   1640   1640
  3.500  669.7370  2.6730  -0.79 277.53   2.58  -0.08  839.9250  6.6040 -0.01   1639   1639   1639
  4.000  629.6280  2.7050  -0.79 274.73   2.70  -0.03  797.8160  6.4950 -0.11   1638   1638   1638
  4.500  591.5400  2.7510  -0.73 271.77   2.80  -0.02  757.8490  6.3350 -0.13   1638   1638   1638
  5.000  555.3800  2.7800  -0.63 268.76   2.91  -0.01  719.5690  6.2070 -0.13   1638   1638   1638
  5.500  521.0680  2.7910  -0.52 265.65   3.05   0.00  683.0730  6.1570 -0.23   1638   1638   1638
  6.000  488.4760  2.8810  -0.47 262.42   3.25   0.03  648.2860  6.1620 -0.26   1637   1637   1637
  6.500  457.5040  2.9370  -0.44 259.07   3.39   0.02  615.0890  6.0290 -0.29   1637   1637   1637
  7.000  428.2160  2.9950  -0.40 255.66   3.53   0.02  583.4300  5.8950 -0.31   1637   1637   1637
  7.500  400.5510  3.0530  -0.40 252.31   3.73   0.01  553.0080  6.0290 -0.38   1637   1637   1637
  8.000  374.1060  3.1280  -0.34 248.92   3.86  -0.05  523.5600  5.9620 -0.31   1637   1637   1637
  8.500  349.1380  3.1720  -0.31 245.54   4.03  -0.12  495.3730  6.0530 -0.30   1637   1637   1637
  9.000  325.5770  3.2000  -0.28 242.20   4.20  -0.19  468.3470  6.1150 -0.33   1637   1637   1637
  9.500  303.3930  3.1990  -0.25 238.92   4.37  -0.29  442.4470  6.2470 -0.35   1636   1636   1636
 10.000  282.3180  3.2590  -0.21 235.66   4.39  -0.37  417.4180  6.0810 -0.38   1634   1634   1634
 10.500  262.4780  3.2820  -0.17 232.37   4.37  -0.44  393.5780  5.8490 -0.47   1634   1634   1634
 11.000  243.8430  3.3090  -0.13 229.09   4.30  -0.54  370.8710  5.6170 -0.50   1633   1633   1633
 11.500  226.1800  3.2120  -0.13 225.82   4.03  -0.61  348.9770  5.2940 -0.61   1631   1631   1631
 12.000  209.6410  3.1180  -0.11 222.67   3.65  -0.67  328.0320  5.0580 -0.73   1629   1629   1629
 12.500  194.1450  3.0360  -0.09 219.56   3.25  -0.66  308.0730  4.9780 -0.76   1627   1627   1627
 13.000  179.5060  2.8280  -0.10 216.47   2.83  -0.38  288.9080  4.8930 -0.74   1627   1627   1627
 13.500  165.8360  2.6270  -0.09 213.44   2.53   0.05  270.7040  4.9200 -0.65   1625   1625   1625
 14.000  153.0780  2.4110  -0.08 210.39   2.41   0.40  253.5040  4.9930 -0.59   1625   1625   1625
 14.500  141.1250  2.2380  -0.06 207.49   2.46   0.56  236.9810  5.1180 -0.47   1610   1610   1610
 15.000  129.9410  2.0280  -0.04 204.68   2.61   0.59  221.2120  5.1160 -0.39   1603   1603   1603
 15.500  119.5300  1.8220  -0.02 202.05   2.84   0.52  206.1510  5.0720 -0.32   1597   1597   1597
 16.000  109.8570  1.6170   0.01 199.67   3.08   0.49  191.7330  4.9500 -0.28   1592   1592   1592
 16.500  100.8960  1.4120   0.06 197.82   3.28   0.42  177.7530  4.7270 -0.23   1565   1565   1565
 17.000   92.5570  1.2370   0.12 196.71   3.40   0.32  163.9880  4.4130 -0.15   1546   1546   1546
 17.500   84.8770  1.0670   0.19 196.10   3.54   0.18  150.8510  4.0330 -0.05   1539   1539   1539
 18.000   77.8340  0.9200   0.28 196.26   3.54   0.12  138.2130  3.5570  0.02   1532   1532   1532
 18.500   71.3910  0.7980   0.37 197.22   3.56   0.00  126.1540  3.1260  0.15   1526   1526   1526
 19.000   65.5230  0.6930   0.47 198.87   3.49  -0.19  114.8200  2.6600  0.29   1522   1522   1522
 19.500   60.1840  0.6140   0.55 200.93   3.27  -0.18  104.3750  2.1970  0.37   1516   1516   1516
 20.000   55.3300  0.5530   0.62 203.05   3.05  -0.13   94.9520  1.8220  0.37   1511   1511   1511
 20.500   50.9000  0.5060   0.69 204.91   2.76  -0.16   86.5520  1.4690  0.44   1508   1508   1508
 21.000   46.8740  0.4480   0.50 206.53   2.60  -0.02   79.0760  1.1810  0.19   1502   1502   1502
 21.500   43.1890  0.4230   0.55 207.97   2.48   0.07   72.3530  0.9850  0.06   1496   1496   1496
 22.000   39.8140  0.4010   0.61 209.38   2.46   0.06   66.2500  0.8540  0.03   1491   1491   1491
 22.500   36.7230  0.3820   0.67 210.64   2.44  -0.03   60.7390  0.7520 -0.08   1483   1483   1483
 23.000   33.8850  0.3650   0.71 211.78   2.45  -0.10   55.7430  0.6610 -0.09   1482   1482   1482
 23.500   31.2760  0.3500   0.72 212.86   2.41  -0.18   51.1910  0.5810 -0.09   1475   1475   1475
 24.000   28.8970  0.3380   0.71 213.87   2.46  -0.13   47.0720  0.5400 -0.16   1467   1467   1467
 24.500   26.6960  0.3240   0.72 214.86   2.46  -0.05   43.2850  0.4990 -0.07   1454   1454   1454
 25.000   24.6720  0.3080   0.71 215.88   2.48   0.07   39.8160  0.4650 -0.03   1445   1445   1445
 25.500   22.8130  0.2930   0.69 216.93   2.48   0.15   36.6360  0.4380 -0.04   1434   1434   1434
 26.000   21.0980  0.2810   0.69 218.01   2.53   0.28   33.7130  0.4160 -0.00   1429   1429   1429
 26.500   19.5280  0.2710   0.63 219.03   2.56   0.20   31.0600  0.4090  0.09   1363   1363   1363
 27.000   18.0750  0.2600   0.68 220.09   2.55   0.19   28.6100  0.3990  0.16   1348   1348   1348
 27.500   16.7360  0.2470   0.66 221.08   2.61   0.11   26.3720  0.3890  0.18   1323   1323   1323
 28.000   15.5020  0.2330   0.67 222.11   2.66   0.14   24.3150  0.3780  0.20   1287   1287   1287
 28.500   14.3630  0.2180   0.66 223.03   2.75   0.07   22.4350  0.3620  0.20   1231   1231   1231
 29.000   13.3120  0.2050   0.61 223.98   2.79   0.04   20.7060  0.3430  0.17   1115   1115   1115
 29.500   12.3410  0.1930   0.59 225.03   2.98   0.16   19.1060  0.3330  0.21    904    904    904
 30.000   11.4750  0.2000   0.57 226.06   3.11   0.08   17.6840  0.3480  0.25    412    412    412
     T A B L E  II -   3.  T H E R M O D Y N A M I C  S T A T I S T I C A L  P A R A M E T E R S
                                     March
 Station =   911650     Barking Sands, Hawaii (Lihue)
    Z      MEAN P   SD P   SKEWP  MEAN T  SD T  SKEWT    MEAN D   SD D  SKEWD  NOBSP  NOBST  NOBSD
    KM       MB       MB             K      K             G/M3    G/M3                           
  0.000 1020.0000  5.0000   0.00 290.00   5.00   0.00 1221.0000 25.0000  0.00    100    100    100
  0.036 1013.9450  3.7860  -1.21 295.40   2.47  -0.21 1187.9120 11.4010 -0.06   1546   1546   1546
  0.500  960.5730  3.0800  -0.67 291.49   1.51  -0.23 1141.1460  8.1910 -0.11   1668   1668   1668
  1.000  905.9050  2.9120  -0.65 287.86   1.72  -0.28 1090.7050  8.3870  0.04   1764   1764   1764
  1.500  853.7720  2.7640  -0.72 284.92   2.14  -0.19 1039.5210  8.7590  0.13   1789   1789   1789
  2.000  804.0930  2.6780  -0.75 283.34   2.48  -0.21  985.8920  8.5140  0.46   1800   1800   1800
  2.500  757.0910  2.6510  -0.77 282.04   2.30  -0.22  933.4850  6.8500  0.49   1800   1800   1800
  3.000  712.5710  2.6400  -0.75 279.96   2.26  -0.16  885.5530  5.9540  0.23   1800   1800   1800
  3.500  670.2560  2.6710  -0.70 277.42   2.34  -0.09  840.8300  5.7270  0.11   1799   1799   1799
  4.000  630.1030  2.7160  -0.66 274.66   2.40   0.02  798.5860  5.4790 -0.05   1799   1799   1799
  4.500  591.9620  2.7850  -0.62 271.70   2.52   0.05  758.5560  5.3850 -0.07   1799   1799   1799
  5.000  555.7230  2.8320  -0.57 268.59   2.63   0.02  720.4530  5.2540  0.06   1799   1799   1799
  5.500  521.3490  2.8860  -0.53 265.35   2.73   0.07  684.2090  5.0460 -0.11   1799   1799   1799
  6.000  488.7340  2.9560  -0.49 261.99   2.83   0.11  649.6700  4.8350 -0.19   1799   1799   1799
  6.500  457.7110  2.9820  -0.45 258.55   2.93   0.11  616.5580  4.7000 -0.26   1799   1799   1799
  7.000  428.3450  3.0150  -0.40 255.05   3.04   0.11  584.9580  4.7140 -0.44   1799   1799   1799
  7.500  400.6030  3.0540  -0.40 251.55   3.18   0.15  554.7300  4.8780 -0.65   1799   1799   1799
  8.000  374.0590  3.1050  -0.32 247.99   3.35   0.14  525.4380  4.9250 -0.73   1797   1797   1797
  8.500  348.9900  3.1390  -0.27 244.36   3.50   0.14  497.5220  4.8940 -0.72   1796   1796   1796
  9.000  325.3330  3.1590  -0.23 240.77   3.68   0.13  470.7270  4.9240 -0.70   1795   1795   1795
  9.500  303.0450  3.1480  -0.21 237.24   3.86   0.09  445.0270  5.0940 -0.65   1794   1794   1794
 10.000  281.8390  3.2210  -0.16 233.81   3.96   0.07  419.9630  5.0740 -0.66   1792   1792   1792
 10.500  261.8740  3.2430  -0.11 230.47   4.02  -0.02  395.8810  5.0460 -0.54   1792   1792   1792
 11.000  243.1130  3.2650  -0.05 227.23   4.01  -0.14  372.7690  5.0540 -0.51   1792   1792   1792
 11.500  225.3810  3.1740  -0.04 224.04   3.90  -0.26  350.4970  5.0270 -0.54   1792   1792   1792
 12.000  208.7780  3.0790  -0.01 220.97   3.73  -0.43  329.1970  5.0770 -0.53   1791   1791   1791
 12.500  193.2390  2.9950   0.03 218.06   3.50  -0.63  308.7620  5.1930 -0.51   1789   1789   1789
 13.000  178.6040  2.8070   0.03 215.24   3.19  -0.74  289.1140  5.1670 -0.51   1787   1787   1787
 13.500  164.9510  2.6190   0.02 212.54   2.89  -0.59  270.4040  5.1930 -0.44   1787   1787   1787
 14.000  152.2280  2.4210   0.03 209.93   2.65  -0.24  252.6550  5.2270 -0.36   1785   1785   1785
 14.500  140.3190  2.2350   0.05 207.44   2.59   0.16  235.6920  5.3030 -0.25   1784   1784   1784
 15.000  129.2040  2.0150   0.06 205.06   2.65   0.26  219.5590  5.2610 -0.13   1781   1781   1781
 15.500  118.8750  1.7960   0.08 202.85   2.87   0.18  204.2190  5.1940 -0.06   1778   1778   1778
 16.000  109.2920  1.5860   0.10 200.87   3.10   0.10  189.6100  5.0220 -0.00   1773   1773   1773
 16.500  100.4100  1.3860   0.11 199.27   3.30   0.15  175.6110  4.7480 -0.04   1763   1763   1763
 17.000   92.1790  1.2030   0.18 198.40   3.37   0.19  161.9240  4.3170 -0.02   1754   1754   1754
 17.500   84.6010  1.0380   0.23 198.06   3.40   0.18  148.8620  3.8570  0.03   1746   1746   1746
 18.000   77.6500  0.8910   0.32 198.41   3.45   0.14  136.3940  3.4230  0.04   1738   1738   1738
 18.500   71.2880  0.7740   0.41 199.50   3.33   0.05  124.5290  2.9020  0.09   1733   1733   1733
 19.000   65.4940  0.6750   0.42 201.21   3.12  -0.04  113.4270  2.3790  0.16   1726   1726   1726
 19.500   60.2140  0.6050   0.44 203.10   2.99  -0.06  103.3060  1.9790  0.23   1720   1720   1720
 20.000   55.4010  0.5510   0.47 204.97   2.81  -0.11   94.1780  1.6080  0.29   1713   1713   1713
 20.500   51.0070  0.5120   0.50 206.72   2.66  -0.09   85.9720  1.3300  0.24   1703   1703   1703
 21.000   47.0080  0.4750   0.49 208.26   2.55  -0.05   78.6430  1.1170  0.19   1698   1698   1698
 21.500   43.3400  0.4470   0.49 209.60   2.52  -0.10   72.0420  0.9710  0.17   1692   1692   1692
 22.000   39.9780  0.4250   0.52 210.91   2.44  -0.02   66.0390  0.8380  0.17   1683   1683   1683
 22.500   36.8980  0.4040   0.52 212.15   2.41   0.05   60.5930  0.7420  0.21   1675   1675   1675
 23.000   34.0670  0.3850   0.56 213.35   2.39   0.10   55.6290  0.6810  0.16   1666   1666   1666
 23.500   31.4650  0.3680   0.59 214.51   2.40   0.12   51.1040  0.6280  0.14   1663   1663   1663
 24.000   29.0880  0.3520   0.59 215.62   2.43   0.13   46.9980  0.5820  0.14   1655   1655   1655
 24.500   26.8900  0.3380   0.65 216.76   2.49   0.18   43.2200  0.5380  0.08   1646   1646   1646
 25.000   24.8700  0.3230   0.67 217.89   2.58   0.16   39.7630  0.5050  0.07   1635   1635   1635
 25.500   23.0110  0.3080   0.67 219.03   2.62   0.06   36.6010  0.4720  0.08   1625   1625   1625
 26.000   21.2970  0.2970   0.66 220.17   2.64   0.14   33.6970  0.4480  0.08   1614   1614   1614
 26.500   19.7280  0.2820   0.60 221.26   2.62   0.13   31.0610  0.4170  0.07   1547   1547   1547
 27.000   18.2740  0.2740   0.62 222.33   2.68   0.14   28.6330  0.4060  0.15   1527   1527   1527
 27.500   16.9320  0.2600   0.61 223.42   2.74   0.15   26.4010  0.3940  0.21   1496   1496   1496
 28.000   15.6970  0.2410   0.69 224.53   2.80   0.20   24.3550  0.3710  0.25   1444   1444   1444
 28.500   14.5570  0.2300   0.71 225.59   2.81   0.13   22.4790  0.3460  0.40   1395   1395   1395
 29.000   13.5070  0.2200   0.68 226.65   2.80   0.07   20.7610  0.3300  0.47   1279   1279   1279
 29.500   12.5430  0.2120   0.75 227.76   2.81   0.06   19.1840  0.3250  0.42   1025   1025   1025
 30.000   11.6810  0.2310   0.76 228.77   2.70  -0.07   17.7860  0.3520  0.38    472    472    472
     T A B L E  II -   4.  T H E R M O D Y N A M I C  S T A T I S T I C A L  P A R A M E T E R S
                                     April
 Station =   911650     Barking Sands, Hawaii (Lihue)
    Z      MEAN P   SD P   SKEWP  MEAN T  SD T  SKEWT    MEAN D   SD D  SKEWD  NOBSP  NOBST  NOBSD
    KM       MB       MB             K      K             G/M3    G/M3                           
  0.000 1020.0000  5.0000   0.00 290.00   5.00   0.00 1221.0000 25.0000  0.00    100    100    100
  0.036 1014.9450  2.6130  -0.60 296.39   2.19  -0.27 1184.4420  9.9490  0.08   1497   1497   1497
  0.500  961.3600  2.4480  -0.67 292.03   1.20  -0.14 1139.4530  6.4820 -0.14   1608   1608   1608
  1.000  906.7940  2.2830  -0.66 288.32   1.35  -0.15 1089.6820  6.5510 -0.17   1711   1711   1711
  1.500  854.7250  2.1190  -0.73 285.38   1.64  -0.11 1038.6281  6.6890 -0.02   1736   1736   1736
  2.000  805.0970  2.0340  -0.77 283.68   2.13   0.18  985.5530  7.0350  0.10   1742   1742   1742
  2.500  758.1090  2.0010  -0.78 282.54   2.25  -0.08  932.9280  6.4750  0.18   1742   1742   1742
  3.000  713.6060  2.0070  -0.76 280.75   2.17  -0.19  884.3560  5.7950  0.27   1742   1742   1742
  3.500  671.3860  2.0320  -0.69 278.43   2.12  -0.21  839.2380  5.3550  0.22   1742   1742   1742
  4.000  631.3080  2.0640  -0.61 275.69   2.15  -0.14  797.1510  5.1560  0.03   1742   1742   1742
  4.500  593.2580  2.1250  -0.55 272.74   2.17  -0.17  757.3270  4.8730 -0.01   1742   1742   1742
  5.000  557.0760  2.1900  -0.46 269.62   2.23  -0.21  719.4410  4.6430  0.00   1741   1741   1741
  5.500  522.7250  2.2440  -0.43 266.37   2.25  -0.22  683.3700  4.3620 -0.03   1741   1741   1741
  6.000  490.1310  2.3080  -0.42 262.99   2.24  -0.23  649.0510  4.0110 -0.06   1740   1740   1740
  6.500  459.1100  2.3210  -0.44 259.45   2.27  -0.20  616.3000  3.8120 -0.08   1738   1738   1738
  7.000  429.7350  2.3440  -0.41 255.82   2.30  -0.17  585.0760  3.6080 -0.12   1737   1737   1737
  7.500  401.9740  2.3620  -0.43 252.15   2.37  -0.16  555.2910  3.5200 -0.18   1737   1737   1737
  8.000  375.3890  2.4280  -0.36 248.38   2.44  -0.07  526.4410  3.3670 -0.30   1735   1735   1735
  8.500  350.2470  2.4470  -0.32 244.58   2.54   0.01  498.8370  3.3090 -0.42   1733   1733   1733
  9.000  326.4920  2.4590  -0.29 240.75   2.66   0.11  472.4210  3.2510 -0.54   1731   1731   1731
  9.500  304.0940  2.4490  -0.26 236.91   2.78   0.19  447.1450  3.2940 -0.73   1730   1730   1730
 10.000  282.7730  2.5340  -0.21 233.13   2.91   0.25  422.5490  3.3260 -0.84   1728   1728   1728
 10.500  262.6630  2.5850  -0.14 229.42   3.01   0.26  398.8590  3.3780 -0.87   1727   1727   1727
 11.000  243.7670  2.6180  -0.08 225.88   3.16   0.21  375.9780  3.5980 -0.84   1727   1727   1727
 11.500  225.9020  2.5590  -0.05 222.47   3.26   0.13  353.7690  3.7830 -0.86   1723   1723   1723
 12.000  209.1610  2.5070   0.00 219.29   3.29   0.02  332.3140  3.9650 -0.68   1722   1722   1722
 12.500  193.4830  2.4650   0.05 216.36   3.25  -0.08  311.5690  4.2090 -0.58   1720   1720   1720
 13.000  178.7450  2.3450   0.05 213.67   3.13  -0.20  291.4690  4.3510 -0.45   1717   1717   1717
 13.500  164.9920  2.2230   0.05 211.18   2.98  -0.28  272.2100  4.4240 -0.39   1717   1717   1717
 14.000  152.1800  2.0820   0.05 208.89   2.76  -0.22  253.8240  4.4380 -0.27   1715   1715   1715
 14.500  140.2230  1.9460   0.07 206.82   2.56  -0.15  236.2280  4.4930 -0.11   1713   1713   1713
 15.000  129.1010  1.7800   0.09 204.91   2.53  -0.10  219.5230  4.5330  0.01   1710   1710   1710
 15.500  118.7840  1.6040   0.11 203.16   2.64  -0.12  203.7340  4.5200  0.05   1707   1707   1707
 16.000  109.2230  1.4280   0.13 201.60   2.78  -0.00  188.7910  4.3900  0.06   1700   1700   1700
 16.500  100.3810  1.2440   0.16 200.47   2.91   0.27  174.4900  4.1230 -0.06   1698   1698   1698
 17.000   92.2040  1.0860   0.20 199.91   3.16   0.34  160.7310  3.8940 -0.08   1690   1690   1690
 17.500   84.6840  0.9350   0.24 199.84   3.30   0.32  147.6770  3.5760 -0.04   1683   1683   1683
 18.000   77.7890  0.8020   0.27 200.39   3.43   0.15  135.2850  3.2410  0.06   1678   1678   1678
 18.500   71.4800  0.6910   0.29 201.58   3.34  -0.05  123.5700  2.7890  0.22   1673   1673   1673
 19.000   65.7310  0.5990   0.31 203.27   3.20  -0.16  112.6870  2.3480  0.34   1664   1664   1664
 19.500   60.4850  0.5320   0.32 205.20   3.01  -0.23  102.7100  1.9060  0.40   1661   1661   1661
 20.000   55.6980  0.4830   0.38 206.95   2.74  -0.24   93.7740  1.5240  0.37   1657   1657   1657
 20.500   51.3160  0.4460   0.46 208.36   2.48  -0.18   85.8090  1.2190  0.29   1649   1649   1649
 21.000   47.3240  0.4170   0.56 209.69   2.38   0.04   78.6290  1.0230  0.10   1642   1642   1642
 21.500   43.6560  0.3910   0.60 211.05   2.37   0.17   72.0680  0.8990 -0.00   1637   1637   1637
 22.000   40.2890  0.3710   0.67 212.36   2.36   0.24   66.0970  0.7990 -0.06   1632   1632   1632
 22.500   37.2050  0.3530   0.74 213.62   2.35   0.26   60.6770  0.7110  0.05   1628   1628   1628
 23.000   34.3700  0.3380   0.79 214.84   2.30   0.22   55.7350  0.6260  0.08   1624   1624   1624
 23.500   31.7630  0.3230   0.83 216.03   2.26   0.07   51.2220  0.5630  0.09   1620   1620   1620
 24.000   29.3790  0.3080   0.80 217.26   2.21   0.01   47.1100  0.5130  0.08   1609   1609   1609
 24.500   27.1760  0.2970   0.86 218.45   2.25   0.01   43.3390  0.4800  0.07   1601   1601   1601
 25.000   25.1460  0.2820   0.87 219.61   2.26  -0.17   39.8900  0.4530  0.14   1589   1589   1589
 25.500   23.2810  0.2680   0.87 220.77   2.25  -0.20   36.7380  0.4260  0.12   1567   1567   1567
 26.000   21.5620  0.2550   0.85 221.92   2.20  -0.21   33.8470  0.4030  0.16   1558   1558   1558
 26.500   19.9820  0.2360   0.87 223.07   2.23  -0.17   31.2050  0.3750  0.16   1537   1537   1537
 27.000   18.5260  0.2310   0.87 224.15   2.23  -0.27   28.7910  0.3580  0.23   1513   1513   1513
 27.500   17.1760  0.2180   0.77 225.23   2.31  -0.32   26.5650  0.3340  0.20   1468   1468   1468
 28.000   15.9340  0.2070   0.77 226.30   2.35  -0.38   24.5270  0.3160  0.20   1415   1415   1415
 28.500   14.7850  0.1960   0.81 227.33   2.41  -0.44   22.6560  0.3030  0.29   1336   1336   1336
 29.000   13.7250  0.1860   0.85 228.41   2.40  -0.50   20.9310  0.2840  0.40   1214   1214   1214
 29.500   12.7510  0.1800   0.86 229.51   2.50  -0.35   19.3530  0.2740  0.39    978    978    978
 30.000   11.8720  0.1980   0.81 230.63   2.60   0.09   17.9310  0.3020  0.37    442    442    442
     T A B L E  II -   5.  T H E R M O D Y N A M I C  S T A T I S T I C A L  P A R A M E T E R S
                                       May
 Station =   911650     Barking Sands, Hawaii (Lihue)
    Z      MEAN P   SD P   SKEWP  MEAN T  SD T  SKEWT    MEAN D   SD D  SKEWD  NOBSP  NOBST  NOBSD
    KM       MB       MB             K      K             G/M3    G/M3                           
  0.000 1020.0000  5.0000   0.00 290.00   5.00   0.00 1221.0000 25.0000  0.00    100    100    100
  0.036 1013.9640  2.7210  -1.76 297.31   2.24  -0.12 1179.3260  9.7260  0.08   1535   1535   1535
  0.500  960.9220  2.1050  -0.66 292.83   1.20  -0.04 1135.4520  6.0510  0.40   1659   1659   1659
  1.000  906.5240  2.0130  -0.71 289.19   1.32  -0.14 1085.8290  6.0250  0.30   1756   1756   1756
  1.500  854.6130  1.9350  -0.76 286.32   1.62   0.09 1034.8270  6.2450  0.17   1787   1787   1787
  2.000  805.1610  1.9300  -0.75 284.77   2.21   0.24  981.7070  7.0050  0.11   1794   1794   1794
  2.500  758.3520  1.9260  -0.69 283.66   2.19  -0.14  929.3820  6.2660  0.30   1794   1794   1794
  3.000  714.0080  1.9340  -0.61 281.87   2.05  -0.28  881.1270  5.5140  0.33   1794   1794   1794
  3.500  671.9350  1.9540  -0.52 279.49   1.98  -0.22  836.5640  5.0690  0.13   1795   1795   1795
  4.000  631.9940  1.9700  -0.47 276.79   1.98  -0.31  794.6710  4.8450  0.18   1795   1795   1795
  4.500  594.0800  1.9920  -0.44 273.96   2.02  -0.33  754.8670  4.6450  0.20   1795   1795   1795
  5.000  558.0490  2.0460  -0.41 270.96   2.07  -0.36  717.0450  4.4400  0.28   1795   1795   1795
  5.500  523.8090  2.0910  -0.40 267.77   2.13  -0.34  681.1170  4.2430  0.27   1795   1795   1795
  6.000  491.3310  2.1410  -0.39 264.49   2.18  -0.35  646.8910  4.0240  0.28   1793   1793   1793
  6.500  460.4140  2.1540  -0.36 261.10   2.24  -0.39  614.0930  3.8260  0.29   1793   1793   1793
  7.000  431.1230  2.1730  -0.33 257.59   2.29  -0.41  582.9110  3.5990  0.31   1793   1793   1793
  7.500  403.4190  2.1780  -0.34 253.98   2.31  -0.42  553.2350  3.4120  0.25   1792   1792   1792
  8.000  376.9140  2.2610  -0.33 250.23   2.33  -0.40  524.6560  3.1710  0.14   1792   1792   1792
  8.500  351.8160  2.3020  -0.34 246.41   2.34  -0.38  497.3430  2.9920 -0.00   1792   1792   1792
  9.000  328.0960  2.3140  -0.37 242.53   2.35  -0.35  471.2490  2.8240 -0.22   1792   1792   1792
  9.500  305.7280  2.3100  -0.38 238.61   2.34  -0.34  446.3410  2.7170 -0.52   1789   1789   1789
 10.000  284.4830  2.3780  -0.41 234.70   2.32  -0.29  422.2560  2.6190 -0.87   1789   1789   1789
 10.500  264.4010  2.4190  -0.42 230.78   2.29  -0.24  399.1110  2.5560 -1.08   1787   1787   1787
 11.000  245.5120  2.4540  -0.39 226.92   2.28  -0.25  376.9040  2.6600 -1.02   1785   1785   1785
 11.500  227.5230  2.3490  -0.37 223.14   2.24  -0.23  355.2140  2.7420 -1.00   1784   1784   1784
 12.000  210.6840  2.2690  -0.34 219.47   2.18  -0.11  334.4230  2.9090 -0.98   1782   1782   1782
 12.500  194.9190  2.2020  -0.31 215.99   2.20  -0.01  314.4000  3.2250 -0.88   1780   1780   1780
 13.000  180.0290  2.0440  -0.32 212.81   2.29   0.14  294.7230  3.5050 -0.77   1779   1779   1779
 13.500  166.1260  1.9170  -0.33 210.03   2.36   0.28  275.5670  3.8480 -0.66   1778   1778   1778
 14.000  153.1550  1.7840  -0.31 207.67   2.51   0.23  256.9490  4.1810 -0.49   1777   1777   1777
 14.500  141.0730  1.6550  -0.28 205.76   2.59   0.13  238.8870  4.3760 -0.35   1774   1774   1774
 15.000  129.8390  1.4990  -0.24 204.20   2.68   0.06  221.5550  4.3490 -0.31   1772   1772   1772
 15.500  119.4360  1.3450  -0.19 202.92   2.75   0.05  205.0910  4.1850 -0.22   1771   1771   1771
 16.000  109.8180  1.1910  -0.16 201.90   2.85   0.13  189.5310  3.9650 -0.19   1767   1767   1767
 16.500  100.9400  1.0440  -0.12 201.26   2.97   0.16  174.7710  3.7240 -0.12   1761   1761   1761
 17.000   92.7630  0.9170  -0.09 201.16   3.16   0.10  160.6950  3.4790 -0.05   1756   1756   1756
 17.500   85.2520  0.8010  -0.05 201.51   3.29  -0.01  147.4330  3.1610  0.02   1753   1753   1753
 18.000   78.3720  0.7070  -0.03 202.33   3.07  -0.24  134.9720  2.6660  0.20   1748   1748   1748
 18.500   72.0770  0.6320   0.02 203.55   2.88  -0.33  123.3850  2.2120  0.28   1743   1743   1743
 19.000   66.3290  0.5740   0.12 204.94   2.63  -0.21  112.7660  1.7820  0.15   1737   1737   1737
 19.500   61.0690  0.5290   0.22 206.31   2.38  -0.06  103.1310  1.4430 -0.01   1733   1733   1733
 20.000   56.2590  0.4930   0.31 207.71   2.20   0.12   94.3670  1.1670 -0.16   1727   1727   1727
 20.500   51.8550  0.4650   0.38 209.16   2.06   0.16   86.3740  0.9750 -0.08   1725   1725   1725
 21.000   47.8300  0.4410   0.46 210.57   1.97   0.24   79.1360  0.8460 -0.16   1723   1723   1723
 21.500   44.1370  0.4180   0.52 211.92   1.90   0.23   72.5590  0.7560 -0.12   1717   1717   1717
 22.000   40.7490  0.3960   0.58 213.32   1.90   0.34   66.5490  0.7060 -0.07   1714   1714   1714
 22.500   37.6440  0.3750   0.62 214.61   1.90   0.15   61.1070  0.6500  0.13   1710   1710   1710
 23.000   34.7880  0.3550   0.66 215.86   1.87   0.21   56.1450  0.5840  0.19   1706   1706   1706
 23.500   32.1610  0.3370   0.69 217.17   1.86   0.20   51.5920  0.5370  0.17   1700   1700   1700
 24.000   29.7580  0.3130   0.63 218.39   1.91   0.12   47.4700  0.4950  0.15   1687   1687   1687
 24.500   27.5390  0.3040   0.71 219.57   1.89   0.17   43.6940  0.4710  0.18   1681   1681   1681
 25.000   25.4940  0.2880   0.74 220.73   1.93   0.28   40.2360  0.4460  0.14   1673   1673   1673
 25.500   23.6120  0.2720   0.76 221.86   1.90   0.23   37.0740  0.4160  0.17   1661   1661   1661
 26.000   21.8740  0.2570   0.79 222.96   1.88   0.22   34.1770  0.3890  0.19   1641   1641   1641
 26.500   20.2710  0.2400   0.85 224.05   1.88   0.12   31.5180  0.3670  0.20   1628   1628   1628
 27.000   18.8050  0.2270   0.84 225.06   1.87   0.11   29.1070  0.3520  0.16   1595   1595   1595
 27.500   17.4420  0.2140   0.86 226.07   1.89   0.22   26.8770  0.3290  0.16   1544   1544   1544
 28.000   16.1840  0.2030   0.90 227.04   1.91   0.26   24.8320  0.3090  0.17   1490   1490   1490
 28.500   15.0200  0.1900   0.96 227.92   1.96   0.30   22.9560  0.2880  0.16   1404   1404   1404
 29.000   13.9460  0.1780   0.91 228.77   1.97   0.21   21.2350  0.2720  0.14   1239   1239   1239
 29.500   12.9590  0.1730   0.95 229.67   2.02   0.33   19.6550  0.2620  0.18    990    990    990
 30.000   12.0650  0.1880   0.93 230.43   2.24   0.16   18.2390  0.2730  0.25    467    467    467
     T A B L E  II -   6.  T H E R M O D Y N A M I C  S T A T I S T I C A L  P A R A M E T E R S
                                      June
 Station =   911650     Barking Sands, Hawaii (Lihue)
    Z      MEAN P   SD P   SKEWP  MEAN T  SD T  SKEWT    MEAN D   SD D  SKEWD  NOBSP  NOBST  NOBSD
    KM       MB       MB             K      K             G/M3    G/M3                           
  0.000 1020.0000  5.0000   0.00 290.00   5.00   0.00 1221.0000 25.0000  0.00    100    100    100
  0.036 1014.0050  1.9600  -0.60 298.45   1.80   0.31 1173.1121  7.6500 -0.31   1316   1316   1316
  0.500  960.9830  1.6670  -0.10 293.72   0.92   0.73 1130.6479  4.2480 -0.49   1440   1440   1440
  1.000  906.7300  1.5600  -0.03 290.05   0.93   0.44 1081.7030  4.1610 -0.41   1535   1535   1535
  1.500  854.9940  1.4540  -0.05 287.14   1.20   0.52 1031.3740  4.6240 -0.30   1551   1551   1551
  2.000  805.6760  1.4150  -0.03 285.56   1.91   0.54  978.8830  5.8190 -0.24   1556   1556   1556
  2.500  758.9780  1.4220  -0.03 284.57   2.14  -0.06  926.9040  5.9750  0.21   1556   1556   1556
  3.000  714.7360  1.4610   0.02 282.88   2.05  -0.26  878.7910  5.5370  0.36   1556   1556   1556
  3.500  672.7580  1.4960  -0.05 280.50   2.01  -0.23  834.5250  5.1930  0.25   1556   1556   1556
  4.000  632.8820  1.5400  -0.07 277.70   2.03  -0.39  793.1940  5.0210  0.38   1556   1556   1556
  4.500  595.0200  1.5860  -0.14 274.74   2.10  -0.53  753.8940  4.8840  0.52   1556   1556   1556
  5.000  559.0500  1.6680  -0.16 271.67   2.20  -0.66  716.4340  4.8210  0.62   1556   1556   1556
  5.500  524.8430  1.7390  -0.22 268.42   2.28  -0.62  680.7940  4.6650  0.56   1556   1556   1556
  6.000  492.3760  1.8210  -0.27 265.11   2.33  -0.62  646.7210  4.4560  0.56   1556   1556   1556
  6.500  461.4450  1.8520  -0.32 261.67   2.35  -0.56  614.1340  4.2040  0.46   1555   1555   1555
  7.000  432.1270  1.9100  -0.37 258.11   2.38  -0.53  583.0790  3.9440  0.37   1554   1554   1554
  7.500  404.3850  1.9600  -0.42 254.46   2.39  -0.54  553.5140  3.6800  0.32   1554   1554   1554
  8.000  377.9070  2.0650  -0.48 250.72   2.41  -0.55  525.0090  3.4140  0.29   1554   1554   1554
  8.500  352.8030  2.1390  -0.51 246.91   2.43  -0.52  497.7120  3.1750  0.26   1554   1554   1554
  9.000  329.0340  2.1920  -0.54 243.03   2.43  -0.53  471.6060  2.9450  0.20   1553   1553   1553
  9.500  306.6060  2.2180  -0.56 239.11   2.40  -0.48  446.6880  2.7090 -0.01   1549   1549   1549
 10.000  285.3480  2.2730  -0.55 235.21   2.36  -0.44  422.6060  2.5160 -0.14   1548   1548   1548
 10.500  265.2650  2.3110  -0.54 231.33   2.29  -0.38  399.4630  2.3730 -0.32   1547   1547   1547
 11.000  246.3960  2.3590  -0.48 227.49   2.21  -0.30  377.3120  2.4250 -0.67   1546   1546   1546
 11.500  228.3800  2.2560  -0.41 223.72   2.09  -0.28  355.6260  2.5270 -1.05   1546   1546   1546
 12.000  211.5220  2.1740  -0.34 220.05   2.00  -0.25  334.8760  2.7360 -1.31   1545   1545   1545
 12.500  195.7440  2.1150  -0.26 216.59   1.98  -0.17  314.8490  3.1390 -1.32   1542   1542   1542
 13.000  180.8160  1.9530  -0.23 213.43   2.09   0.04  295.1570  3.5530 -1.28   1542   1542   1542
 13.500  166.8820  1.8030  -0.19 210.61   2.26   0.32  276.0640  3.9790 -1.12   1542   1542   1542
 14.000  153.8830  1.6550  -0.15 208.20   2.52   0.54  257.5250  4.3490 -0.87   1541   1541   1541
 14.500  141.7740  1.5080  -0.09 206.36   2.83   0.47  239.3910  4.6970 -0.55   1540   1540   1540
 15.000  130.5220  1.3400  -0.05 204.96   3.14   0.35  221.9140  4.7980 -0.32   1540   1540   1540
 15.500  120.1050  1.1670  -0.02 203.95   3.36   0.16  205.2180  4.6290 -0.14   1538   1538   1538
 16.000  110.4840  1.0050  -0.01 203.20   3.41   0.15  189.4840  4.2330 -0.07   1533   1533   1533
 16.500  101.6090  0.8670  -0.02 202.77   3.31  -0.03  174.6260  3.7010  0.09   1533   1533   1533
 17.000   93.4370  0.7450   0.00 202.74   3.11  -0.22  160.5980  3.1330  0.20   1520   1520   1520
 17.500   85.9240  0.6570   0.04 202.95   2.89  -0.38  147.5220  2.6050  0.26   1520   1520   1520
 18.000   79.0290  0.5890   0.07 203.42   2.55  -0.33  135.3630  2.0860  0.20   1517   1517   1517
 18.500   72.7090  0.5360   0.11 204.23   2.31  -0.34  124.0430  1.7070  0.17   1516   1516   1516
 19.000   66.9250  0.4920   0.13 205.38   2.06  -0.29  113.5330  1.3870  0.13   1513   1513   1513
 19.500   61.6290  0.4570   0.15 206.67   1.88  -0.13  103.8890  1.1560  0.02   1510   1510   1510
 20.000   56.7800  0.4240   0.17 208.06   1.77  -0.08   95.0780  0.9940 -0.03   1509   1509   1509
 20.500   52.3420  0.3960   0.17 209.46   1.66   0.04   87.0570  0.8750 -0.02   1501   1501   1501
 21.000   48.2820  0.3690   0.15 210.84   1.57  -0.15   79.7790  0.7770 -0.02   1495   1495   1495
 21.500   44.5570  0.3440   0.16 212.20   1.58   0.02   73.1500  0.7080 -0.05   1493   1493   1493
 22.000   41.1400  0.3210   0.17 213.52   1.61   0.09   67.1250  0.6540 -0.02   1489   1489   1489
 22.500   38.0070  0.3010   0.18 214.76   1.62   0.15   61.6550  0.5940 -0.07   1487   1487   1487
 23.000   35.1250  0.2820   0.20 216.03   1.66   0.21   56.6420  0.5430 -0.06   1483   1483   1483
 23.500   32.4740  0.2650   0.27 217.25   1.64   0.25   52.0730  0.5030  0.03   1479   1479   1479
 24.000   30.0390  0.2410   0.35 218.44   1.69   0.25   47.9060  0.4670  0.04   1470   1470   1470
 24.500   27.8100  0.2340   0.31 219.57   1.68   0.25   44.1240  0.4350  0.01   1465   1465   1465
 25.000   25.7460  0.2200   0.36 220.63   1.72   0.23   40.6520  0.4050  0.03   1459   1459   1459
 25.500   23.8450  0.2080   0.41 221.66   1.74   0.10   37.4750  0.3790  0.03   1450   1450   1450
 26.000   22.0910  0.1960   0.45 222.65   1.76   0.14   34.5650  0.3510  0.01   1438   1438   1438
 26.500   20.4700  0.1860   0.46 223.67   1.77   0.14   31.8820  0.3310  0.03   1425   1425   1425
 27.000   18.9870  0.1720   0.49 224.60   1.79   0.06   29.4490  0.3050  0.03   1389   1389   1389
 27.500   17.6070  0.1610   0.49 225.48   1.84   0.21   27.2010  0.2820 -0.02   1372   1372   1372
 28.000   16.3340  0.1520   0.50 226.37   1.87   0.24   25.1340  0.2620  0.00   1326   1326   1326
 28.500   15.1550  0.1400   0.48 227.19   1.86   0.15   23.2360  0.2450  0.06   1242   1242   1242
 29.000   14.0660  0.1330   0.49 228.00   1.87   0.17   21.4900  0.2280 -0.02   1101   1101   1101
 29.500   13.0590  0.1200   0.35 228.84   2.00   0.13   19.8790  0.2160 -0.13    858    858    858
 30.000   12.1150  0.1200  -0.24 229.53   2.27   0.23   18.3870  0.2150 -0.32    293    293    293
     T A B L E  II -   7.  T H E R M O D Y N A M I C  S T A T I S T I C A L  P A R A M E T E R S
                                      July
 Station =   911650     Barking Sands, Hawaii (Lihue)
    Z      MEAN P   SD P   SKEWP  MEAN T  SD T  SKEWT    MEAN D   SD D  SKEWD  NOBSP  NOBST  NOBSD
    KM       MB       MB             K      K             G/M3    G/M3                           
  0.000 1020.0000  5.0000   0.00 290.00   5.00   0.00 1221.0000 25.0000  0.00    100    100    100
  0.036 1013.5430  1.7880  -0.17 299.02   1.84   0.23 1171.2550  8.1680 -0.02   1483   1483   1483
  0.500  960.6810  1.5600  -0.01 294.28   1.00   0.82 1128.7990  5.4810 -0.07   1605   1605   1605
  1.000  906.5860  1.4830   0.13 290.61   1.01   0.51 1079.9160  5.0040 -0.35   1711   1711   1711
  1.500  854.9720  1.4070   0.26 287.73   1.33   0.75 1029.7130  5.2740 -0.50   1730   1730   1730
  2.000  805.7770  1.4000   0.33 286.16   2.04   0.39  977.3150  6.3590 -0.22   1742   1742   1742
  2.500  759.1570  1.4360   0.33 284.92   1.95  -0.03  926.0400  5.5930  0.12   1741   1741   1741
  3.000  714.9720  1.4570   0.28 283.03   1.86  -0.01  878.6030  5.1280  0.07   1742   1742   1742
  3.500  673.0150  1.4630   0.24 280.59   1.90  -0.01  834.5860  5.1630  0.07   1742   1742   1742
  4.000  633.1570  1.4680   0.17 277.95   1.93  -0.20  792.8380  5.0440  0.26   1742   1742   1742
  4.500  595.3150  1.4710   0.05 275.16   1.90  -0.16  753.1410  4.7150  0.20   1742   1742   1742
  5.000  559.3820  1.5000  -0.07 272.16   1.91  -0.21  715.5850  4.4050  0.22   1742   1742   1742
  5.500  525.2170  1.5280  -0.12 268.97   1.88  -0.18  679.9030  4.0280  0.24   1741   1741   1741
  6.000  492.7890  1.5720  -0.14 265.68   1.87  -0.24  645.8860  3.7500  0.35   1740   1740   1740
  6.500  461.8960  1.5780  -0.19 262.25   1.88  -0.27  613.3500  3.5280  0.38   1739   1739   1739
  7.000  432.6270  1.5930  -0.20 258.73   1.89  -0.29  582.3490  3.2800  0.38   1739   1739   1739
  7.500  404.9200  1.6210  -0.20 255.11   1.92  -0.28  552.8140  3.1070  0.32   1739   1739   1739
  8.000  378.4930  1.6940  -0.24 251.39   1.98  -0.27  524.4060  2.9810  0.32   1739   1739   1739
  8.500  353.4400  1.7450  -0.27 247.63   2.00  -0.29  497.1470  2.8060  0.36   1739   1739   1739
  9.000  329.7410  1.7780  -0.25 243.83   1.99  -0.22  471.0590  2.5950  0.21   1739   1739   1739
  9.500  307.3440  1.7760  -0.24 239.97   1.97  -0.16  446.1430  2.3970  0.05   1739   1739   1739
 10.000  286.1280  1.8040  -0.25 236.08   1.96  -0.15  422.2000  2.2650 -0.09   1737   1737   1737
 10.500  266.0750  1.8240  -0.27 232.18   1.93  -0.12  399.2160  2.1880 -0.26   1736   1736   1736
 11.000  247.2080  1.8550  -0.27 228.32   1.92  -0.13  377.1830  2.2030 -0.55   1736   1736   1736
 11.500  229.1700  1.8000  -0.22 224.48   1.89  -0.12  355.6440  2.2410 -0.65   1735   1735   1735
 12.000  212.2900  1.7550  -0.20 220.74   1.84  -0.08  335.0320  2.3630 -0.76   1734   1734   1734
 12.500  196.5100  1.7250  -0.15 217.19   1.82  -0.00  315.2010  2.6510 -0.81   1734   1734   1734
 13.000  181.5490  1.5900  -0.04 213.96   1.84   0.08  295.6110  2.9440 -0.79   1731   1731   1731
 13.500  167.5860  1.4710  -0.01 211.05   2.02   0.28  276.6520  3.3480 -0.77   1730   1730   1730
 14.000  154.5520  1.3600   0.03 208.66   2.23   0.46  258.0670  3.7390 -0.55   1727   1727   1727
 14.500  142.4170  1.2350  -0.04 206.73   2.49   0.28  240.0280  4.0310 -0.27   1723   1723   1723
 15.000  131.1290  1.0910  -0.03 205.24   2.74   0.14  222.6200  4.0780 -0.10   1721   1721   1721
 15.500  120.6760  0.9490  -0.03 204.07   2.85   0.06  206.0580  3.8830  0.03   1719   1719   1719
 16.000  111.0220  0.8240  -0.00 203.38   2.85   0.02  190.2170  3.4600  0.11   1715   1715   1715
 16.500  102.1160  0.7200   0.02 203.14   2.62  -0.05  175.1490  2.8700  0.16   1710   1710   1710
 17.000   93.9230  0.6370   0.06 203.28   2.36  -0.13  160.9810  2.2930  0.21   1701   1701   1701
 17.500   86.3940  0.5780   0.07 203.65   2.12  -0.21  147.8040  1.8290  0.23   1696   1696   1696
 18.000   79.4900  0.5370   0.16 204.37   1.96  -0.13  135.5120  1.4830  0.12   1694   1694   1694
 18.500   73.1630  0.5050   0.26 205.28   1.86  -0.03  124.1700  1.2590  0.02   1693   1693   1693
 19.000   67.3740  0.4770   0.36 206.43   1.79   0.08  113.7070  1.0960  0.04   1686   1686   1686
 19.500   62.0690  0.4510   0.43 207.67   1.80   0.12  104.1270  1.0160  0.01   1682   1682   1682
 20.000   57.2090  0.4280   0.50 208.92   1.76   0.27   95.3970  0.8990  0.09   1680   1680   1680
 20.500   52.7530  0.4060   0.58 210.21   1.72   0.34   87.4270  0.7920  0.20   1679   1679   1679
 21.000   48.6790  0.3910   0.64 211.48   1.73   0.41   80.1910  0.7080  0.20   1672   1672   1672
 21.500   44.9340  0.3720   0.69 212.70   1.73   0.44   73.5960  0.6430  0.23   1671   1671   1671
 22.000   41.4950  0.3550   0.73 213.91   1.77   0.38   67.5810  0.6050  0.20   1666   1666   1666
 22.500   38.3400  0.3390   0.77 215.03   1.77   0.38   62.1160  0.5640  0.22   1664   1664   1664
 23.000   35.4360  0.3220   0.83 216.14   1.79   0.48   57.1150  0.5220  0.23   1661   1661   1661
 23.500   32.7620  0.3070   0.85 217.19   1.74   0.50   52.5500  0.4760  0.30   1655   1655   1655
 24.000   30.2990  0.2900   0.93 218.21   1.74   0.28   48.3710  0.4550  0.33   1647   1647   1647
 24.500   28.0540  0.2760   0.95 219.18   1.74   0.31   44.5880  0.4330  0.37   1628   1628   1628
 25.000   25.9670  0.2620   0.95 220.11   1.76   0.35   41.0980  0.4060  0.45   1617   1617   1617
 25.500   24.0440  0.2470   0.93 221.02   1.77   0.26   37.8960  0.3830  0.49   1603   1603   1603
 26.000   22.2680  0.2310   0.90 221.97   1.79   0.06   34.9490  0.3640  0.51   1584   1584   1584
 26.500   20.6300  0.2200   0.86 222.90   1.83   0.01   32.2410  0.3410  0.48   1572   1572   1572
 27.000   19.1290  0.2080   0.93 223.80   1.83  -0.00   29.7760  0.3250  0.54   1519   1519   1519
 27.500   17.7320  0.1950   0.89 224.68   1.94  -0.02   27.4930  0.3120  0.52   1491   1491   1491
 28.000   16.4440  0.1820   0.87 225.54   1.99  -0.00   25.3980  0.2940  0.46   1432   1432   1432
 28.500   15.2540  0.1710   0.85 226.31   1.96  -0.16   23.4800  0.2650  0.57   1343   1343   1343
 29.000   14.1530  0.1630   0.82 227.05   2.03  -0.17   21.7140  0.2480  0.54   1193   1193   1193
 29.500   13.1410  0.1480   0.76 227.86   1.97   0.07   20.0900  0.2280  0.39    895    895    895
 30.000   12.2290  0.1630   0.78 228.68   2.17  -0.01   18.6280  0.2490  0.34    396    396    396
     T A B L E  II -   8.  T H E R M O D Y N A M I C  S T A T I S T I C A L  P A R A M E T E R S
                                    August
 Station =   911650     Barking Sands, Hawaii (Lihue)
    Z      MEAN P   SD P   SKEWP  MEAN T  SD T  SKEWT    MEAN D   SD D  SKEWD  NOBSP  NOBST  NOBSD
    KM       MB       MB             K      K             G/M3    G/M3                           
  0.000 1020.0000  5.0000   0.00 290.00   5.00   0.00 1221.0000 25.0000  0.00    100    100    100
  0.036 1012.9490  1.7670  -0.43 299.29   1.80   0.26 1167.9930  7.7290 -0.29   1352   1352   1352
  0.500  960.0590  1.6470  -0.39 294.67   0.97   0.97 1125.3710  4.6850 -0.87   1492   1492   1492
  1.000  906.0760  1.4950  -0.33 291.03   1.05   0.82 1076.8750  4.8940 -0.78   1609   1609   1609
  1.500  854.5810  1.3520  -0.24 288.11   1.33   0.69 1027.0620  5.2920 -0.55   1632   1632   1632
  2.000  805.4470  1.2930  -0.16 286.45   1.93   0.41  975.2640  6.1460 -0.20   1640   1640   1640
  2.500  758.8960  1.2900  -0.09 285.27   1.99  -0.12  924.1830  5.7400  0.24   1641   1641   1641
  3.000  714.7740  1.3280  -0.09 283.38   1.83  -0.31  877.0050  4.9590  0.38   1641   1641   1641
  3.500  672.8770  1.3530  -0.16 280.94   1.76  -0.11  833.1670  4.5550  0.08   1641   1641   1641
  4.000  633.0850  1.3730  -0.25 278.27   1.70  -0.11  791.6500  4.2160  0.07   1641   1641   1641
  4.500  595.2900  1.3960  -0.32 275.45   1.67  -0.04  752.1980  3.9810 -0.01   1641   1641   1641
  5.000  559.4090  1.4210  -0.38 272.51   1.70  -0.10  714.6020  3.8280  0.03   1641   1641   1641
  5.500  525.3050  1.4460  -0.38 269.48   1.71  -0.21  678.6750  3.6030  0.12   1639   1639   1639
  6.000  492.9380  1.4650  -0.45 266.33   1.73  -0.24  644.4590  3.4140  0.15   1639   1639   1639
  6.500  462.1230  1.4730  -0.47 263.01   1.74  -0.28  611.8550  3.2130  0.18   1639   1639   1639
  7.000  432.9150  1.4960  -0.49 259.59   1.74  -0.33  580.7710  2.9840  0.19   1639   1639   1639
  7.500  405.2590  1.5200  -0.50 256.05   1.77  -0.35  551.2200  2.8470  0.09   1639   1639   1639
  8.000  378.9080  1.5830  -0.46 252.38   1.81  -0.33  522.8960  2.6930  0.03   1639   1639   1639
  8.500  353.9120  1.6510  -0.41 248.64   1.83  -0.27  495.7870  2.5260  0.05   1639   1639   1639
  9.000  330.2590  1.6860  -0.40 244.83   1.86  -0.26  469.8670  2.4290  0.07   1639   1639   1639
  9.500  307.8880  1.6890  -0.39 240.98   1.88  -0.20  445.0610  2.3020 -0.09   1639   1639   1639
 10.000  286.7210  1.7040  -0.42 237.06   1.91  -0.16  421.3160  2.2240 -0.19   1639   1639   1639
 10.500  266.7290  1.7210  -0.47 233.12   1.92  -0.14  398.5740  2.1240 -0.23   1638   1638   1638
 11.000  247.9310  1.7530  -0.50 229.21   1.91  -0.10  376.8160  2.0830 -0.25   1638   1638   1638
 11.500  229.9090  1.7030  -0.40 225.32   1.87  -0.11  355.4650  2.0310 -0.26   1638   1638   1638
 12.000  213.0370  1.6660  -0.37 221.50   1.80  -0.12  335.0620  2.1040 -0.47   1636   1636   1636
 12.500  197.2530  1.6520  -0.34 217.83   1.75  -0.12  315.4680  2.3530 -0.78   1636   1636   1636
 13.000  182.2380  1.5330  -0.30 214.40   1.70  -0.12  296.1120  2.5480 -0.87   1636   1636   1636
 13.500  168.2260  1.4230  -0.26 211.24   1.75  -0.03  277.4410  2.9030 -0.76   1635   1635   1635
 14.000  155.1480  1.3140  -0.22 208.46   1.92   0.12  259.2990  3.3110 -0.68   1635   1635   1635
 14.500  142.9520  1.1980  -0.18 206.10   2.21   0.28  241.6600  3.7060 -0.51   1635   1635   1635
 15.000  131.5900  1.0670  -0.19 204.27   2.52   0.29  224.4640  3.9010 -0.32   1634   1634   1634
 15.500  121.0530  0.9250  -0.18 202.96   2.76   0.24  207.8260  3.8780 -0.20   1634   1634   1634
 16.000  111.3110  0.7900  -0.17 202.22   2.78   0.14  191.8040  3.5160 -0.06   1633   1633   1633
 16.500  102.3320  0.6750  -0.19 201.97   2.60   0.10  176.5440  2.9370 -0.03   1631   1631   1631
 17.000   94.0780  0.5870  -0.17 202.27   2.33   0.10  162.0520  2.3350 -0.04   1623   1623   1623
 17.500   86.5060  0.5240  -0.16 202.90   2.11   0.07  148.5390  1.8670 -0.04   1622   1622   1622
 18.000   79.5720  0.4790  -0.14 203.79   1.92   0.05  136.0320  1.5100  0.05   1620   1620   1620
 18.500   73.2240  0.4410  -0.12 204.87   1.75  -0.04  124.5210  1.2380  0.10   1619   1619   1619
 19.000   67.4200  0.4140  -0.06 206.06   1.63   0.06  113.9860  1.0210 -0.02   1612   1612   1612
 19.500   62.1000  0.3900  -0.01 207.32   1.58   0.08  104.3510  0.8950 -0.09   1603   1603   1603
 20.000   57.2290  0.3670   0.03 208.57   1.56   0.12   95.5930  0.7890 -0.11   1600   1600   1600
 20.500   52.7620  0.3460   0.06 209.78   1.51   0.06   87.6240  0.7190 -0.02   1596   1596   1596
 21.000   48.6780  0.3300   0.08 210.95   1.55   0.05   80.3930  0.6740  0.04   1595   1595   1595
 21.500   44.9220  0.3120   0.10 212.10   1.56   0.06   73.7880  0.6150  0.00   1591   1591   1591
 22.000   41.4740  0.2960   0.11 213.20   1.57   0.01   67.7690  0.5620 -0.09   1584   1584   1584
 22.500   38.3060  0.2790   0.15 214.29   1.62  -0.01   62.2770  0.5190 -0.09   1574   1574   1574
 23.000   35.3950  0.2650   0.16 215.33   1.62  -0.01   57.2640  0.4820 -0.09   1569   1569   1569
 23.500   32.7140  0.2530   0.15 216.34   1.58  -0.10   52.6800  0.4380  0.03   1561   1561   1561
 24.000   30.2460  0.2370   0.24 217.29   1.63  -0.08   48.4920  0.4130  0.03   1555   1555   1555
 24.500   27.9960  0.2260   0.13 218.26   1.64  -0.06   44.6850  0.3860  0.05   1548   1548   1548
 25.000   25.9040  0.2150   0.10 219.17   1.71   0.08   41.1740  0.3640  0.04   1537   1537   1537
 25.500   23.9780  0.2020   0.08 220.07   1.75  -0.00   37.9570  0.3390  0.17   1525   1525   1525
 26.000   22.2030  0.1930   0.07 220.98   1.78   0.04   35.0010  0.3140  0.13   1518   1518   1518
 26.500   20.5620  0.1850   0.04 221.89   1.75   0.09   32.2810  0.2930  0.13   1509   1509   1509
 27.000   19.0610  0.1760   0.13 222.80   1.76   0.17   29.8040  0.2810  0.03   1470   1470   1470
 27.500   17.6640  0.1660   0.14 223.67   1.83   0.18   27.5100  0.2670  0.01   1445   1445   1445
 28.000   16.3760  0.1560   0.10 224.49   1.88   0.17   25.4120  0.2520  0.03   1392   1392   1392
 28.500   15.1850  0.1480   0.06 225.27   1.96   0.17   23.4810  0.2400 -0.05   1317   1317   1317
 29.000   14.0850  0.1390   0.01 226.06   1.97   0.14   21.7040  0.2220 -0.08   1172   1172   1172
 29.500   13.0700  0.1310   0.09 226.82   2.06   0.16   20.0730  0.2100 -0.09    888    888    888
 30.000   12.1250  0.1250  -0.00 227.60   2.20   0.54   18.5580  0.2000 -0.17    362    362    362
     T A B L E  II -   9.  T H E R M O D Y N A M I C  S T A T I S T I C A L  P A R A M E T E R S
                                 September
 Station =   911650     Barking Sands, Hawaii (Lihue)
    Z      MEAN P   SD P   SKEWP  MEAN T  SD T  SKEWT    MEAN D   SD D  SKEWD  NOBSP  NOBST  NOBSD
    KM       MB       MB             K      K             G/M3    G/M3                           
  0.000 1020.0000  5.0000   0.00 290.00   5.00   0.00 1221.0000 25.0000  0.00    100    100    100
  0.036 1012.0800  1.9830  -0.43 299.15   1.91   0.06 1167.8020  8.3190 -0.20   1180   1180   1180
  0.500  959.3040  1.7960  -0.44 294.79   0.95   0.60 1124.0380  4.8540 -0.69   1384   1384   1384
  1.000  905.3790  1.6290  -0.37 291.18   1.03   0.39 1075.4860  5.0300 -0.60   1505   1505   1505
  1.500  853.9430  1.4870  -0.28 288.25   1.28   0.60 1025.8590  5.3510 -0.63   1532   1532   1532
  2.000  804.8390  1.4100  -0.17 286.18   1.77   0.42  975.2440  5.9660 -0.34   1541   1541   1541
  2.500  758.2860  1.3760  -0.09 284.80   1.97  -0.15  924.7030  5.7960  0.22   1541   1541   1541
  3.000  714.1560  1.3750  -0.07 283.22   1.79  -0.40  876.6620  4.8600  0.45   1540   1540   1540
  3.500  672.2910  1.3840  -0.10 281.01   1.74  -0.20  832.2030  4.4780  0.34   1540   1540   1540
  4.000  632.5380  1.3990  -0.12 278.42   1.73  -0.06  790.5620  4.2470  0.20   1540   1540   1540
  4.500  594.8020  1.4110  -0.14 275.65   1.73  -0.11  751.0130  4.0410  0.17   1540   1540   1540
  5.000  558.9750  1.4440  -0.18 272.73   1.72  -0.25  713.4660  3.7750  0.23   1540   1540   1540
  5.500  524.9080  1.4810  -0.20 269.60   1.78  -0.32  677.8460  3.6630  0.25   1540   1540   1540
  6.000  492.5650  1.5200  -0.25 266.35   1.82  -0.51  643.9030  3.5020  0.38   1539   1539   1539
  6.500  461.7640  1.5500  -0.31 263.01   1.82  -0.51  611.3570  3.2580  0.28   1539   1539   1539
  7.000  432.5770  1.5900  -0.32 259.55   1.82  -0.53  580.4030  3.0060  0.28   1539   1539   1539
  7.500  404.9530  1.6090  -0.39 256.00   1.84  -0.53  550.9040  2.8400  0.28   1539   1539   1539
  8.000  378.6240  1.6760  -0.43 252.34   1.85  -0.42  522.5890  2.7110  0.22   1539   1539   1539
  8.500  353.6520  1.7240  -0.43 248.59   1.90  -0.37  495.5200  2.6670  0.17   1537   1537   1537
  9.000  330.0050  1.7400  -0.42 244.76   1.91  -0.39  469.6460  2.5680  0.13   1537   1537   1537
  9.500  307.6670  1.7270  -0.41 240.88   1.90  -0.35  444.9250  2.4220 -0.01   1536   1536   1536
 10.000  286.5130  1.7260  -0.44 236.98   1.87  -0.24  421.1530  2.2740 -0.23   1536   1536   1536
 10.500  266.5240  1.7340  -0.46 233.06   1.85  -0.19  398.3770  2.2160 -0.41   1535   1535   1535
 11.000  247.7210  1.7570  -0.47 229.18   1.80  -0.15  376.5360  2.2590 -0.59   1533   1533   1533
 11.500  229.7190  1.7010  -0.38 225.37   1.76  -0.10  355.0880  2.3220 -0.86   1532   1532   1532
 12.000  212.8610  1.6500  -0.34 221.63   1.72   0.00  334.5930  2.4890 -1.01   1532   1532   1532
 12.500  197.0790  1.6110  -0.29 218.04   1.71   0.17  314.8860  2.7800 -1.00   1532   1532   1532
 13.000  182.1040  1.4840  -0.21 214.68   1.75   0.22  295.5150  2.9210 -0.93   1532   1532   1532
 13.500  168.1260  1.3650  -0.14 211.53   1.84   0.13  276.9020  3.0760 -0.72   1531   1531   1531
 14.000  155.0640  1.2530  -0.09 208.66   1.99   0.12  258.9120  3.2370 -0.58   1530   1530   1530
 14.500  142.8740  1.1500  -0.04 206.08   2.13   0.12  241.5450  3.3440 -0.41   1527   1527   1527
 15.000  131.5040  1.0410  -0.01 203.88   2.24   0.10  224.7290  3.3420 -0.26   1525   1525   1525
 15.500  120.9410  0.9340   0.02 202.07   2.31   0.10  208.5300  3.2220 -0.16   1523   1523   1523
 16.000  111.1610  0.8270   0.05 200.86   2.39  -0.03  192.8230  3.0370  0.02   1520   1520   1520
 16.500  102.1300  0.7330  -0.00 200.26   2.45  -0.17  177.6930  2.7740  0.17   1519   1519   1519
 17.000   93.8230  0.6540  -0.03 200.47   2.41  -0.15  163.0660  2.4080  0.28   1513   1513   1513
 17.500   86.2070  0.5890  -0.07 201.27   2.27  -0.14  149.2310  2.0460  0.26   1510   1510   1510
 18.000   79.2470  0.5350  -0.11 202.43   2.14  -0.09  136.3960  1.7100  0.12   1507   1507   1507
 18.500   72.8860  0.4940  -0.12 203.73   1.96   0.01  124.6420  1.4090  0.02   1505   1505   1505
 19.000   67.0790  0.4600  -0.13 205.10   1.83   0.06  113.9460  1.1890  0.03   1502   1502   1502
 19.500   61.7670  0.4290  -0.13 206.46   1.78   0.01  104.2290  1.0530  0.05   1499   1499   1499
 20.000   56.9050  0.4030  -0.13 207.79   1.70   0.04   95.4080  0.9070 -0.02   1496   1496   1496
 20.500   52.4500  0.3790  -0.13 209.11   1.62  -0.00   87.3810  0.7970  0.03   1496   1496   1496
 21.000   48.3740  0.3580  -0.12 210.36   1.55  -0.10   80.1140  0.7160  0.06   1490   1490   1490
 21.500   44.6340  0.3360  -0.13 211.59   1.58  -0.12   73.4900  0.6690  0.08   1485   1485   1485
 22.000   41.2000  0.3170  -0.12 212.76   1.56  -0.02   67.4620  0.6030  0.06   1479   1479   1479
 22.500   38.0490  0.3000  -0.13 213.87   1.53  -0.01   61.9780  0.5360  0.02   1475   1475   1475
 23.000   35.1510  0.2830  -0.12 214.97   1.49   0.10   56.9650  0.4940  0.03   1464   1464   1464
 23.500   32.4840  0.2670  -0.14 216.01   1.49   0.18   52.3880  0.4630  0.11   1456   1456   1456
 24.000   30.0350  0.2440  -0.09 216.99   1.57   0.06   48.2200  0.4450  0.15   1450   1450   1450
 24.500   27.7890  0.2370  -0.13 217.97   1.62   0.15   44.4140  0.4250  0.07   1441   1441   1441
 25.000   25.7110  0.2230  -0.14 218.92   1.72   0.16   40.9140  0.4010 -0.01   1432   1432   1432
 25.500   23.7980  0.2120  -0.15 219.89   1.80   0.16   37.7030  0.3760  0.00   1424   1424   1424
 26.000   22.0330  0.2000  -0.15 220.79   1.86   0.11   34.7640  0.3470  0.03   1416   1416   1416
 26.500   20.4020  0.1910  -0.12 221.68   1.88   0.15   32.0620  0.3220  0.02   1396   1396   1396
 27.000   18.9120  0.1800  -0.07 222.59   1.92   0.18   29.5970  0.3010 -0.04   1367   1367   1367
 27.500   17.5240  0.1720  -0.06 223.46   2.02   0.18   27.3190  0.2860 -0.08   1340   1340   1340
 28.000   16.2460  0.1630  -0.04 224.34   2.11   0.06   25.2270  0.2680 -0.02   1300   1300   1300
 28.500   15.0650  0.1530   0.04 225.22   2.14   0.01   23.3010  0.2510  0.00   1224   1224   1224
 29.000   13.9730  0.1420   0.09 226.08   2.13   0.13   21.5290  0.2350  0.08   1093   1093   1093
 29.500   12.9660  0.1320   0.03 226.94   2.17   0.14   19.9020  0.2180 -0.00    868    868    868
 30.000   12.0310  0.1220   0.14 227.53   2.24   0.12   18.4180  0.2100 -0.18    370    370    370
     T A B L E  II -  10.  T H E R M O D Y N A M I C  S T A T I S T I C A L  P A R A M E T E R S
                                   October
 Station =   911650     Barking Sands, Hawaii (Lihue)
    Z      MEAN P   SD P   SKEWP  MEAN T  SD T  SKEWT    MEAN D   SD D  SKEWD  NOBSP  NOBST  NOBSD
    KM       MB       MB             K      K             G/M3    G/M3                           
  0.000 1020.0000  5.0000   0.00 290.00   5.00   0.00 1221.0000 25.0000  0.00    100    100    100
  0.036 1011.8530  2.2680  -0.36 298.66   2.02  -0.28 1170.9890  8.9240  0.12   1403   1403   1403
  0.500  959.0280  2.1840  -0.41 294.48   0.98   0.25 1126.1021  5.6580 -0.17   1581   1581   1581
  1.000  905.0960  2.0110  -0.43 290.92   1.11   0.27 1076.9310  5.6450 -0.24   1721   1721   1721
  1.500  853.6190  1.8620  -0.50 288.00   1.40   0.25 1027.0200  5.9010 -0.26   1752   1752   1752
  2.000  804.5170  1.7730  -0.52 286.06   1.80   0.19  975.8490  6.1250 -0.04   1764   1764   1764
  2.500  757.9680  1.7160  -0.52 284.76   1.90  -0.11  924.9200  5.6980  0.20   1764   1764   1764
  3.000  713.8370  1.6710  -0.44 283.04   1.83  -0.34  877.1010  5.1720  0.29   1764   1764   1764
  3.500  671.9450  1.6440  -0.36 280.63   1.80  -0.24  833.0540  4.7320 -0.04   1763   1763   1763
  4.000  632.1480  1.6290  -0.29 277.86   1.80  -0.34  791.7430  4.4600  0.10   1763   1763   1763
  4.500  594.3570  1.6290  -0.26 274.94   1.83  -0.17  752.4580  4.3090 -0.09   1763   1763   1763
  5.000  558.4570  1.6710  -0.25 271.89   1.83  -0.16  715.0390  4.0580 -0.18   1763   1763   1763
  5.500  524.3150  1.6980  -0.23 268.69   1.85  -0.14  679.3980  3.8860 -0.11   1763   1763   1763
  6.000  491.9100  1.7320  -0.22 265.43   1.87  -0.19  645.3020  3.7200  0.00   1761   1761   1761
  6.500  461.0830  1.7360  -0.20 262.02   1.90  -0.21  612.7650  3.5930  0.04   1760   1760   1760
  7.000  431.8610  1.7450  -0.20 258.57   1.95  -0.24  581.6410  3.4400  0.08   1759   1759   1759
  7.500  404.1930  1.7510  -0.20 255.05   2.00  -0.16  551.9290  3.3840 -0.04   1758   1758   1758
  8.000  377.8130  1.8050  -0.20 251.41   2.09  -0.09  523.4060  3.3090 -0.11   1758   1758   1758
  8.500  352.8090  1.8390  -0.18 247.67   2.16  -0.04  496.1750  3.1940 -0.15   1758   1758   1758
  9.000  329.1510  1.8590  -0.17 243.85   2.21  -0.05  470.1820  3.0490 -0.15   1757   1757   1757
  9.500  306.7940  1.8660  -0.16 240.00   2.26  -0.06  445.2970  2.9110 -0.16   1754   1754   1754
 10.000  285.6060  1.9000  -0.19 236.14   2.26  -0.05  421.3350  2.7580 -0.16   1754   1754   1754
 10.500  265.5830  1.9250  -0.21 232.27   2.23  -0.06  398.3280  2.6030 -0.18   1754   1754   1754
 11.000  246.7410  1.9590  -0.20 228.45   2.18   0.03  376.2590  2.5390 -0.35   1750   1750   1750
 11.500  228.7810  1.8940  -0.14 224.69   2.08   0.07  354.7150  2.5100 -0.48   1749   1749   1749
 12.000  211.9490  1.8480  -0.09 221.04   1.99   0.09  334.0390  2.5940 -0.59   1748   1748   1748
 12.500  196.1920  1.8190  -0.03 217.53   1.92   0.00  314.2030  2.8200 -0.57   1747   1747   1747
 13.000  181.2610  1.6880   0.02 214.21   1.92  -0.11  294.8030  3.0130 -0.51   1745   1745   1745
 13.500  167.3220  1.5780   0.08 211.08   1.98  -0.17  276.1630  3.2280 -0.46   1745   1745   1745
 14.000  154.3030  1.4670   0.12 208.24   2.03  -0.09  258.1630  3.3560 -0.39   1745   1745   1745
 14.500  142.1490  1.3620   0.15 205.67   2.10   0.04  240.8050  3.4600 -0.27   1745   1745   1745
 15.000  130.8140  1.2430   0.17 203.46   2.15   0.09  224.0150  3.4660 -0.16   1742   1742   1742
 15.500  120.2810  1.1230   0.22 201.51   2.28  -0.00  207.9720  3.4330 -0.01   1734   1734   1734
 16.000  110.5290  1.0030   0.26 200.09   2.53   0.09  192.4730  3.3950  0.01   1729   1729   1729
 16.500  101.5100  0.8920   0.28 199.23   2.69   0.12  177.5330  3.2000  0.00   1727   1727   1727
 17.000   93.2090  0.7890   0.26 199.12   2.77   0.10  163.1110  2.9410  0.09   1721   1721   1721
 17.500   85.5890  0.7030   0.24 199.64   2.84   0.01  149.3810  2.6380  0.23   1714   1714   1714
 18.000   78.6230  0.6380   0.22 200.72   2.77  -0.05  136.4840  2.2450  0.37   1711   1711   1711
 18.500   72.2630  0.5880   0.20 202.19   2.58  -0.03  124.5230  1.8110  0.36   1705   1705   1705
 19.000   66.4690  0.5480   0.19 203.86   2.40   0.05  113.6010  1.4660  0.32   1699   1699   1699
 19.500   61.1760  0.5190   0.22 205.44   2.29   0.19  103.7470  1.2310  0.21   1693   1693   1693
 20.000   56.3400  0.4940   0.26 206.98   2.20   0.24   94.8320  1.0510  0.11   1691   1691   1691
 20.500   51.9140  0.4710   0.30 208.42   2.10   0.31   86.7800  0.9130 -0.03   1688   1688   1688
 21.000   47.8740  0.4520   0.37 209.79   2.03   0.36   79.5030  0.8200 -0.14   1681   1681   1681
 21.500   44.1630  0.4300   0.42 211.09   2.02   0.38   72.8860  0.7640 -0.18   1677   1677   1677
 22.000   40.7550  0.4090   0.47 212.30   2.02   0.42   66.8790  0.7130 -0.17   1671   1671   1671
 22.500   37.6320  0.3890   0.53 213.46   2.02   0.42   61.4170  0.6550 -0.09   1663   1663   1663
 23.000   34.7620  0.3680   0.58 214.60   1.99   0.52   56.4330  0.6030  0.01   1660   1660   1660
 23.500   32.1240  0.3500   0.65 215.66   1.98   0.60   51.8930  0.5560  0.05   1651   1651   1651
 24.000   29.7060  0.3270   0.65 216.68   2.00   0.54   47.7620  0.5250  0.03   1645   1645   1645
 24.500   27.4730  0.3180   0.79 217.66   2.03   0.46   43.9710  0.4900  0.09   1640   1640   1640
 25.000   25.4150  0.3020   0.83 218.64   2.13   0.30   40.4940  0.4650  0.12   1629   1629   1629
 25.500   23.5220  0.2870   0.86 219.60   2.20   0.16   37.3140  0.4400  0.17   1622   1622   1622
 26.000   21.7740  0.2720   0.87 220.51   2.25   0.04   34.3980  0.4110  0.18   1605   1605   1605
 26.500   20.1620  0.2530   0.92 221.42   2.32  -0.01   31.7210  0.3820  0.15   1591   1591   1591
 27.000   18.6830  0.2450   0.90 222.31   2.36   0.02   29.2760  0.3610  0.24   1561   1561   1561
 27.500   17.3090  0.2310   0.91 223.23   2.38   0.06   27.0110  0.3370  0.29   1525   1525   1525
 28.000   16.0460  0.2160   0.79 224.06   2.37   0.00   24.9470  0.3180  0.29   1488   1488   1488
 28.500   14.8780  0.2040   0.78 224.83   2.47  -0.00   23.0510  0.3000  0.26   1402   1402   1402
 29.000   13.7970  0.1920   0.77 225.67   2.52  -0.03   21.2970  0.2790  0.33   1249   1249   1249
 29.500   12.8010  0.1830   0.67 226.55   2.48  -0.04   19.6830  0.2550  0.40   1000   1000   1000
 30.000   11.9070  0.1920   0.47 227.62   2.73   0.14   18.2220  0.2560  0.33    470    470    470
     T A B L E  II -  11.  T H E R M O D Y N A M I C  S T A T I S T I C A L  P A R A M E T E R S
                                  November
 Station =   911650     Barking Sands, Hawaii (Lihue)
    Z      MEAN P   SD P   SKEWP  MEAN T  SD T  SKEWT    MEAN D   SD D  SKEWD  NOBSP  NOBST  NOBSD
    KM       MB       MB             K      K             G/M3    G/M3                           
  0.000 1020.0000  5.0000   0.00 290.00   5.00   0.00 1221.0000 25.0000  0.00    100    100    100
  0.036 1012.3280  2.7780  -0.78 297.52   2.16  -0.52 1176.5280  9.8360  0.19   1367   1367   1367
  0.500  959.2940  2.5790  -0.85 293.56   1.21  -0.13 1130.5280  6.5310 -0.35   1520   1520   1520
  1.000  905.1640  2.3780  -0.79 289.91   1.38  -0.03 1081.1630  6.8180 -0.36   1654   1654   1654
  1.500  853.5160  2.1860  -0.81 287.06   1.80   0.19 1030.6420  7.2950 -0.21   1678   1678   1678
  2.000  804.2590  2.0590  -0.79 285.42   2.20   0.01  978.2280  7.4520  0.14   1689   1689   1689
  2.500  757.5970  2.0040  -0.76 284.10   2.16  -0.21  926.9320  6.4650  0.41   1689   1689   1689
  3.000  713.3650  1.9770  -0.69 282.13   2.01  -0.17  879.4690  5.4700  0.18   1689   1689   1689
  3.500  671.3540  1.9930  -0.63 279.60   2.03  -0.22  835.4920  5.0810  0.14   1689   1689   1689
  4.000  631.4400  2.0120  -0.58 276.73   2.03  -0.28  794.1460  4.8440  0.16   1687   1687   1687
  4.500  593.5410  2.0540  -0.55 273.73   2.08  -0.25  754.8100  4.7210  0.10   1686   1686   1686
  5.000  557.5060  2.1050  -0.52 270.64   2.16  -0.26  717.1650  4.5620  0.15   1685   1685   1685
  5.500  523.2590  2.1430  -0.48 267.45   2.25  -0.25  681.2020  4.4560  0.21   1685   1685   1685
  6.000  490.7790  2.2000  -0.44 264.17   2.31  -0.29  646.9170  4.3140  0.21   1684   1684   1684
  6.500  459.8800  2.2160  -0.42 260.79   2.36  -0.31  614.1140  4.1420  0.15   1684   1684   1684
  7.000  430.6040  2.2390  -0.41 257.32   2.41  -0.37  582.8110  3.9740  0.10   1684   1684   1684
  7.500  402.9090  2.2550  -0.42 253.76   2.47  -0.33  552.9990  3.8750 -0.04   1683   1683   1683
  8.000  376.4470  2.3270  -0.38 250.08   2.50  -0.27  524.3080  3.6240 -0.13   1681   1681   1681
  8.500  351.4010  2.3660  -0.34 246.36   2.55  -0.23  496.8330  3.5070 -0.20   1680   1680   1680
  9.000  327.7280  2.3820  -0.32 242.58   2.59  -0.25  470.6170  3.4090 -0.23   1680   1680   1680
  9.500  305.3910  2.3720  -0.31 238.78   2.60  -0.27  445.5230  3.3100 -0.21   1680   1680   1680
 10.000  284.1860  2.4080  -0.29 235.03   2.56  -0.25  421.2190  3.1690 -0.37   1679   1679   1679
 10.500  264.1590  2.4140  -0.27 231.32   2.47  -0.26  397.8290  3.1040 -0.56   1678   1678   1678
 11.000  245.3180  2.4210  -0.23 227.65   2.39  -0.24  375.4150  3.1890 -0.72   1677   1677   1677
 11.500  227.4320  2.3220  -0.20 224.05   2.34  -0.27  353.6310  3.2810 -0.68   1675   1675   1675
 12.000  210.6680  2.2460  -0.18 220.58   2.33  -0.24  332.7290  3.5190 -0.69   1672   1672   1672
 12.500  194.9580  2.1750  -0.14 217.24   2.31  -0.15  312.6590  3.7340 -0.68   1671   1671   1671
 13.000  180.1300  2.0210  -0.14 214.04   2.29  -0.05  293.2000  3.8210 -0.55   1671   1671   1671
 13.500  166.2770  1.8800  -0.13 211.04   2.29  -0.04  274.5040  3.9120 -0.41   1671   1671   1671
 14.000  153.3410  1.7370  -0.13 208.22   2.31  -0.06  256.5810  3.9790 -0.31   1670   1670   1670
 14.500  141.2560  1.6060  -0.12 205.69   2.29  -0.06  239.2720  4.0030 -0.26   1665   1665   1665
 15.000  129.9880  1.4660  -0.10 203.34   2.28  -0.05  222.7360  3.9020 -0.17   1662   1662   1662
 15.500  119.5140  1.3220  -0.08 201.26   2.39   0.02  206.9100  3.8640 -0.16   1658   1658   1658
 16.000  109.8080  1.1770  -0.06 199.60   2.51   0.16  191.6960  3.7450 -0.16   1653   1653   1653
 16.500  100.8270  1.0310  -0.03 198.39   2.69   0.22  177.0970  3.5970 -0.16   1642   1642   1642
 17.000   92.5360  0.9020  -0.00 197.88   2.80   0.15  162.9510  3.3200 -0.09   1636   1636   1636
 17.500   84.9180  0.7880   0.03 198.05   3.03   0.05  149.4090  3.0400  0.01   1627   1627   1627
 18.000   77.9450  0.6930   0.07 198.91   3.05  -0.00  136.5470  2.6660  0.06   1622   1622   1622
 18.500   71.5810  0.6190   0.11 200.48   2.98  -0.22  124.4160  2.2810  0.26   1617   1617   1617
 19.000   65.7940  0.5570   0.14 202.43   2.86  -0.27  113.2520  1.9050  0.25   1611   1611   1611
 19.500   60.5230  0.5140   0.17 204.40   2.62  -0.30  103.1680  1.5530  0.23   1607   1607   1607
 20.000   55.7160  0.4800   0.20 206.14   2.37  -0.11   94.1670  1.2200  0.08   1601   1601   1601
 20.500   51.3210  0.4540   0.24 207.74   2.18  -0.04   86.0710  1.0180  0.07   1597   1597   1597
 21.000   47.3160  0.4280   0.31 209.19   2.14   0.09   78.8000  0.8780 -0.06   1591   1591   1591
 21.500   43.6390  0.4050   0.34 210.49   2.10   0.23   72.2280  0.7860 -0.07   1586   1586   1586
 22.000   40.2660  0.3860   0.40 211.72   2.14   0.24   66.2590  0.7220  0.05   1584   1584   1584
 22.500   37.1730  0.3680   0.46 212.92   2.15   0.34   60.8250  0.6810  0.02   1580   1580   1580
 23.000   34.3320  0.3510   0.51 214.07   2.23   0.34   55.8720  0.6460 -0.04   1575   1575   1575
 23.500   31.7180  0.3350   0.54 215.20   2.28   0.30   51.3480  0.5910  0.00   1571   1571   1571
 24.000   29.3280  0.3190   0.54 216.20   2.33   0.08   47.2590  0.5530  0.06   1561   1561   1561
 24.500   27.1150  0.3050   0.61 217.19   2.40  -0.09   43.4940  0.5210  0.01   1551   1551   1551
 25.000   25.0780  0.2900   0.62 218.16   2.45  -0.05   40.0480  0.4880  0.07   1536   1536   1536
 25.500   23.2080  0.2780   0.66 219.11   2.45  -0.07   36.9000  0.4480  0.05   1529   1529   1529
 26.000   21.4790  0.2630   0.63 220.07   2.47  -0.09   34.0020  0.4010  0.05   1515   1515   1515
 26.500   19.8950  0.2480   0.57 221.01   2.53   0.00   31.3590  0.3630 -0.02   1485   1485   1485
 27.000   18.4270  0.2410   0.57 221.88   2.58   0.05   28.9320  0.3510  0.06   1462   1462   1462
 27.500   17.0690  0.2290   0.54 222.73   2.63   0.01   26.6970  0.3360  0.09   1439   1439   1439
 28.000   15.8210  0.2150   0.50 223.61   2.61  -0.02   24.6470  0.3160  0.18   1392   1392   1392
 28.500   14.6660  0.2040   0.47 224.50   2.66   0.02   22.7570  0.3010  0.21   1327   1327   1327
 29.000   13.5980  0.1940   0.41 225.32   2.71  -0.05   21.0230  0.2930  0.33   1229   1229   1229
 29.500   12.6170  0.1860   0.41 226.08   2.75  -0.04   19.4400  0.2800  0.32    982    982    982
 30.000   11.7270  0.1920   0.52 226.93   3.03  -0.21   18.0030  0.3110  0.56    440    440    440
     T A B L E  II -  12.  T H E R M O D Y N A M I C  S T A T I S T I C A L  P A R A M E T E R S
                                  December
 Station =   911650     Barking Sands, Hawaii (Lihue)
    Z      MEAN P   SD P   SKEWP  MEAN T  SD T  SKEWT    MEAN D   SD D  SKEWD  NOBSP  NOBST  NOBSD
    KM       MB       MB             K      K             G/M3    G/M3                           
  0.000 1020.0000  5.0000   0.00 290.00   5.00   0.00 1221.0000 25.0000  0.00    100    100    100
  0.036 1012.4030  3.9100  -1.12 296.28   2.29  -0.63 1182.0940 10.5200  0.27   1415   1415   1415
  0.500  959.3030  3.1930  -0.75 292.58   1.29  -0.54 1134.8600  7.0790 -0.09   1606   1606   1606
  1.000  904.9510  2.9810  -0.77 289.03   1.47  -0.09 1084.7460  7.4040 -0.19   1701   1701   1701
  1.500  853.1070  2.7910  -0.83 286.25   1.93   0.25 1033.5850  8.1110 -0.12   1732   1732   1732
  2.000  803.7360  2.6440  -0.89 284.90   2.33   0.14  979.9550  7.9440  0.14   1741   1741   1741
  2.500  757.0010  2.5760  -0.93 283.54   2.34  -0.17  928.3560  6.8050  0.42   1741   1741   1741
  3.000  712.7130  2.5740  -0.93 281.53   2.24  -0.16  880.7610  5.8250  0.20   1742   1742   1742
  3.500  670.6230  2.5750  -0.89 278.94   2.25  -0.30  836.6550  5.4490  0.22   1742   1742   1742
  4.000  630.6650  2.5890  -0.84 276.14   2.30  -0.36  794.9790  5.3790  0.14   1740   1740   1740
  4.500  592.7230  2.6190  -0.82 273.19   2.40  -0.41  755.3350  5.3510  0.16   1739   1739   1739
  5.000  556.6700  2.6690  -0.77 270.12   2.51  -0.38  717.5370  5.2750  0.14   1739   1739   1739
  5.500  522.4340  2.7050  -0.75 266.88   2.56  -0.37  681.6480  5.0380  0.15   1739   1739   1739
  6.000  489.9390  2.7520  -0.73 263.60   2.61  -0.39  647.2580  4.7900  0.09   1738   1738   1738
  6.500  459.0080  2.7330  -0.74 260.19   2.67  -0.42  614.3770  4.7000 -0.03   1738   1738   1738
  7.000  429.7200  2.7430  -0.74 256.69   2.74  -0.41  583.0620  4.5520 -0.10   1737   1737   1737
  7.500  402.0360  2.7560  -0.75 253.12   2.83  -0.37  553.2210  4.4560 -0.19   1737   1737   1737
  8.000  375.5660  2.7960  -0.67 249.52   2.89  -0.34  524.2930  4.2760 -0.29   1736   1736   1736
  8.500  350.5510  2.8120  -0.62 245.92   3.01  -0.34  496.5630  4.2350 -0.29   1735   1735   1735
  9.000  326.9140  2.8140  -0.60 242.30   3.05  -0.26  470.0030  4.1590 -0.39   1733   1733   1733
  9.500  304.6140  2.7870  -0.58 238.69   3.11  -0.22  444.5900  4.1980 -0.52   1732   1732   1732
 10.000  283.4540  2.8130  -0.51 235.16   3.12  -0.18  419.9310  4.2310 -0.61   1731   1731   1731
 10.500  263.5080  2.8100  -0.43 231.67   3.14  -0.22  396.2730  4.3510 -0.74   1730   1730   1730
 11.000  244.7500  2.8110  -0.33 228.20   3.17  -0.25  373.6670  4.4400 -0.84   1729   1729   1729
 11.500  226.9520  2.6890  -0.27 224.83   3.17  -0.24  351.6950  4.4930 -0.85   1726   1726   1726
 12.000  210.2800  2.5870  -0.21 221.56   3.10  -0.27  330.6630  4.5170 -0.86   1725   1725   1725
 12.500  194.6720  2.5160  -0.13 218.41   3.03  -0.26  310.5480  4.6010 -0.88   1723   1723   1723
 13.000  179.9320  2.3420  -0.11 215.35   2.91  -0.24  291.1140  4.6090 -0.83   1722   1722   1722
 13.500  166.1690  2.1830  -0.07 212.40   2.77  -0.16  272.5840  4.5830 -0.74   1720   1720   1720
 14.000  153.3190  2.0230  -0.02 209.58   2.62  -0.02  254.8810  4.5250 -0.68   1718   1718   1718
 14.500  141.3020  1.8820   0.03 206.88   2.53   0.26  237.9750  4.4770 -0.56   1713   1713   1713
 15.000  130.0770  1.7170   0.07 204.28   2.58   0.45  221.8650  4.4330 -0.44   1710   1710   1710
 15.500  119.6380  1.5510   0.12 201.90   2.73   0.44  206.4780  4.3940 -0.32   1706   1706   1706
 16.000  109.9400  1.3900   0.16 199.75   2.87   0.37  191.7920  4.2280 -0.22   1701   1701   1701
 16.500  100.9470  1.2280   0.24 197.96   3.09   0.34  177.7010  4.0480 -0.20   1693   1693   1693
 17.000   92.6180  1.0890   0.31 196.92   3.24   0.27  163.9040  3.8220 -0.13   1688   1688   1688
 17.500   84.9440  0.9580   0.41 196.53   3.40   0.21  150.6260  3.5740 -0.07   1674   1674   1674
 18.000   77.9070  0.8410   0.50 196.84   3.56   0.19  137.9320  3.2870 -0.00   1664   1664   1664
 18.500   71.4770  0.7420   0.59 198.00   3.53   0.00  125.8060  2.8940  0.16   1657   1657   1657
 19.000   65.6220  0.6460   0.62 199.89   3.38  -0.09  114.4040  2.4140  0.24   1653   1653   1653
 19.500   60.3030  0.5830   0.64 202.03   3.09  -0.09  104.0090  1.9530  0.27   1648   1648   1648
 20.000   55.4610  0.5340   0.63 204.06   2.77   0.00   94.7000  1.5670  0.19   1644   1644   1644
 20.500   51.0420  0.4970   0.60 205.93   2.54   0.09   86.3610  1.2940  0.24   1638   1638   1638
 21.000   47.0220  0.4450   0.34 207.57   2.44   0.18   78.9270  1.0800  0.22   1635   1635   1635
 21.500   43.3430  0.4180   0.30 209.05   2.44   0.18   72.2340  0.9460  0.28   1627   1627   1627
 22.000   39.9720  0.3970   0.30 210.43   2.46   0.17   66.1800  0.8400  0.23   1622   1622   1622
 22.500   36.8850  0.3760   0.29 211.75   2.41   0.08   60.6880  0.7400  0.16   1611   1611   1611
 23.000   34.0530  0.3580   0.31 213.05   2.39  -0.07   55.6870  0.6770  0.15   1601   1601   1601
 23.500   31.4480  0.3420   0.33 214.18   2.40  -0.09   51.1540  0.6140  0.04   1600   1600   1600
 24.000   29.0670  0.3270   0.35 215.20   2.41  -0.05   47.0580  0.5600 -0.08   1592   1592   1592
 24.500   26.8650  0.3120   0.39 216.15   2.49  -0.02   43.3000  0.5180 -0.09   1578   1578   1578
 25.000   24.8390  0.3000   0.40 217.01   2.57  -0.05   39.8750  0.4870 -0.11   1567   1567   1567
 25.500   22.9760  0.2860   0.39 217.94   2.72  -0.03   36.7280  0.4580 -0.08   1556   1556   1556
 26.000   21.2560  0.2770   0.40 218.82   2.77   0.05   33.8420  0.4240 -0.06   1544   1544   1544
 26.500   19.6870  0.2630   0.32 219.73   2.78   0.06   31.2130  0.3930  0.03   1486   1486   1486
 27.000   18.2250  0.2580   0.40 220.58   2.82  -0.02   28.7830  0.3710  0.06   1469   1469   1469
 27.500   16.8770  0.2480   0.40 221.36   2.90  -0.08   26.5600  0.3550  0.01   1443   1443   1443
 28.000   15.6350  0.2370   0.40 222.14   2.98  -0.07   24.5190  0.3380  0.03   1414   1414   1414
 28.500   14.4870  0.2260   0.39 222.88   3.06  -0.08   22.6430  0.3240  0.09   1362   1362   1362
 29.000   13.4270  0.2160   0.40 223.62   3.18  -0.05   20.9170  0.3170  0.11   1252   1252   1252
 29.500   12.4550  0.2100   0.43 224.40   3.27   0.09   19.3350  0.3110  0.11   1002   1002   1002
 30.000   11.5700  0.2160   0.55 225.23   3.52  -0.03   17.8950  0.3250  0.35    484    484    484
     T A B L E  II -  13.  T H E R M O D Y N A M I C  S T A T I S T I C A L  P A R A M E T E R S
                                    Annual
 Station =   911650     Barking Sands, Hawaii (Lihue)
    Z      MEAN P   SD P   SKEWP  MEAN T  SD T  SKEWT    MEAN D   SD D  SKEWD  NOBSP  NOBST  NOBSD
    KM       MB       MB             K      K             G/M3    G/M3                           
  0.000 1020.0000  5.0000   0.00 290.00   5.00   0.00 1221.0000 25.0000  0.00    100    100    100
  0.036 1013.0530  3.1560  -1.06 297.26   2.69  -0.46 1178.2970 12.3890  0.39  16987  16987  16987
  0.500  959.9860  2.6620  -0.76 293.10   1.73  -0.41 1133.0690  8.7660  0.32  18715  18715  18715
  1.000  905.6910  2.4930  -0.88 289.49   1.81  -0.44 1083.4360  8.3980  0.33  20019  20019  20019
  1.500  853.9020  2.3620  -1.01 286.65   2.09  -0.35 1032.6740  8.3490  0.36  20345  20345  20345
  2.000  804.5450  2.2980  -1.07 285.06   2.42  -0.14  979.8750  8.1010  0.35  20451  20451  20451
  2.500  757.8030  2.2950  -1.08 283.79   2.44  -0.29  928.2610  7.1180  0.39  20452  20452  20452
  3.000  713.5200  2.3220  -1.05 281.88   2.42  -0.40  880.4970  6.3960  0.36  20453  20453  20453
  3.500  671.4560  2.3880  -1.03 279.43   2.45  -0.44  836.1770  6.0010  0.31  20451  20451  20451
  4.000  631.5210  2.4560  -1.02 276.68   2.51  -0.47  794.4460  5.7160  0.29  20446  20446  20446
  4.500  593.5990  2.5400  -1.00 273.77   2.58  -0.50  754.8030  5.4850  0.28  20443  20443  20443
  5.000  557.5720  2.6340  -0.95 270.74   2.66  -0.53  717.0410  5.2470  0.31  20441  20441  20441
  5.500  523.3460  2.7060  -0.91 267.56   2.73  -0.54  681.0910  5.0010  0.27  20438  20438  20438
  6.000  490.8680  2.7910  -0.89 264.28   2.80  -0.56  646.7980  4.7790  0.21  20428  20428  20428
  6.500  459.9560  2.8340  -0.88 260.88   2.86  -0.56  614.0110  4.5860  0.11  20423  20423  20423
  7.000  430.6770  2.8720  -0.86 257.39   2.92  -0.57  582.7580  4.3940  0.00  20419  20419  20419
  7.500  402.9860  2.8960  -0.86 253.84   2.98  -0.56  552.9510  4.3060 -0.16  20416  20416  20416
  8.000  376.5360  2.9710  -0.80 250.20   3.03  -0.55  524.2060  4.1410 -0.32  20408  20408  20408
  8.500  351.5000  3.0040  -0.77 246.51   3.09  -0.54  496.6990  4.0580 -0.51  20399  20399  20399
  9.000  327.8330  3.0070  -0.74 242.79   3.13  -0.51  470.3820  4.0110 -0.72  20391  20391  20391
  9.500  305.5020  2.9770  -0.73 239.06   3.16  -0.49  445.1920  4.0460 -0.95  20375  20375  20375
 10.000  284.3110  3.0120  -0.70 235.35   3.15  -0.43  420.8400  4.0580 -1.17  20364  20364  20364
 10.500  264.3130  3.0130  -0.67 231.67   3.12  -0.38  397.4740  4.1140 -1.29  20352  20352  20352
 11.000  245.5090  3.0150  -0.62 228.04   3.08  -0.33  375.0800  4.2520 -1.31  20339  20339  20339
 11.500  227.6240  2.8840  -0.60 224.46   3.00  -0.27  353.2920  4.3350 -1.29  20323  20323  20323
 12.000  210.8720  2.7690  -0.56 221.00   2.89  -0.21  332.4240  4.4860 -1.22  20307  20307  20307
 12.500  195.1920  2.6760  -0.51 217.69   2.79  -0.12  312.3930  4.7060 -1.11  20289  20289  20289
 13.000  180.3660  2.4770  -0.51 214.56   2.68  -0.04  292.8840  4.7710 -1.00  20277  20277  20277
 13.500  166.5230  2.2930  -0.49 211.63   2.60   0.07  274.1580  4.8240 -0.88  20268  20268  20268
 14.000  153.6080  2.1070  -0.46 208.93   2.53   0.17  256.1580  4.8030 -0.74  20252  20252  20252
 14.500  141.5450  1.9410  -0.43 206.53   2.53   0.25  238.8010  4.7910 -0.58  20211  20211  20211
 15.000  130.3000  1.7580  -0.41 204.39   2.64   0.32  222.1360  4.6920 -0.45  20177  20177  20177
 15.500  119.8590  1.5800  -0.40 202.53   2.87   0.30  206.2200  4.5570 -0.34  20141  20141  20141
 16.000  110.1870  1.4150  -0.39 201.03   3.17   0.23  191.0020  4.3410 -0.22  20084  20084  20084
 16.500  101.2430  1.2660  -0.37 199.99   3.49   0.09  176.4200  4.0660 -0.09  20000  20000  20000
 17.000   92.9830  1.1540  -0.33 199.57   3.79  -0.07  162.3660  3.7390  0.06  19899  19899  19899
 17.500   85.3900  1.0670  -0.26 199.66   4.05  -0.24  149.0460  3.3840  0.23  19822  19822  19822
 18.000   78.4320  1.0050  -0.16 200.30   4.16  -0.39  136.4660  2.9760  0.36  19765  19765  19765
 18.500   72.0690  0.9630  -0.06 201.46   4.06  -0.54  124.6600  2.5270  0.44  19718  19718  19718
 19.000   66.2660  0.9250   0.02 203.03   3.79  -0.62  113.7320  2.0730  0.37  19646  19646  19646
 19.500   60.9680  0.8920   0.06 204.72   3.43  -0.61  103.7660  1.7090  0.14  19590  19590  19590
 20.000   56.1330  0.8570   0.09 206.37   3.10  -0.57   94.7670  1.4350 -0.06  19539  19539  19539
 20.500   51.7090  0.8240   0.09 207.91   2.82  -0.53   86.6460  1.2460 -0.13  19486  19486  19486
 21.000   47.6740  0.7840   0.11 209.33   2.68  -0.46   79.3430  1.1110 -0.21  19426  19426  19426
 21.500   43.9730  0.7480   0.10 210.66   2.62  -0.42   72.7180  1.0230 -0.18  19369  19369  19369
 22.000   40.5760  0.7130   0.09 211.94   2.59  -0.39   66.6950  0.9550 -0.12  19308  19308  19308
 22.500   37.4640  0.6800   0.08 213.15   2.57  -0.39   61.2290  0.8950 -0.08  19240  19240  19240
 23.000   34.6020  0.6470   0.06 214.33   2.57  -0.39   56.2430  0.8390 -0.03  19177  19177  19177
 23.500   31.9700  0.6160   0.04 215.45   2.57  -0.40   51.6940  0.7880  0.02  19114  19114  19114
 24.000   29.5600  0.5810  -0.00 216.52   2.60  -0.39   47.5600  0.7390  0.04  19019  19019  19019
 24.500   27.3400  0.5590   0.00 217.56   2.65  -0.38   43.7780  0.7100  0.08  18902  18902  18902
 25.000   25.2920  0.5320  -0.02 218.57   2.71  -0.35   40.3100  0.6760  0.09  18780  18780  18780
 25.500   23.4080  0.5050  -0.05 219.58   2.74  -0.35   37.1350  0.6420  0.09  18644  18644  18644
 26.000   21.6680  0.4800  -0.07 220.57   2.77  -0.35   34.2210  0.6120  0.08  18506  18506  18506
 26.500   20.0760  0.4480  -0.10 221.58   2.79  -0.33   31.5610  0.5730  0.06  18114  18114  18114
 27.000   18.6010  0.4310  -0.12 222.52   2.83  -0.33   29.1200  0.5520  0.03  17770  17770  17770
 27.500   17.2360  0.4090  -0.15 223.43   2.91  -0.33   26.8720  0.5250 -0.01  17418  17418  17418
 28.000   15.9780  0.3860  -0.16 224.33   2.96  -0.32   24.8100  0.4990 -0.03  16872  16872  16872
 28.500   14.8130  0.3650  -0.17 225.19   3.02  -0.34   22.9140  0.4750 -0.05  16001  16001  16001
 29.000   13.7380  0.3450  -0.17 226.04   3.08  -0.36   21.1700  0.4510 -0.07  14405  14405  14405
 29.500   12.7450  0.3260  -0.18 226.91   3.17  -0.30   19.5650  0.4290 -0.11  11413  11413  11413
 30.000   11.8400  0.3120  -0.14 227.75   3.34  -0.30   18.1090  0.4170 -0.14   5061   5061   5061
