      74794      28.47N   80.57W
     T A B L E  II -   1.  T H E R M O D Y N A M I C  S T A T I S T I C A L  P A R A M E T E R S
                                   January
 Station =   74794      Cape Canaveral Air Force Station
    Z      MEAN P   SD P   SKEWP  MEAN T  SD T  SKEWT    MEAN D   SD D  SKEWD  NOBSP  NOBST  NOBSD
    KM       MB       MB             K      K             G/M3    G/M3                           
  0.000 1020.0000  5.0000   0.00 290.00   5.00   0.00 1221.0000 25.0000  0.00    100    100    100
  0.004 1019.2910  5.8170  -0.63 289.04   5.97  -0.39 1222.0630 31.7670  0.22   1496   1496   1496
  0.500  962.1950  4.3740  -0.13 288.26   4.79  -0.78 1157.1400 23.4400  0.61   1496   1496   1496
  1.000  906.9060  3.9760  -0.20 285.55   4.25  -0.66 1101.8430 19.4010  0.50   1496   1496   1496
  1.500  854.3850  3.7410  -0.33 283.61   3.87  -0.51 1046.0480 15.9410  0.43   1496   1496   1496
  2.000  804.6050  3.6290  -0.47 282.05   3.75  -0.28  991.4200 13.4650  0.29   1496   1496   1496
  2.500  757.3770  3.6360  -0.56 280.20   3.52  -0.09  939.8370 10.9220  0.09   1496   1496   1496
  3.000  712.6080  3.6940  -0.59 277.89   3.22  -0.09  891.9120  8.8960  0.05   1496   1496   1496
  3.500  670.1480  3.7580  -0.58 275.28   3.03  -0.09  846.9740  7.5010  0.05   1496   1496   1496
  4.000  629.7920  3.8140  -0.56 272.49   2.93  -0.01  804.2780  6.6340 -0.07   1496   1496   1496
  4.500  591.4840  3.8560  -0.54 269.63   2.87  -0.05  763.5300  5.9360 -0.13   1495   1495   1495
  5.000  555.1620  3.8910  -0.51 266.63   2.93   0.08  724.8510  5.6340 -0.23   1495   1495   1495
  5.500  520.6540  3.9230  -0.48 263.47   3.02   0.15  688.0270  5.4430 -0.25   1495   1495   1495
  6.000  487.8870  3.9580  -0.44 260.22   3.16   0.28  652.8650  5.2860 -0.38   1495   1495   1495
  6.500  456.8610  3.9910  -0.39 256.86   3.28   0.42  619.3990  5.1360 -0.46   1495   1495   1495
  7.000  427.3990  4.0230  -0.34 253.42   3.38   0.46  587.3580  4.9620 -0.44   1495   1495   1495
  7.500  399.4520  4.0500  -0.28 249.87   3.41   0.46  556.7750  4.6890 -0.35   1495   1495   1495
  8.000  373.0280  4.0830  -0.22 246.26   3.44   0.40  527.6050  4.4700 -0.29   1478   1478   1478
  8.500  347.9560  4.0850  -0.16 242.59   3.46   0.41  499.6070  4.3600 -0.31   1478   1478   1478
  9.000  324.2200  4.0640  -0.09 238.87   3.41   0.43  472.7990  4.3490 -0.57   1478   1478   1478
  9.500  301.7800  4.0740   0.03 235.05   3.38   0.50  447.2570  4.4640 -1.06   1375   1375   1375
 10.000  280.5500  4.0010   0.12 231.30   3.33   0.49  422.5390  4.7850 -1.44   1375   1375   1375
 10.500  260.5180  3.9000   0.22 227.68   3.30   0.55  398.6140  5.1730 -1.55   1375   1375   1375
 11.000  241.6630  3.7780   0.32 224.22   3.32   0.62  375.4990  5.6030 -1.41   1359   1359   1359
 11.500  223.8900  3.6180   0.41 221.14   3.36   0.63  352.7380  6.0850 -1.13   1359   1359   1359
 12.000  207.2320  3.4320   0.51 218.46   3.50   0.46  330.5120  6.5570 -0.70   1359   1359   1359
 12.500  191.6740  3.2200   0.60 216.21   3.69   0.16  308.9020  6.9100 -0.35   1358   1358   1358
 13.000  177.1090  3.0000   0.65 214.23   3.58  -0.12  288.0820  6.6480 -0.06   1357   1357   1357
 13.500  163.5580  2.7770   0.69 212.48   3.28  -0.28  268.2290  6.2050  0.22   1357   1357   1357
 14.000  150.9370  2.5550   0.70 210.74   2.99  -0.32  249.5650  5.8390  0.45   1355   1355   1355
 14.500  139.2230  2.3320   0.69 208.85   2.71  -0.22  232.2810  5.4450  0.58   1355   1355   1355
 15.000  128.3050  2.1150   0.68 206.77   2.68  -0.32  216.2220  5.2330  0.71   1355   1355   1355
 15.500  118.1380  1.8970   0.65 204.79   2.83  -0.48  201.0170  5.0610  0.77   1350   1350   1350
 16.000  108.7210  1.6930   0.62 203.06   2.99  -0.55  186.5780  4.8680  0.78   1348   1348   1348
 16.500   99.9780  1.4970   0.58 201.60   3.19  -0.46  172.8310  4.6400  0.76   1346   1346   1346
 17.000   91.8740  1.3110   0.55 200.55   3.39  -0.37  159.6600  4.3900  0.67   1341   1341   1341
 17.500   84.4270  1.1430   0.50 200.11   3.45  -0.26  147.0370  3.9580  0.59   1334   1334   1334
 18.000   77.5730  0.9950   0.45 200.27   3.52  -0.23  134.9930  3.5550  0.60   1319   1319   1319
 18.500   71.2610  0.8670   0.40 200.95   3.45  -0.18  123.5860  3.1080  0.57   1265   1265   1265
 19.000   65.5270  0.7560   0.33 201.95   3.40  -0.27  113.0760  2.7110  0.55   1223   1223   1223
 19.500   60.2240  0.6690   0.24 203.32   3.32  -0.29  103.2190  2.3510  0.47   1216   1216   1216
 20.000   55.4250  0.5940   0.20 204.83   3.19  -0.24   94.2900  1.9760  0.44   1178   1178   1178
 20.500   51.0560  0.5320   0.21 206.26   3.08  -0.14   86.2530  1.6590  0.42   1141   1141   1141
 21.000   46.9850  0.4860   0.10 207.74   3.05  -0.15   78.8090  1.4310  0.38   1128   1128   1128
 21.500   43.3410  0.4520   0.05 208.99   2.96  -0.13   72.2590  1.2090  0.32   1104   1104   1104
 22.000   40.0090  0.4230   0.06 210.21   2.93  -0.03   66.3160  1.0360  0.17   1088   1088   1088
 22.500   36.8570  0.3990  -0.01 211.34   2.94  -0.01   60.7640  0.9260  0.02   1084   1084   1084
 23.000   34.0530  0.3800  -0.00 212.30   2.88  -0.06   55.8850  0.8130 -0.05   1070   1070   1070
 23.500   31.4770  0.3600   0.04 213.23   2.90  -0.01   51.4330  0.7240 -0.05   1051   1051   1051
 24.000   29.0220  0.3470   0.02 214.10   2.88  -0.00   47.2260  0.6490 -0.18   1044   1044   1044
 24.500   26.8480  0.3310   0.10 215.00   2.91   0.02   43.5070  0.5920 -0.30   1027   1027   1027
 25.000   24.8470  0.3140   0.02 215.84   2.95   0.09   40.1060  0.5450 -0.35   1002   1002   1002
 25.500   22.9240  0.2990   0.01 216.87   3.10   0.17   36.8280  0.5230 -0.45    995    995    995
 26.000   21.2350  0.2890   0.04 217.80   3.24   0.43   33.9690  0.4820 -0.44    976    976    976
 26.500   19.6020  0.2780   0.05 218.74   3.42   0.50   31.2240  0.4830 -0.53    952    952    952
 27.000   18.1690  0.2690   0.06 219.61   3.57   0.55   28.8260  0.4490 -0.55    921    921    921
 27.500   16.8450  0.2590   0.09 220.43   3.59   0.48   26.6250  0.4070 -0.53    874    874    874
 28.000   15.5640  0.2490   0.05 221.38   3.67   0.57   24.4940  0.3960 -0.40    851    851    851
 28.500   14.4460  0.2430   0.11 222.32   3.79   0.51   22.6400  0.3770 -0.34    798    798    798
 29.000   13.4100  0.2390   0.17 223.17   3.95   0.43   20.9360  0.3540 -0.25    755    755    755
 29.500   12.3950  0.2310   0.17 224.15   4.01   0.38   19.2680  0.3490 -0.19    728    728    728
 30.000   11.5150  0.2220   0.23 224.92   4.13   0.22   17.8380  0.3310 -0.24    694    694    694
     T A B L E  II -   2.  T H E R M O D Y N A M I C  S T A T I S T I C A L  P A R A M E T E R S
                                  February
 Station =   74794      Cape Canaveral Air Force Station
    Z      MEAN P   SD P   SKEWP  MEAN T  SD T  SKEWT    MEAN D   SD D  SKEWD  NOBSP  NOBST  NOBSD
    KM       MB       MB             K      K             G/M3    G/M3                           
  0.000 1020.0000  5.0000   0.00 290.00   5.00   0.00 1221.0000 25.0000  0.00    100    100    100
  0.004 1018.3790  5.7480  -0.68 290.44   5.87  -0.40 1214.6600 29.9500  0.27   1653   1653   1653
  0.500  961.5030  4.6110  -0.33 289.02   4.75  -0.87 1153.0310 22.1120  0.65   1653   1653   1653
  1.000  906.3950  4.4160  -0.41 286.20   4.33  -0.81 1098.5291 18.5500  0.57   1653   1653   1653
  1.500  854.0130  4.3250  -0.51 284.06   3.88  -0.65 1043.7920 15.0350  0.44   1653   1653   1653
  2.000  804.3180  4.2960  -0.60 282.30   3.66  -0.37  990.0510 12.3860  0.28   1653   1653   1653
  2.500  757.1430  4.3220  -0.65 280.32   3.45  -0.16  939.0430 10.1800  0.09   1653   1653   1653
  3.000  712.4070  4.3660  -0.68 277.98   3.21  -0.17  891.3170  8.3250  0.06   1653   1653   1653
  3.500  669.9720  4.4080  -0.68 275.37   3.03  -0.11  846.4560  6.9950  0.02   1652   1652   1652
  4.000  629.6360  4.4420  -0.65 272.49   2.95  -0.09  804.0700  6.2650  0.04   1651   1651   1651
  4.500  591.3220  4.4620  -0.62 269.47   2.95  -0.12  763.7530  5.8320  0.04   1651   1651   1651
  5.000  554.9870  4.4730  -0.59 266.40   2.97  -0.05  725.2040  5.5630 -0.09   1651   1651   1651
  5.500  520.4600  4.4760  -0.56 263.25   3.03   0.06  688.3260  5.4780 -0.28   1651   1651   1651
  6.000  487.6870  4.4720  -0.52 260.04   3.15   0.11  653.0180  5.3880 -0.49   1651   1651   1651
  6.500  456.6500  4.4670  -0.49 256.67   3.30   0.16  619.5680  5.3600 -0.65   1651   1651   1651
  7.000  427.1790  4.4610  -0.46 253.18   3.40   0.20  587.6100  5.2980 -0.63   1651   1651   1651
  7.500  399.2200  4.4460  -0.41 249.62   3.42   0.23  557.0230  5.2040 -0.73   1651   1651   1651
  8.000  372.7760  4.4220  -0.36 246.02   3.47   0.23  527.7690  5.2060 -0.78   1640   1640   1640
  8.500  347.6930  4.3740  -0.30 242.36   3.51   0.22  499.7140  5.3110 -0.90   1640   1640   1640
  9.000  323.9560  4.3090  -0.24 238.69   3.56   0.18  472.7860  5.4130 -1.14   1640   1640   1640
  9.500  301.3520  4.2110  -0.14 234.91   3.65   0.18  446.8920  5.4480 -1.29   1509   1509   1509
 10.000  280.1410  4.1230  -0.06 231.22   3.65   0.19  422.0940  5.5970 -1.39   1509   1509   1509
 10.500  260.1320  4.0140   0.02 227.65   3.70   0.26  398.1060  5.9560 -1.40   1509   1509   1509
 11.000  241.3030  3.8820   0.11 224.29   3.83   0.31  374.8430  6.4020 -1.24   1500   1500   1500
 11.500  223.5690  3.7190   0.19 221.45   3.95   0.30  351.7680  6.9130 -0.93   1500   1500   1500
 12.000  206.9630  3.5280   0.28 219.01   4.05   0.18  329.2920  7.2230 -0.57   1500   1500   1500
 12.500  191.4730  3.3210   0.35 216.95   3.95  -0.05  307.5380  7.1730 -0.20   1499   1499   1499
 13.000  176.9750  3.0890   0.39 215.14   3.57  -0.33  286.6430  6.8510  0.12   1498   1498   1498
 13.500  163.4870  2.8490   0.40 213.24   3.19  -0.45  267.1540  6.4570  0.33   1498   1498   1498
 14.000  150.9060  2.6030   0.39 211.15   2.87  -0.40  249.0290  6.0600  0.53   1498   1498   1498
 14.500  139.2090  2.3620   0.37 209.09   2.69  -0.32  231.9960  5.6820  0.62   1498   1498   1498
 15.000  128.3040  2.1270   0.32 206.99   2.77  -0.38  215.9950  5.4550  0.67   1498   1498   1498
 15.500  118.1450  1.9080   0.26 204.95   2.91  -0.39  200.8820  5.2750  0.62   1482   1482   1482
 16.000  108.7330  1.6910   0.22 203.10   3.09  -0.33  186.5690  5.0560  0.54   1482   1482   1482
 16.500   99.9880  1.4820   0.18 201.58   3.27  -0.34  172.8710  4.7840  0.49   1482   1482   1482
 17.000   91.8850  1.2890   0.13 200.51   3.43  -0.27  159.7080  4.4690  0.40   1479   1479   1479
 17.500   84.4330  1.1100   0.10 200.00   3.55  -0.16  147.1360  4.0910  0.30   1475   1475   1475
 18.000   77.5670  0.9530   0.07 199.96   3.81  -0.12  135.2000  3.7550  0.21   1461   1461   1461
 18.500   71.2490  0.8220   0.07 200.51   3.76  -0.05  123.8430  3.2640  0.11   1416   1416   1416
 19.000   65.4920  0.7170   0.07 201.67   3.58   0.05  113.1750  2.7520  0.03   1362   1362   1362
 19.500   60.1860  0.6350   0.04 203.13   3.48   0.14  103.2560  2.3320 -0.00   1341   1341   1341
 20.000   55.3920  0.5650   0.04 204.63   3.32   0.09   94.3310  1.9620  0.05   1301   1301   1301
 20.500   51.0210  0.5150   0.04 206.15   3.19   0.13   86.2430  1.6570  0.06   1244   1244   1244
 21.000   46.9460  0.4700  -0.02 207.68   3.13   0.15   78.7660  1.4150  0.06   1223   1223   1223
 21.500   43.3030  0.4390   0.03 209.08   2.98   0.20   72.1640  1.1850  0.06   1190   1190   1190
 22.000   39.9760  0.4170   0.02 210.40   2.89   0.13   66.2010  1.0000  0.10   1178   1178   1178
 22.500   36.8260  0.3920   0.01 211.59   2.86   0.18   60.6410  0.8950 -0.01   1172   1172   1172
 23.000   34.0320  0.3750   0.05 212.47   2.81   0.18   55.8050  0.7940 -0.17   1161   1161   1161
 23.500   31.4640  0.3570   0.08 213.35   2.79   0.17   51.3820  0.7110 -0.22   1151   1151   1151
 24.000   29.0040  0.3420   0.11 214.26   2.70   0.22   47.1630  0.6510 -0.27   1144   1144   1144
 24.500   26.8420  0.3240   0.19 215.14   2.75   0.32   43.4700  0.5870 -0.18   1118   1118   1118
 25.000   24.8500  0.3110   0.21 216.02   2.77   0.29   40.0790  0.5420 -0.18   1096   1096   1096
 25.500   22.9240  0.2970   0.22 216.97   2.80   0.51   36.8120  0.5190 -0.39   1079   1079   1079
 26.000   21.2400  0.2850   0.22 217.90   2.88   0.62   33.9610  0.4900 -0.42   1058   1058   1058
 26.500   19.6050  0.2720   0.27 218.86   2.98   0.78   31.2090  0.4760 -0.42   1039   1039   1039
 27.000   18.1740  0.2590   0.25 219.77   3.01   0.81   28.8120  0.4410 -0.38    992    992    992
 27.500   16.8570  0.2460   0.29 220.77   3.16   0.77   26.6030  0.4150 -0.30    927    927    927
 28.000   15.5710  0.2360   0.30 221.78   3.35   0.68   24.4610  0.4090 -0.29    897    897    897
 28.500   14.4540  0.2240   0.29 222.64   3.60   0.60   22.6200  0.3910 -0.19    839    839    839
 29.000   13.4180  0.2120   0.29 223.58   3.73   0.55   20.9110  0.3680 -0.10    792    792    792
 29.500   12.4030  0.2020   0.23 224.55   3.71   0.42   19.2460  0.3520 -0.04    778    778    778
 30.000   11.5260  0.1930   0.28 225.58   3.68   0.29   17.8030  0.3250  0.07    729    729    729
     T A B L E  II -   3.  T H E R M O D Y N A M I C  S T A T I S T I C A L  P A R A M E T E R S
                                     March
 Station =   74794      Cape Canaveral Air Force Station
    Z      MEAN P   SD P   SKEWP  MEAN T  SD T  SKEWT    MEAN D   SD D  SKEWD  NOBSP  NOBST  NOBSD
    KM       MB       MB             K      K             G/M3    G/M3                           
  0.000 1020.0000  5.0000   0.00 290.00   5.00   0.00 1221.0000 25.0000  0.00    100    100    100
  0.004 1017.0240  5.9700  -0.42 292.08   5.41  -0.47 1205.8669 28.2260  0.22   1868   1868   1868
  0.500  960.5370  4.6580   0.00 289.95   4.33  -0.75 1147.9590 21.0750  0.46   1868   1868   1868
  1.000  905.6290  4.3020  -0.11 286.73   4.30  -0.62 1095.4340 19.1800  0.37   1868   1868   1868
  1.500  853.3600  4.0870  -0.30 284.26   4.01  -0.47 1042.1851 16.2040  0.28   1868   1868   1868
  2.000  803.7400  3.9950  -0.51 282.47   3.75  -0.26  988.7230 13.2550  0.14   1868   1868   1868
  2.500  756.6200  4.0020  -0.65 280.39   3.51  -0.12  938.2090 10.8010 -0.00   1868   1868   1868
  3.000  711.9160  4.0540  -0.70 277.97   3.33  -0.05  890.8230  9.0540 -0.06   1868   1868   1868
  3.500  669.4980  4.1140  -0.71 275.24   3.22   0.02  846.2900  7.8540 -0.07   1868   1868   1868
  4.000  629.1650  4.1710  -0.69 272.36   3.14   0.02  803.9270  6.9940 -0.06   1868   1868   1868
  4.500  590.8570  4.2210  -0.66 269.32   3.16   0.09  763.6350  6.4790 -0.12   1868   1868   1868
  5.000  554.5270  4.2760  -0.61 266.20   3.28   0.20  725.1930  6.1300 -0.22   1868   1868   1868
  5.500  520.0020  4.3320  -0.56 263.01   3.40   0.29  688.3870  5.9200 -0.28   1867   1867   1867
  6.000  487.2220  4.3860  -0.50 259.76   3.51   0.37  653.1390  5.6730 -0.29   1867   1867   1867
  6.500  456.1860  4.4320  -0.42 256.47   3.58   0.43  619.4410  5.5010 -0.32   1867   1867   1867
  7.000  426.7240  4.4630  -0.33 253.01   3.68   0.46  587.3930  5.4010 -0.34   1867   1867   1867
  7.500  398.7790  4.4850  -0.24 249.47   3.72   0.49  556.7520  5.2550 -0.31   1867   1867   1867
  8.000  372.3090  4.5090  -0.13 245.86   3.80   0.52  527.4540  5.1570 -0.46   1818   1818   1818
  8.500  347.2440  4.5010  -0.04 242.18   3.85   0.52  499.4450  5.0840 -0.62   1818   1818   1818
  9.000  323.5150  4.4800   0.05 238.43   3.85   0.51  472.6560  4.9810 -0.77   1817   1817   1817
  9.500  301.1040  4.4890   0.14 234.69   3.93   0.49  446.9490  4.9740 -0.84   1680   1680   1680
 10.000  279.8890  4.4340   0.22 230.96   3.87   0.50  422.1840  4.9920 -0.95   1680   1680   1680
 10.500  259.8730  4.3500   0.30 227.35   3.76   0.53  398.2080  5.2340 -1.07   1680   1680   1680
 11.000  241.0380  4.2410   0.40 224.05   3.72   0.48  374.8150  5.8410 -1.14   1663   1663   1663
 11.500  223.3010  4.0760   0.50 221.08   3.67   0.42  351.9160  6.5080 -1.02   1663   1663   1663
 12.000  206.6900  3.8690   0.60 218.62   3.64   0.34  329.4130  7.1310 -0.71   1663   1663   1663
 12.500  191.2010  3.6210   0.69 216.64   3.65   0.07  307.5440  7.5490 -0.28   1662   1662   1662
 13.000  176.7080  3.3430   0.75 214.95   3.45  -0.20  286.4630  7.4390  0.12   1662   1662   1662
 13.500  163.2340  3.0590   0.78 213.21   3.24  -0.38  266.7830  7.1380  0.46   1662   1662   1662
 14.000  150.6770  2.7730   0.78 211.39   3.09  -0.41  248.3930  6.8030  0.72   1662   1662   1662
 14.500  139.0130  2.4910   0.75 209.43   3.03  -0.41  231.3100  6.4770  0.92   1662   1662   1662
 15.000  128.1430  2.2210   0.70 207.45   3.13  -0.56  215.2640  6.1550  1.03   1662   1662   1662
 15.500  118.0190  1.9620   0.64 205.56   3.30  -0.72  200.0920  5.8480  1.05   1659   1659   1659
 16.000  108.6420  1.7200   0.57 203.85   3.45  -0.83  185.7490  5.4980  1.05   1659   1659   1659
 16.500   99.9400  1.4970   0.48 202.53   3.74  -0.67  171.9890  5.1820  0.94   1658   1658   1658
 17.000   91.8760  1.2920   0.39 201.61   3.85  -0.56  158.8420  4.7150  0.83   1657   1657   1657
 17.500   84.4700  1.1090   0.34 201.26   3.86  -0.48  146.2900  4.2260  0.74   1641   1641   1641
 18.000   77.6500  0.9490   0.29 201.40   3.76  -0.25  134.3780  3.6530  0.54   1616   1616   1616
 18.500   71.3850  0.8230   0.21 202.07   3.52  -0.15  123.1170  3.0750  0.43   1570   1570   1570
 19.000   65.6670  0.7190   0.16 203.10   3.38  -0.04  112.6760  2.5980  0.34   1507   1507   1507
 19.500   60.3810  0.6370   0.09 204.42   3.36  -0.01  102.9330  2.2260  0.35   1496   1496   1496
 20.000   55.6090  0.5740   0.06 205.99   3.11  -0.08   94.0670  1.8160  0.45   1446   1446   1446
 20.500   51.2560  0.5200   0.10 207.65   2.86  -0.17   86.0090  1.4810  0.48   1413   1413   1413
 21.000   47.1870  0.4810   0.07 209.08   2.67  -0.21   78.6350  1.2300  0.48   1397   1397   1397
 21.500   43.5510  0.4500   0.04 210.43   2.52  -0.24   72.1090  1.0240  0.60   1373   1373   1373
 22.000   40.2260  0.4250   0.01 211.67   2.40  -0.24   66.2110  0.8790  0.52   1347   1347   1347
 22.500   37.0740  0.4000  -0.02 212.84   2.36  -0.14   60.6870  0.7720  0.27   1337   1337   1337
 23.000   34.2750  0.3820  -0.01 213.82   2.30  -0.01   55.8470  0.6880  0.16   1325   1325   1325
 23.500   31.7050  0.3650   0.01 214.80   2.27   0.13   51.4230  0.6300 -0.00   1311   1311   1311
 24.000   29.2480  0.3400   0.09 215.77   2.32   0.15   47.2250  0.5840 -0.04   1300   1300   1300
 24.500   27.0750  0.3260   0.13 216.75   2.38   0.18   43.5200  0.5440 -0.06   1268   1268   1268
 25.000   25.0860  0.3080   0.20 217.79   2.44   0.29   40.1290  0.5000 -0.16   1240   1240   1240
 25.500   23.1570  0.2920   0.17 218.85   2.55   0.34   36.8660  0.4700 -0.23   1228   1228   1228
 26.000   21.4660  0.2790   0.24 219.84   2.63   0.31   34.0180  0.4300 -0.13   1208   1208   1208
 26.500   19.8260  0.2670   0.22 220.91   2.76   0.27   31.2670  0.4270 -0.25   1194   1194   1194
 27.000   18.3910  0.2530   0.25 222.07   2.78   0.29   28.8520  0.3960 -0.34   1149   1149   1149
 27.500   17.0700  0.2430   0.30 223.17   2.88   0.30   26.6480  0.3640 -0.36   1093   1093   1093
 28.000   15.7800  0.2320   0.31 224.36   3.00   0.25   24.5030  0.3560 -0.25   1066   1066   1066
 28.500   14.6610  0.2250   0.32 225.47   3.01   0.17   22.6540  0.3340 -0.16   1014   1014   1014
 29.000   13.6280  0.2170   0.37 226.59   3.12   0.05   20.9540  0.3140 -0.00    974    974    974
 29.500   12.6060  0.2060   0.31 227.77   3.18   0.13   19.2830  0.3100 -0.07    941    941    941
 30.000   11.7260  0.1950   0.43 228.85   3.23   0.13   17.8520  0.2930  0.07    887    887    887
     T A B L E  II -   4.  T H E R M O D Y N A M I C  S T A T I S T I C A L  P A R A M E T E R S
                                     April
 Station =   74794      Cape Canaveral Air Force Station
    Z      MEAN P   SD P   SKEWP  MEAN T  SD T  SKEWT    MEAN D   SD D  SKEWD  NOBSP  NOBST  NOBSD
    KM       MB       MB             K      K             G/M3    G/M3                           
  0.000 1020.0000  5.0000   0.00 290.00   5.00   0.00 1221.0000 25.0000  0.00    100    100    100
  0.004 1016.0730  4.9620  -0.54 295.00   4.49  -0.73 1191.4030 22.3420  0.51   1694   1694   1694
  0.500  960.0370  3.9370  -0.16 292.21   3.06  -0.61 1137.2820 14.9180  0.42   1694   1694   1694
  1.000  905.6270  3.6580  -0.29 289.04   3.29  -0.65 1085.8280 14.4050  0.49   1694   1694   1694
  1.500  853.7860  3.4800  -0.44 286.38   3.27  -0.61 1034.3330 12.8100  0.54   1694   1694   1694
  2.000  804.4870  3.3940  -0.59 284.21   3.05  -0.45  983.1120 10.5610  0.32   1694   1694   1694
  2.500  757.6090  3.3760  -0.69 282.02   2.88  -0.31  933.7450  8.7850  0.07   1694   1694   1694
  3.000  713.1010  3.3890  -0.74 279.48   2.74  -0.29  887.3000  7.5770  0.07   1694   1694   1694
  3.500  670.8390  3.4110  -0.76 276.72   2.63  -0.15  843.3560  6.5550 -0.05   1694   1694   1694
  4.000  630.6360  3.4420  -0.75 273.79   2.61  -0.08  801.4770  5.9600 -0.05   1693   1693   1693
  4.500  592.4380  3.4700  -0.71 270.73   2.62  -0.05  761.6070  5.4880 -0.14   1693   1693   1693
  5.000  556.1930  3.5030  -0.67 267.56   2.71   0.01  723.6300  5.2080 -0.23   1693   1693   1693
  5.500  521.7320  3.5420  -0.62 264.33   2.82   0.17  687.1890  5.0920 -0.29   1693   1693   1693
  6.000  489.0030  3.5760  -0.57 261.04   2.89   0.24  652.2690  4.8760 -0.30   1693   1693   1693
  6.500  458.0010  3.6080  -0.50 257.65   2.97   0.31  619.0020  4.6580 -0.37   1692   1692   1692
  7.000  428.5550  3.6360  -0.43 254.20   3.07   0.37  587.1250  4.5390 -0.40   1692   1692   1692
  7.500  400.6210  3.6650  -0.36 250.67   3.17   0.49  556.6100  4.4150 -0.44   1692   1692   1692
  8.000  374.1930  3.7040  -0.28 247.06   3.30   0.54  527.5320  4.3420 -0.44   1669   1669   1669
  8.500  349.1180  3.7190  -0.20 243.37   3.36   0.54  499.6830  4.2180 -0.46   1669   1669   1669
  9.000  325.3710  3.7240  -0.12 239.62   3.39   0.56  472.9950  4.0960 -0.55   1668   1668   1668
  9.500  302.9020  3.8110   0.01 235.79   3.46   0.66  447.5000  4.0140 -0.67   1536   1536   1536
 10.000  281.6550  3.7850   0.09 231.96   3.43   0.69  422.9950  3.9790 -0.86   1536   1536   1536
 10.500  261.5900  3.7380   0.18 228.19   3.36   0.73  399.3640  4.1040 -1.06   1536   1536   1536
 11.000  242.6980  3.6730   0.28 224.48   3.28   0.71  376.6480  4.3730 -1.11   1520   1520   1520
 11.500  224.8550  3.5680   0.38 221.05   3.19   0.69  354.3870  4.8250 -1.14   1520   1520   1520
 12.000  208.1060  3.4250   0.50 218.03   3.16   0.53  332.5450  5.4630 -1.00   1520   1520   1520
 12.500  192.4450  3.2510   0.62 215.49   3.28   0.35  311.1590  6.1920 -0.72   1515   1515   1515
 13.000  177.7750  3.0290   0.73 213.52   3.37   0.12  290.1160  6.6480 -0.36   1515   1515   1515
 13.500  164.1340  2.7880   0.82 211.97   3.38  -0.01  269.8290  6.7680 -0.03   1514   1514   1514
 14.000  151.4480  2.5270   0.87 210.64   3.21  -0.05  250.5460  6.4990  0.34   1513   1513   1513
 14.500  139.6980  2.2680   0.88 209.19   3.11  -0.16  232.7200  6.2010  0.68   1513   1513   1513
 15.000  128.7700  2.0110   0.86 207.56   3.24  -0.34  216.2120  5.9470  0.88   1510   1510   1510
 15.500  118.6150  1.7680   0.82 205.97   3.39  -0.56  200.7060  5.6260  1.00   1504   1504   1504
 16.000  109.2180  1.5400   0.76 204.53   3.59  -0.77  186.1130  5.3250  1.11   1504   1504   1504
 16.500  100.4960  1.3260   0.68 203.26   3.79  -0.79  172.3300  4.9830  1.09   1504   1504   1504
 17.000   92.4180  1.1350   0.59 202.39   3.81  -0.75  159.1520  4.4910  1.01   1504   1504   1504
 17.500   84.9920  0.9670   0.54 202.07   3.77  -0.54  146.5940  3.9580  0.82   1498   1498   1498
 18.000   78.1520  0.8270   0.48 202.15   3.70  -0.18  134.7350  3.4370  0.52   1481   1481   1481
 18.500   71.8590  0.7100   0.48 202.89   3.63  -0.03  123.4320  2.9660  0.39   1447   1447   1447
 19.000   66.1170  0.6190   0.48 204.02   3.52   0.02  112.9330  2.4990  0.40   1408   1408   1408
 19.500   60.8160  0.5470   0.48 205.49   3.37  -0.06  103.1350  2.0910  0.50   1387   1387   1387
 20.000   56.0250  0.4950   0.50 207.00   3.09  -0.21   94.3080  1.6740  0.61   1344   1344   1344
 20.500   51.6560  0.4560   0.47 208.53   2.90  -0.20   86.3120  1.3870  0.57   1320   1320   1320
 21.000   47.5780  0.4260   0.45 210.15   2.76  -0.11   78.8830  1.1570  0.40   1306   1306   1306
 21.500   43.9250  0.4020   0.43 211.69   2.56  -0.21   72.2920  0.9450  0.35   1280   1280   1280
 22.000   40.5900  0.3790   0.36 213.11   2.45  -0.18   66.3580  0.8020  0.27   1261   1261   1261
 22.500   37.4290  0.3640   0.32 214.50   2.34  -0.06   60.7910  0.7020  0.15   1253   1253   1253
 23.000   34.6270  0.3450   0.36 215.70   2.27   0.01   55.9270  0.6180  0.19   1239   1239   1239
 23.500   32.0590  0.3330   0.39 216.84   2.33   0.02   51.5070  0.5780  0.25   1225   1225   1225
 24.000   29.5910  0.3180   0.35 218.00   2.32  -0.05   47.2900  0.5450  0.20   1221   1221   1221
 24.500   27.4180  0.2990   0.27 219.12   2.30   0.03   43.5930  0.4860  0.08   1197   1197   1197
 25.000   25.4190  0.2830   0.29 220.23   2.35  -0.00   40.2120  0.4380  0.07   1180   1180   1180
 25.500   23.4800  0.2720   0.22 221.36   2.32  -0.01   36.9540  0.4200 -0.08   1171   1171   1171
 26.000   21.7910  0.2610   0.24 222.40   2.36  -0.05   34.1350  0.3890 -0.07   1150   1150   1150
 26.500   20.1410  0.2510   0.19 223.56   2.49  -0.12   31.3870  0.3910 -0.05   1140   1140   1140
 27.000   18.7060  0.2380   0.22 224.66   2.50  -0.17   29.0070  0.3610 -0.02   1101   1101   1101
 27.500   17.3850  0.2290   0.22 225.64   2.49  -0.18   26.8410  0.3330  0.05   1046   1046   1046
 28.000   16.0800  0.2170   0.20 226.75   2.53  -0.15   24.7070  0.3360 -0.10   1009   1009   1009
 28.500   14.9520  0.2080   0.17 227.75   2.57  -0.09   22.8720  0.3160 -0.14    942    942    942
 29.000   13.9090  0.1990   0.25 228.78   2.60  -0.04   21.1800  0.3010 -0.01    883    883    883
 29.500   12.8750  0.1860   0.18 229.90   2.78  -0.05   19.5110  0.3070 -0.11    867    867    867
 30.000   11.9860  0.1740   0.06 231.01   2.92  -0.02   18.0770  0.2860 -0.05    825    825    825
     T A B L E  II -   5.  T H E R M O D Y N A M I C  S T A T I S T I C A L  P A R A M E T E R S
                                       May
 Station =   74794      Cape Canaveral Air Force Station
    Z      MEAN P   SD P   SKEWP  MEAN T  SD T  SKEWT    MEAN D   SD D  SKEWD  NOBSP  NOBST  NOBSD
    KM       MB       MB             K      K             G/M3    G/M3                           
  0.000 1020.0000  5.0000   0.00 290.00   5.00   0.00 1221.0000 25.0000  0.00    100    100    100
  0.004 1015.8050  4.2110  -0.59 297.80   3.58  -0.79 1178.3220 16.3070  0.66   2069   2069   2069
  0.500  960.2350  3.4670  -0.39 294.54   2.05  -0.00 1127.2350 10.0560  0.03   2069   2069   2069
  1.000  906.2930  3.2230  -0.54 291.43   2.32  -0.33 1076.7410 10.1460  0.26   2069   2069   2069
  1.500  854.8600  3.0530  -0.70 288.56   2.25  -0.51 1026.9250  8.7200  0.39   2069   2069   2069
  2.000  805.8650  2.9680  -0.80 285.97   2.23  -0.22  977.9680  7.4560  0.22   2069   2069   2069
  2.500  759.2000  2.9290  -0.86 283.48   2.25  -0.07  930.2680  6.6820  0.07   2069   2069   2069
  3.000  714.8400  2.9070  -0.86 280.88   2.13   0.06  884.6140  5.8520 -0.05   2068   2068   2068
  3.500  672.6980  2.8900  -0.85 278.11   2.09   0.07  841.1140  5.3090 -0.10   2068   2068   2068
  4.000  632.6040  2.8820  -0.82 275.22   2.13   0.10  799.5550  5.0840 -0.15   2067   2067   2067
  4.500  594.4930  2.8740  -0.79 272.24   2.11   0.15  759.8110  4.7260 -0.16   2066   2066   2066
  5.000  558.3390  2.8640  -0.76 269.21   2.16   0.14  721.8090  4.5820 -0.10   2065   2065   2065
  5.500  523.9670  2.8640  -0.73 266.10   2.25   0.18  685.4170  4.4440 -0.16   2065   2065   2065
  6.000  491.3260  2.8710  -0.69 262.92   2.34   0.20  650.5830  4.2350 -0.26   2063   2063   2063
  6.500  460.4020  2.8890  -0.65 259.62   2.44   0.12  617.4650  4.0820 -0.25   2060   2060   2060
  7.000  431.0250  2.9160  -0.61 256.21   2.60   0.06  585.8100  3.9520 -0.26   2059   2059   2059
  7.500  403.1480  2.9520  -0.57 252.72   2.74   0.09  555.5520  3.8110 -0.23   2058   2058   2058
  8.000  376.7670  2.9980  -0.51 249.14   2.84   0.12  526.6920  3.6220 -0.25   2018   2018   2018
  8.500  351.7260  3.0330  -0.47 245.48   2.92   0.13  499.0550  3.4240 -0.21   2017   2017   2017
  9.000  328.0080  3.0620  -0.42 241.74   2.95   0.16  472.6270  3.1890 -0.15   2017   2017   2017
  9.500  305.5200  3.1020  -0.25 237.86   2.96   0.27  447.4240  3.0090 -0.21   1867   1867   1867
 10.000  284.2730  3.1040  -0.19 234.02   2.94   0.29  423.1620  2.8730 -0.35   1867   1867   1867
 10.500  264.1930  3.0890  -0.13 230.18   2.86   0.33  399.8380  2.8200 -0.66   1867   1867   1867
 11.000  245.2620  3.0610  -0.05 226.38   2.79   0.40  377.4250  2.9870 -1.02   1841   1841   1841
 11.500  227.3670  3.0010   0.02 222.70   2.69   0.42  355.6660  3.2970 -1.28   1841   1841   1841
 12.000  210.5400  2.9130   0.10 219.25   2.62   0.50  334.5320  3.8410 -1.30   1840   1840   1840
 12.500  194.7700  2.7930   0.20 216.09   2.65   0.55  314.0250  4.5510 -1.17   1839   1839   1839
 13.000  179.9330  2.6310   0.29 213.39   2.73   0.55  293.7910  5.1460 -0.91   1836   1836   1836
 13.500  166.0950  2.4440   0.40 211.13   3.00   0.45  274.1180  5.7210 -0.62   1835   1835   1835
 14.000  153.1970  2.2290   0.49 209.41   3.30   0.31  254.9300  6.0360 -0.27   1834   1834   1834
 14.500  141.2420  2.0020   0.55 207.96   3.32   0.10  236.6820  5.8700  0.07   1831   1831   1831
 15.000  130.1400  1.7780   0.57 206.67   3.29  -0.07  219.4440  5.5240  0.36   1831   1831   1831
 15.500  119.8400  1.5690   0.56 205.39   3.28  -0.24  203.3330  5.1250  0.56   1815   1815   1815
 16.000  110.3270  1.3700   0.52 204.23   3.33  -0.42  188.2590  4.7640  0.73   1815   1815   1815
 16.500  101.5150  1.1870   0.47 203.36   3.42  -0.66  173.9660  4.3920  0.88   1815   1815   1815
 17.000   93.3640  1.0240   0.40 202.73   3.49  -0.70  160.5010  4.0030  0.87   1814   1814   1814
 17.500   85.8780  0.8830   0.36 202.58   3.36  -0.59  147.7360  3.4590  0.78   1805   1805   1805
 18.000   78.9860  0.7670   0.30 202.99   3.23  -0.42  135.5980  2.9430  0.64   1792   1792   1792
 18.500   72.6590  0.6760   0.25 204.04   3.07  -0.32  124.0880  2.4610  0.54   1754   1754   1754
 19.000   66.8910  0.6070   0.23 205.53   2.94  -0.31  113.4030  2.0760  0.52   1682   1682   1682
 19.500   61.5620  0.5480   0.19 207.33   2.76  -0.47  103.4570  1.7080  0.59   1665   1665   1665
 20.000   56.7580  0.5060   0.18 209.05   2.55  -0.51   94.5980  1.3950  0.63   1629   1629   1629
 20.500   52.3880  0.4740   0.16 210.71   2.37  -0.42   86.6240  1.1680  0.50   1565   1565   1565
 21.000   48.2850  0.4440   0.13 212.21   2.21  -0.38   79.2730  0.9920  0.28   1553   1553   1553
 21.500   44.6160  0.4180   0.14 213.49   2.08  -0.33   72.8110  0.8720  0.16   1515   1515   1515
 22.000   41.2560  0.3930   0.16 214.79   2.04  -0.22   66.9180  0.7910  0.10   1491   1491   1491
 22.500   38.0640  0.3700   0.15 216.10   1.97  -0.15   61.3670  0.7220 -0.00   1479   1479   1479
 23.000   35.2350  0.3480   0.18 217.20   1.91   0.06   56.5170  0.6440 -0.09   1456   1456   1456
 23.500   32.6400  0.3290   0.17 218.30   1.93   0.07   52.0910  0.5920 -0.02   1442   1442   1442
 24.000   30.1390  0.3110   0.13 219.47   1.91   0.04   47.8440  0.5540 -0.03   1436   1436   1436
 24.500   27.9430  0.2930   0.17 220.52   1.88   0.06   44.1450  0.4990  0.01   1410   1410   1410
 25.000   25.9190  0.2760   0.13 221.51   1.91   0.05   40.7650  0.4670  0.08   1376   1376   1376
 25.500   23.9540  0.2610   0.13 222.62   1.90   0.09   37.4870  0.4450  0.09   1362   1362   1362
 26.000   22.2380  0.2470   0.13 223.65   1.93  -0.05   34.6400  0.4110  0.06   1342   1342   1342
 26.500   20.5620  0.2330   0.12 224.74   2.08   0.01   31.8740  0.4040 -0.03   1330   1330   1330
 27.000   19.1010  0.2210   0.09 225.73   2.06  -0.09   29.4800  0.3740 -0.06   1290   1290   1290
 27.500   17.7560  0.2070   0.16 226.74   2.09  -0.02   27.2830  0.3500 -0.04   1240   1240   1240
 28.000   16.4320  0.1960   0.13 227.76   2.16  -0.02   25.1350  0.3380 -0.10   1217   1217   1217
 28.500   15.2880  0.1860   0.12 228.70   2.19  -0.09   23.2890  0.3130 -0.11   1147   1147   1147
 29.000   14.2260  0.1760   0.21 229.58   2.19  -0.12   21.5890  0.2860 -0.11   1061   1061   1061
 29.500   13.1740  0.1640   0.17 230.48   2.21  -0.12   19.9130  0.2680 -0.16   1026   1026   1026
 30.000   12.2650  0.1590   0.29 231.31   2.18  -0.19   18.4730  0.2460 -0.11    961    961    961
     T A B L E  II -   6.  T H E R M O D Y N A M I C  S T A T I S T I C A L  P A R A M E T E R S
                                      June
 Station =   74794      Cape Canaveral Air Force Station
    Z      MEAN P   SD P   SKEWP  MEAN T  SD T  SKEWT    MEAN D   SD D  SKEWD  NOBSP  NOBST  NOBSD
    KM       MB       MB             K      K             G/M3    G/M3                           
  0.000 1020.0000  5.0000   0.00 290.00   5.00   0.00 1221.0000 25.0000  0.00    100    100    100
  0.004 1015.9770  3.4700  -0.80 299.61   3.05  -0.05 1169.3590 12.9120  0.20   2146   2146   2146
  0.500  960.8690  2.8140  -0.48 296.56   1.50   0.49 1118.4310  6.6920 -0.36   2146   2146   2146
  1.000  907.3430  2.6670  -0.49 293.57   1.67  -0.13 1068.5730  6.8400  0.11   2146   2146   2146
  1.500  856.2810  2.5500  -0.48 290.56   1.61  -0.56 1020.0980  6.1210  0.45   2146   2146   2146
  2.000  807.5840  2.4570  -0.45 287.71   1.51  -0.36  972.6430  5.2850  0.23   2146   2146   2146
  2.500  761.1430  2.3730  -0.44 285.01   1.53   0.08  926.3140  4.9370 -0.21   2146   2146   2146
  3.000  716.9450  2.2910  -0.44 282.23   1.52   0.22  881.7920  4.6480 -0.38   2146   2146   2146
  3.500  674.9210  2.2160  -0.45 279.37   1.52   0.22  839.0800  4.4480 -0.38   2141   2141   2141
  4.000  634.9110  2.1420  -0.46 276.48   1.53   0.38  797.9810  4.3310 -0.42   2141   2141   2141
  4.500  596.8750  2.0710  -0.47 273.65   1.55   0.49  758.2540  4.2060 -0.39   2141   2141   2141
  5.000  560.8030  2.0080  -0.47 270.91   1.55   0.34  719.8990  4.0120 -0.23   2139   2139   2139
  5.500  526.5330  1.9540  -0.48 268.09   1.57   0.10  683.2180  3.8060 -0.16   2138   2138   2138
  6.000  493.9990  1.9140  -0.49 265.16   1.58   0.07  648.2470  3.5760 -0.32   2138   2138   2138
  6.500  463.1960  1.8840  -0.51 262.18   1.64  -0.04  614.8690  3.4030 -0.25   2135   2135   2135
  7.000  433.9480  1.8670  -0.53 259.05   1.75  -0.11  583.1120  3.3200 -0.25   2135   2135   2135
  7.500  406.2030  1.8630  -0.56 255.80   1.84  -0.21  552.8680  3.1940 -0.21   2134   2134   2134
  8.000  379.9520  1.8630  -0.59 252.40   1.91  -0.23  524.1690  3.0590 -0.16   2115   2115   2115
  8.500  355.0310  1.8670  -0.60 248.90   1.96  -0.22  496.7370  2.9060 -0.08   2115   2115   2115
  9.000  331.4190  1.8690  -0.58 245.24   1.97  -0.16  470.6630  2.7300 -0.12   2114   2114   2114
  9.500  309.0210  1.8680  -0.56 241.38   2.01  -0.12  445.9110  2.5770 -0.18   1945   1945   1945
 10.000  287.8340  1.8690  -0.53 237.47   2.03  -0.10  422.1960  2.3840 -0.27   1945   1945   1945
 10.500  267.7850  1.8660  -0.49 233.48   2.01  -0.07  399.5300  2.1950 -0.36   1945   1945   1945
 11.000  248.8460  1.8570  -0.45 229.42   1.98  -0.01  377.8460  2.0830 -0.58   1907   1907   1907
 11.500  230.9100  1.8400  -0.41 225.39   1.95   0.05  356.8870  1.9830 -0.79   1907   1907   1907
 12.000  214.0010  1.8150  -0.36 221.41   1.90   0.17  336.7070  2.0000 -0.98   1907   1907   1907
 12.500  198.0970  1.7740  -0.32 217.55   1.87   0.29  317.2220  2.2110 -0.99   1902   1902   1902
 13.000  183.0760  1.7160  -0.27 213.92   1.83   0.38  298.1470  2.5410 -0.94   1902   1902   1902
 13.500  169.0020  1.6370  -0.21 210.63   1.89   0.32  279.5310  2.9950 -0.87   1902   1902   1902
 14.000  155.8170  1.5360  -0.15 207.84   2.14   0.23  261.2000  3.5270 -0.68   1901   1901   1901
 14.500  143.5530  1.4170  -0.09 205.77   2.37   0.29  243.0720  3.8490 -0.48   1900   1900   1900
 15.000  132.1480  1.2830  -0.06 204.27   2.59   0.16  225.4150  4.0030 -0.25   1899   1899   1899
 15.500  121.5700  1.1400  -0.05 203.22   2.71  -0.05  208.4480  3.9400  0.03   1897   1897   1897
 16.000  111.8350  1.0000  -0.07 202.63   2.82  -0.35  192.3180  3.7320  0.29   1897   1897   1897
 16.500  102.8470  0.8700  -0.09 202.39   2.94  -0.53  177.0720  3.4730  0.43   1896   1896   1896
 17.000   94.5700  0.7580  -0.11 202.61   3.07  -0.54  162.6470  3.1500  0.45   1895   1895   1895
 17.500   87.0010  0.6680  -0.13 203.25   3.11  -0.56  149.1570  2.7840  0.46   1885   1885   1885
 18.000   80.0500  0.6000  -0.16 204.18   3.08  -0.60  136.6120  2.4250  0.53   1861   1861   1861
 18.500   73.6760  0.5460  -0.19 205.42   2.95  -0.70  124.9730  2.0260  0.64   1822   1822   1822
 19.000   67.8640  0.5060  -0.23 206.85   2.79  -0.79  114.3140  1.6950  0.60   1770   1770   1770
 19.500   62.4910  0.4810  -0.27 208.36   2.60  -0.75  104.4970  1.4060  0.44   1755   1755   1755
 20.000   57.6380  0.4560  -0.30 209.82   2.33  -0.72   95.7070  1.1420  0.27   1736   1736   1736
 20.500   53.2050  0.4310  -0.32 211.30   2.13  -0.47   87.7240  0.9560  0.05   1700   1700   1700
 21.000   49.0510  0.4180  -0.35 212.74   2.03  -0.29   80.3290  0.8500  0.06   1683   1683   1683
 21.500   45.3340  0.3960  -0.36 214.05   1.92  -0.20   73.7850  0.7500  0.04   1647   1647   1647
 22.000   41.9210  0.3740  -0.34 215.25   1.90  -0.18   67.8490  0.6860 -0.03   1607   1607   1607
 22.500   38.6900  0.3610  -0.40 216.44   1.92  -0.20   62.2740  0.6590 -0.03   1586   1586   1586
 23.000   35.8150  0.3390  -0.36 217.56   1.91  -0.26   57.3510  0.6020 -0.04   1568   1568   1568
 23.500   33.1770  0.3210  -0.34 218.59   1.92  -0.14   52.8780  0.5630 -0.07   1541   1541   1541
 24.000   30.6430  0.3070  -0.39 219.66   1.92  -0.01   48.6010  0.5530 -0.08   1531   1531   1531
 24.500   28.4120  0.2850  -0.41 220.68   1.85  -0.02   44.8540  0.5010 -0.19   1495   1495   1495
 25.000   26.3550  0.2680  -0.36 221.66   1.91  -0.02   41.4240  0.4740 -0.15   1474   1474   1474
 25.500   24.3580  0.2560  -0.45 222.61   1.89   0.02   38.1210  0.4550 -0.21   1460   1460   1460
 26.000   22.6110  0.2380  -0.41 223.54   1.90   0.04   35.2390  0.4160 -0.23   1425   1425   1425
 26.500   20.9100  0.2270  -0.50 224.53   2.00   0.04   32.4460  0.4130 -0.30   1412   1412   1412
 27.000   19.4200  0.2110  -0.41 225.45   2.00  -0.03   30.0110  0.3720 -0.26   1377   1377   1377
 27.500   18.0520  0.1980  -0.36 226.42   2.07   0.01   27.7760  0.3430 -0.18   1306   1306   1306
 28.000   16.7070  0.1870  -0.34 227.42   2.16   0.15   25.5940  0.3320 -0.19   1265   1265   1265
 28.500   15.5370  0.1750  -0.29 228.27   2.12  -0.02   23.7120  0.2910 -0.10   1192   1192   1192
 29.000   14.4600  0.1590   0.05 229.18   2.17  -0.14   21.9820  0.2660  0.12   1113   1113   1113
 29.500   13.3920  0.1490  -0.07 230.07   2.26  -0.23   20.2780  0.2530  0.03   1074   1074   1074
 30.000   12.4690  0.1400  -0.15 230.87   2.23  -0.12   18.8160  0.2340 -0.17   1014   1014   1014
     T A B L E  II -   7.  T H E R M O D Y N A M I C  S T A T I S T I C A L  P A R A M E T E R S
                                      July
 Station =   74794      Cape Canaveral Air Force Station
    Z      MEAN P   SD P   SKEWP  MEAN T  SD T  SKEWT    MEAN D   SD D  SKEWD  NOBSP  NOBST  NOBSD
    KM       MB       MB             K      K             G/M3    G/M3                           
  0.000 1020.0000  5.0000   0.00 290.00   5.00   0.00 1221.0000 25.0000  0.00    100    100    100
  0.004 1017.0840  2.9890  -0.76 300.35   3.08  -0.08 1167.0920 12.7540  0.25   2070   2070   2070
  0.500  961.9590  2.5030  -0.28 297.52   1.35  -0.02 1115.6080  5.9500 -0.17   2070   2070   2070
  1.000  908.5620  2.3650  -0.29 294.50   1.37  -0.68 1066.1940  5.7460  0.17   2070   2070   2070
  1.500  857.6010  2.2470  -0.29 291.41   1.32  -0.96 1018.2940  5.1310  0.33   2070   2070   2070
  2.000  808.9780  2.1440  -0.29 288.49   1.20  -0.71  971.3830  4.4380  0.25   2070   2070   2070
  2.500  762.5870  2.0420  -0.28 285.72   1.15  -0.15  925.4850  4.0870 -0.09   2070   2070   2070
  3.000  718.4210  1.9420  -0.26 282.91   1.15  -0.09  881.2480  3.9150 -0.20   2070   2070   2070
  3.500  676.4180  1.8400  -0.24 280.05   1.12  -0.06  838.6900  3.8410 -0.24   2070   2070   2070
  4.000  636.4220  1.7410  -0.23 277.15   1.20  -0.04  797.7330  3.9150 -0.24   2070   2070   2070
  4.500  598.3970  1.6470  -0.21 274.32   1.26   0.08  758.1370  3.8460 -0.23   2070   2070   2070
  5.000  562.3230  1.5550  -0.21 271.56   1.26   0.07  719.9590  3.6860 -0.19   2070   2070   2070
  5.500  528.0450  1.4770  -0.22 268.75   1.24   0.04  683.3760  3.4590 -0.13   2070   2070   2070
  6.000  495.5050  1.4100  -0.22 265.87   1.23   0.05  648.3840  3.2410 -0.16   2070   2070   2070
  6.500  464.6920  1.3480  -0.25 262.94   1.27   0.04  615.0100  3.1130 -0.14   2070   2070   2070
  7.000  435.4380  1.2980  -0.29 259.87   1.32  -0.09  583.2230  3.0520 -0.05   2070   2070   2070
  7.500  407.6880  1.2570  -0.34 256.67   1.36   0.02  552.9520  2.9020 -0.03   2070   2070   2070
  8.000  381.4330  1.2260  -0.37 253.33   1.42  -0.02  524.2460  2.7580  0.03   2068   2068   2068
  8.500  356.5090  1.2100  -0.39 249.86   1.51  -0.05  496.8680  2.6520  0.02   2068   2068   2068
  9.000  332.8860  1.2030  -0.39 246.23   1.58  -0.06  470.8440  2.5470  0.02   2068   2068   2068
  9.500  310.5200  1.2160  -0.33 242.42   1.66   0.02  446.1460  2.4330  0.01   1862   1862   1862
 10.000  289.3160  1.2280  -0.30 238.51   1.68  -0.01  422.5250  2.2040  0.04   1862   1862   1862
 10.500  269.2500  1.2400  -0.27 234.49   1.70  -0.05  399.9730  2.0320  0.02   1862   1862   1862
 11.000  250.3080  1.2560  -0.24 230.45   1.73  -0.04  378.3610  1.8770 -0.04   1833   1833   1833
 11.500  232.3470  1.2660  -0.21 226.37   1.71  -0.00  357.5520  1.7010 -0.16   1833   1833   1833
 12.000  215.4010  1.2720  -0.17 222.35   1.69   0.06  337.4710  1.5820 -0.39   1833   1833   1833
 12.500  199.4590  1.2700  -0.13 218.41   1.66   0.06  318.1450  1.5680 -0.59   1828   1828   1828
 13.000  184.3880  1.2540  -0.11 214.66   1.62  -0.06  299.2480  1.7200 -0.72   1828   1828   1828
 13.500  170.2540  1.2230  -0.08 211.19   1.64  -0.12  280.8560  2.0220 -0.73   1828   1828   1828
 14.000  156.9990  1.1720  -0.06 208.18   1.80  -0.04  262.7410  2.5300 -0.61   1827   1827   1827
 14.500  144.6520  1.0920  -0.05 205.79   2.14   0.27  244.8950  3.1200 -0.46   1827   1827   1827
 15.000  133.1520  0.9950  -0.07 204.00   2.59   0.27  227.4230  3.5950 -0.23   1827   1827   1827
 15.500  122.4800  0.8820  -0.10 202.94   2.95   0.02  210.3010  3.7700  0.05   1827   1827   1827
 16.000  112.6610  0.7720  -0.15 202.52   3.04  -0.26  193.8460  3.5280  0.29   1827   1827   1827
 16.500  103.6110  0.6800  -0.20 202.71   3.00  -0.51  178.1080  3.0760  0.37   1826   1826   1826
 17.000   95.2940  0.6160  -0.25 203.33   2.76  -0.64  163.2970  2.5010  0.37   1824   1824   1824
 17.500   87.6960  0.5670  -0.33 204.10   2.52  -0.56  149.7070  2.0070  0.22   1814   1814   1814
 18.000   80.7160  0.5330  -0.42 205.05   2.30  -0.53  137.1450  1.6520  0.17   1792   1792   1792
 18.500   74.3100  0.5050  -0.51 206.19   2.13  -0.42  125.5620  1.3710  0.05   1762   1762   1762
 19.000   68.4690  0.4820  -0.57 207.45   2.03  -0.31  114.9860  1.1720  0.05   1719   1719   1719
 19.500   63.0660  0.4660  -0.61 208.86   2.09  -0.20  105.2010  1.1050  0.06   1708   1708   1708
 20.000   58.1760  0.4450  -0.66 210.32   1.96  -0.15   96.3650  0.9470  0.05   1671   1671   1671
 20.500   53.7100  0.4190  -0.67 211.74   1.93  -0.05   88.3740  0.8580 -0.00   1630   1630   1630
 21.000   49.5290  0.4070  -0.70 213.05   1.91   0.05   80.9920  0.8100 -0.08   1615   1615   1615
 21.500   45.7760  0.3840  -0.69 214.22   1.83   0.02   74.4460  0.7210 -0.09   1572   1572   1572
 22.000   42.3310  0.3620  -0.69 215.34   1.85  -0.09   68.4850  0.6780 -0.07   1524   1524   1524
 22.500   39.0720  0.3500  -0.74 216.46   1.84  -0.06   62.8850  0.6650 -0.07   1510   1510   1510
 23.000   36.1670  0.3280  -0.73 217.50   1.86  -0.00   57.9320  0.6020 -0.03   1490   1490   1490
 23.500   33.4980  0.3070  -0.69 218.50   1.96   0.03   53.4100  0.5620 -0.05   1467   1467   1467
 24.000   30.9450  0.2990  -0.77 219.52   1.96   0.13   49.1100  0.5370 -0.12   1461   1461   1461
 24.500   28.6850  0.2790  -0.72 220.54   1.96   0.13   45.3130  0.4990 -0.10   1435   1435   1435
 25.000   26.6050  0.2640  -0.65 221.47   2.03   0.23   41.8530  0.4760 -0.23   1416   1416   1416
 25.500   24.5940  0.2500  -0.74 222.43   2.03   0.04   38.5210  0.4650 -0.25   1409   1409   1409
 26.000   22.8290  0.2350  -0.69 223.30   2.05   0.09   35.6170  0.4310 -0.31   1375   1375   1375
 26.500   21.1140  0.2230  -0.76 224.23   2.11   0.07   32.8050  0.4140 -0.29   1366   1366   1366
 27.000   19.6070  0.2080  -0.67 225.10   2.10   0.15   30.3460  0.3730 -0.25   1344   1344   1344
 27.500   18.2200  0.1940  -0.58 225.96   2.11   0.18   28.0920  0.3360 -0.25   1294   1294   1294
 28.000   16.8620  0.1860  -0.63 226.81   2.22   0.18   25.9000  0.3240 -0.35   1268   1268   1268
 28.500   15.6740  0.1740  -0.61 227.62   2.24   0.06   23.9910  0.2930 -0.41   1223   1223   1223
 29.000   14.5800  0.1630  -0.43 228.42   2.33   0.14   22.2370  0.2690 -0.40   1163   1163   1163
 29.500   13.5000  0.1550  -0.43 229.24   2.38   0.20   20.5170  0.2650 -0.39   1132   1132   1132
 30.000   12.5650  0.1420  -0.22 230.00   2.32   0.09   19.0320  0.2370 -0.27   1084   1084   1084
     T A B L E  II -   8.  T H E R M O D Y N A M I C  S T A T I S T I C A L  P A R A M E T E R S
                                    August
 Station =   74794      Cape Canaveral Air Force Station
    Z      MEAN P   SD P   SKEWP  MEAN T  SD T  SKEWT    MEAN D   SD D  SKEWD  NOBSP  NOBST  NOBSD
    KM       MB       MB             K      K             G/M3    G/M3                           
  0.000 1020.0000  5.0000   0.00 290.00   5.00   0.00 1221.0000 25.0000  0.00    100    100    100
  0.004 1015.9690  3.1080  -0.71 300.37   2.95  -0.17 1165.5699 12.2610  0.34   2171   2171   2171
  0.500  960.9340  2.7270  -0.58 297.59   1.27  -0.60 1113.9640  6.0260  0.29   2171   2171   2171
  1.000  907.6110  2.5700  -0.57 294.54   1.34  -1.24 1064.7550  5.9100  0.57   2171   2171   2171
  1.500  856.7210  2.4320  -0.56 291.51   1.31  -1.55 1016.7920  5.3490  0.73   2171   2171   2171
  2.000  808.1770  2.3030  -0.53 288.70   1.14  -0.54  969.6290  4.5770  0.14   2170   2170   2170
  2.500  761.8720  2.1800  -0.51 285.93   1.15  -0.10  923.7740  4.3530 -0.16   2170   2170   2170
  3.000  717.7890  2.0620  -0.48 283.18   1.16  -0.17  879.5000  4.2440 -0.27   2170   2170   2170
  3.500  675.8730  1.9470  -0.46 280.38   1.19  -0.08  836.9130  4.2290 -0.28   2167   2167   2167
  4.000  635.9630  1.8390  -0.44 277.54   1.30  -0.05  795.9580  4.2540 -0.21   2167   2167   2167
  4.500  598.0220  1.7450  -0.41 274.73   1.33   0.06  756.4630  3.9990 -0.32   2167   2167   2167
  5.000  562.0260  1.6550  -0.38 271.98   1.34   0.03  718.4320  3.8510 -0.36   2166   2166   2166
  5.500  527.8220  1.5750  -0.37 269.22   1.35   0.04  681.8870  3.6700 -0.39   2166   2166   2166
  6.000  495.3510  1.5040  -0.35 266.37   1.32   0.01  646.9920  3.4580 -0.38   2166   2166   2166
  6.500  464.6050  1.4390  -0.34 263.42   1.34  -0.02  613.8020  3.2770 -0.30   2164   2164   2164
  7.000  435.4060  1.3880  -0.36 260.35   1.36  -0.09  582.1180  3.0910 -0.25   2164   2164   2164
  7.500  407.7070  1.3500  -0.40 257.14   1.39  -0.23  551.9920  2.9050 -0.17   2164   2164   2164
  8.000  381.4940  1.3200  -0.43 253.79   1.46  -0.23  523.4040  2.7720 -0.21   2158   2158   2158
  8.500  356.6100  1.3020  -0.48 250.31   1.52  -0.21  496.1210  2.6510 -0.27   2158   2158   2158
  9.000  333.0230  1.2950  -0.53 246.70   1.60  -0.18  470.1410  2.5420 -0.30   2156   2156   2156
  9.500  310.6800  1.3190  -0.52 242.98   1.68  -0.15  445.3450  2.4270 -0.33   1951   1951   1951
 10.000  289.5170  1.3220  -0.55 239.11   1.70  -0.11  421.7510  2.2510 -0.31   1951   1951   1951
 10.500  269.4870  1.3270  -0.56 235.13   1.72   0.00  399.2430  2.0820 -0.46   1951   1951   1951
 11.000  250.5770  1.3320  -0.55 231.11   1.74   0.11  377.6880  1.9670 -0.71   1932   1932   1932
 11.500  232.6460  1.3330  -0.53 227.07   1.76   0.28  356.9170  1.8860 -1.04   1932   1932   1932
 12.000  215.7300  1.3290  -0.49 223.04   1.78   0.44  336.9520  1.8760 -1.25   1932   1932   1932
 12.500  199.8090  1.3160  -0.43 219.11   1.77   0.48  317.6900  1.9660 -1.27   1928   1928   1928
 13.000  184.7570  1.2910  -0.35 215.28   1.78   0.53  298.9750  2.1220 -1.44   1928   1928   1928
 13.500  170.6330  1.2530  -0.27 211.71   1.79   0.51  280.7900  2.3020 -1.28   1927   1927   1927
 14.000  157.3770  1.1980  -0.19 208.54   1.89   0.46  262.9150  2.6130 -1.10   1927   1927   1927
 14.500  145.0110  1.1210  -0.12 205.89   2.04   0.49  245.3830  2.9580 -0.82   1926   1926   1926
 15.000  133.4840  1.0290  -0.06 203.93   2.27   0.43  228.0610  3.2380 -0.44   1924   1924   1924
 15.500  122.7780  0.9280  -0.05 202.71   2.52   0.07  211.0330  3.3600  0.03   1917   1917   1917
 16.000  112.9200  0.8220  -0.09 202.12   2.69  -0.23  194.6680  3.2780  0.33   1916   1916   1916
 16.500  103.8290  0.7260  -0.16 202.22   2.79  -0.45  178.9010  3.0290  0.51   1916   1916   1916
 17.000   95.4760  0.6490  -0.22 202.89   2.58  -0.46  163.9610  2.5320  0.40   1913   1913   1913
 17.500   87.8520  0.5870  -0.26 203.82   2.38  -0.43  150.1760  2.0760  0.36   1906   1906   1906
 18.000   80.8570  0.5350  -0.43 204.96   2.31  -0.31  137.4510  1.7540  0.27   1883   1883   1883
 18.500   74.4420  0.5050  -0.50 206.23   2.22  -0.23  125.7600  1.4910  0.20   1827   1827   1827
 19.000   68.5930  0.4730  -0.54 207.64   2.13  -0.07  115.0910  1.2670  0.15   1764   1764   1764
 19.500   63.1860  0.4550  -0.58 209.02   2.12  -0.09  105.3200  1.1230  0.06   1736   1736   1736
 20.000   58.2900  0.4330  -0.58 210.33   2.00  -0.11   96.5500  0.9560  0.04   1696   1696   1696
 20.500   53.8130  0.4140  -0.56 211.57   1.90  -0.04   88.6110  0.8440  0.08   1654   1654   1654
 21.000   49.6210  0.3990  -0.62 212.75   1.87   0.01   81.2550  0.7870  0.05   1634   1634   1634
 21.500   45.8550  0.3770  -0.64 213.88   1.80  -0.01   74.6910  0.7100 -0.08   1581   1581   1581
 22.000   42.4030  0.3560  -0.60 214.96   1.86  -0.05   68.7210  0.6530 -0.12   1542   1542   1542
 22.500   39.1340  0.3440  -0.63 216.06   1.88   0.08   63.1030  0.6260 -0.12   1528   1528   1528
 23.000   36.2220  0.3250  -0.61 217.08   1.83   0.17   58.1320  0.5650 -0.30   1498   1498   1498
 23.500   33.5420  0.3070  -0.49 218.02   1.85   0.10   53.5970  0.5280 -0.30   1485   1485   1485
 24.000   30.9810  0.2940  -0.57 219.03   1.81   0.09   49.2770  0.5020 -0.17   1471   1471   1471
 24.500   28.7120  0.2770  -0.55 220.00   1.85   0.12   45.4670  0.4740 -0.22   1444   1444   1444
 25.000   26.6250  0.2600  -0.51 220.93   1.92   0.18   41.9860  0.4540 -0.31   1419   1419   1419
 25.500   24.6100  0.2480  -0.52 221.87   1.90   0.21   38.6440  0.4410 -0.42   1407   1407   1407
 26.000   22.8350  0.2310  -0.50 222.69   1.91   0.25   35.7230  0.4090 -0.43   1378   1378   1378
 26.500   21.1160  0.2160  -0.48 223.56   1.98   0.11   32.9070  0.3950 -0.43   1366   1366   1366
 27.000   19.6040  0.2020  -0.42 224.37   1.98   0.09   30.4400  0.3530 -0.42   1319   1319   1319
 27.500   18.2110  0.1880  -0.27 225.13   2.05   0.11   28.1820  0.3150 -0.46   1262   1262   1262
 28.000   16.8530  0.1760  -0.28 225.94   2.17   0.17   25.9860  0.3020 -0.37   1220   1220   1220
 28.500   15.6620  0.1610  -0.14 226.77   2.16   0.20   24.0610  0.2640 -0.26   1160   1160   1160
 29.000   14.5650  0.1480   0.37 227.54   2.21   0.18   22.2990  0.2360 -0.12   1087   1087   1087
 29.500   13.4860  0.1400   0.40 228.32   2.30   0.15   20.5780  0.2420 -0.13   1055   1055   1055
 30.000   12.5460  0.1290   0.48 229.03   2.30   0.01   19.0850  0.2200  0.16    995    995    995
     T A B L E  II -   9.  T H E R M O D Y N A M I C  S T A T I S T I C A L  P A R A M E T E R S
                                 September
 Station =   74794      Cape Canaveral Air Force Station
    Z      MEAN P   SD P   SKEWP  MEAN T  SD T  SKEWT    MEAN D   SD D  SKEWD  NOBSP  NOBST  NOBSD
    KM       MB       MB             K      K             G/M3    G/M3                           
  0.000 1020.0000  5.0000   0.00 290.00   5.00   0.00 1221.0000 25.0000  0.00    100    100    100
  0.004 1014.4860  3.1930  -0.71 299.60   2.80  -0.26 1167.5050 11.4920  0.44   1960   1960   1960
  0.500  959.6130  2.6370  -0.71 296.50   1.43  -0.84 1116.9301  6.6750  0.60   1960   1960   1960
  1.000  906.1360  2.5080  -0.69 293.28   1.62  -1.12 1067.9120  6.8380  0.74   1960   1960   1960
  1.500  855.1090  2.4040  -0.66 290.38   1.61  -1.40 1019.1270  6.1930  0.88   1960   1960   1960
  2.000  806.4960  2.3100  -0.66 287.98   1.33  -0.28  970.3650  4.7960 -0.03   1960   1960   1960
  2.500  760.1830  2.2150  -0.68 285.47   1.42   0.04  923.5080  4.7390 -0.19   1960   1960   1960
  3.000  716.1310  2.1260  -0.68 282.85   1.41  -0.13  878.7200  4.4090 -0.20   1960   1960   1960
  3.500  674.2580  2.0470  -0.69 280.18   1.40  -0.17  835.8040  4.1250 -0.27   1954   1954   1954
  4.000  634.4100  1.9810  -0.70 277.39   1.46  -0.09  794.7150  4.0440 -0.24   1954   1954   1954
  4.500  596.5330  1.9180  -0.69 274.61   1.45  -0.10  755.1460  3.8540 -0.27   1954   1954   1954
  5.000  560.6060  1.8600  -0.69 271.87   1.45  -0.22  717.0940  3.6560 -0.29   1953   1953   1953
  5.500  526.4660  1.8100  -0.71 269.05   1.45  -0.23  680.6920  3.5190 -0.27   1953   1953   1953
  6.000  494.0530  1.7660  -0.74 266.15   1.42  -0.25  645.9120  3.2560 -0.40   1953   1953   1953
  6.500  463.3550  1.7250  -0.77 263.12   1.47  -0.29  612.8950  3.1630 -0.37   1953   1953   1953
  7.000  434.1990  1.6950  -0.80 260.01   1.56  -0.25  581.3100  3.1200 -0.31   1953   1953   1953
  7.500  406.5380  1.6770  -0.83 256.75   1.64  -0.29  551.2620  3.0020 -0.18   1953   1953   1953
  8.000  380.3610  1.6680  -0.82 253.38   1.73  -0.33  522.7100  2.9540 -0.07   1948   1948   1948
  8.500  355.5080  1.6620  -0.82 249.85   1.80  -0.32  495.5110  2.8460 -0.09   1948   1948   1948
  9.000  331.9500  1.6610  -0.81 246.20   1.86  -0.29  469.5780  2.7010 -0.12   1948   1948   1948
  9.500  309.6080  1.6990  -0.73 242.44   2.01  -0.21  444.7960  2.6450 -0.16   1740   1740   1740
 10.000  288.4700  1.7100  -0.70 238.57   2.08  -0.10  421.1820  2.5380 -0.29   1740   1740   1740
 10.500  268.4710  1.7180  -0.66 234.64   2.08  -0.03  398.5640  2.3580 -0.39   1740   1740   1740
 11.000  249.5970  1.7290  -0.60 230.66   2.09   0.08  376.9510  2.2740 -0.62   1710   1710   1710
 11.500  231.7020  1.7210  -0.54 226.65   2.08   0.26  356.1300  2.2440 -0.90   1710   1710   1710
 12.000  214.8260  1.7030  -0.46 222.68   2.07   0.44  336.0830  2.3130 -1.11   1710   1710   1710
 12.500  198.9540  1.6740  -0.38 218.85   2.09   0.57  316.6970  2.5150 -1.14   1705   1705   1705
 13.000  183.9550  1.6270  -0.29 215.22   2.15   0.70  297.7710  2.7460 -1.06   1705   1705   1705
 13.500  169.8940  1.5680  -0.19 211.83   2.17   0.77  279.4210  2.9520 -0.83   1704   1704   1704
 14.000  156.7020  1.4900  -0.10 208.70   2.16   0.71  261.5940  3.1390 -0.62   1703   1703   1703
 14.500  144.4000  1.3980   0.01 205.98   2.17   0.50  244.2380  3.2840 -0.40   1702   1702   1702
 15.000  132.9190  1.2920   0.10 203.68   2.27   0.29  227.3690  3.4080 -0.26   1701   1701   1701
 15.500  122.2300  1.1760   0.20 201.83   2.40   0.18  211.0130  3.4750 -0.11   1700   1700   1700
 16.000  112.3620  1.0560   0.27 200.64   2.62   0.04  195.1260  3.4820  0.03   1700   1700   1700
 16.500  103.2420  0.9420   0.32 200.29   2.87  -0.19  179.6100  3.3840  0.21   1699   1699   1699
 17.000   94.8550  0.8380   0.32 200.78   3.03  -0.33  164.6230  3.1500  0.37   1699   1699   1699
 17.500   87.2050  0.7470   0.25 201.85   3.02  -0.34  150.5420  2.7620  0.53   1690   1690   1690
 18.000   80.2020  0.6790   0.12 203.37   2.88  -0.38  137.4100  2.3430  0.66   1668   1668   1668
 18.500   73.7960  0.6270  -0.01 205.11   2.61  -0.44  125.3590  1.8850  0.72   1637   1637   1637
 19.000   67.9700  0.5840  -0.12 206.76   2.36  -0.37  114.5340  1.5390  0.66   1591   1591   1591
 19.500   62.5820  0.5510  -0.24 208.26   2.22  -0.25  104.6930  1.3120  0.50   1570   1570   1570
 20.000   57.7200  0.5160  -0.31 209.63   2.03  -0.28   95.9270  1.1010  0.55   1537   1537   1537
 20.500   53.2770  0.4870  -0.36 210.94   1.90  -0.26   87.9930  0.9470  0.52   1508   1508   1508
 21.000   49.1060  0.4660  -0.39 212.14   1.88  -0.05   80.6440  0.8730  0.14   1495   1495   1495
 21.500   45.3760  0.4400  -0.42 213.29   1.87  -0.03   74.1170  0.7910  0.03   1442   1442   1442
 22.000   41.9520  0.4080  -0.36 214.35   1.92  -0.08   68.1850  0.7230  0.03   1405   1405   1405
 22.500   38.7040  0.3860  -0.31 215.49   1.93   0.10   62.5730  0.6790 -0.20   1388   1388   1388
 23.000   35.8160  0.3660  -0.28 216.50   1.91   0.21   57.6340  0.6130 -0.14   1365   1365   1365
 23.500   33.1640  0.3450  -0.25 217.50   1.96   0.19   53.1220  0.5740  0.03   1346   1346   1346
 24.000   30.6150  0.3300  -0.30 218.46   1.94   0.24   48.8230  0.5480 -0.07   1338   1338   1338
 24.500   28.3730  0.3090  -0.24 219.35   1.92   0.21   45.0640  0.5050 -0.14   1313   1313   1313
 25.000   26.3040  0.2880  -0.23 220.23   1.95   0.18   41.6110  0.4800 -0.33   1290   1290   1290
 25.500   24.3010  0.2750  -0.26 221.13   1.95   0.14   38.2850  0.4640 -0.27   1279   1279   1279
 26.000   22.5460  0.2560  -0.18 221.97   1.96   0.19   35.3860  0.4270 -0.27   1253   1253   1253
 26.500   20.8400  0.2420  -0.19 222.79   2.06   0.19   32.5870  0.4210 -0.22   1241   1241   1241
 27.000   19.3450  0.2280  -0.15 223.61   2.07   0.20   30.1380  0.3810 -0.13   1209   1209   1209
 27.500   17.9690  0.2130  -0.13 224.38   2.12   0.14   27.9000  0.3450 -0.01   1170   1170   1170
 28.000   16.6210  0.2010  -0.21 225.21   2.20   0.08   25.7120  0.3320 -0.04   1139   1139   1139
 28.500   15.4470  0.1870  -0.20 225.97   2.23  -0.04   23.8150  0.3030 -0.06   1074   1074   1074
 29.000   14.3630  0.1730  -0.01 226.72   2.28   0.03   22.0700  0.2730 -0.03    991    991    991
 29.500   13.2890  0.1600  -0.05 227.50   2.36   0.08   20.3510  0.2590  0.02    959    959    959
 30.000   12.3630  0.1530  -0.06 228.26   2.40   0.05   18.8690  0.2400  0.18    901    901    901
     T A B L E  II -  10.  T H E R M O D Y N A M I C  S T A T I S T I C A L  P A R A M E T E R S
                                   October
 Station =   74794      Cape Canaveral Air Force Station
    Z      MEAN P   SD P   SKEWP  MEAN T  SD T  SKEWT    MEAN D   SD D  SKEWD  NOBSP  NOBST  NOBSD
    KM       MB       MB             K      K             G/M3    G/M3                           
  0.000 1020.0000  5.0000   0.00 290.00   5.00   0.00 1221.0000 25.0000  0.00    100    100    100
  0.004 1015.1400  4.6850  -0.62 297.23   3.57  -1.38 1179.4301 17.9190  1.20   1764   1764   1764
  0.500  959.7890  3.8650  -0.79 294.40   2.36  -1.46 1126.6660 12.5580  0.80   1764   1764   1764
  1.000  905.8400  3.5520  -0.85 290.90   2.58  -0.93 1077.4160 12.3790  0.55   1764   1764   1764
  1.500  854.3880  3.2830  -0.88 288.30   2.56  -0.77 1026.7390 11.3270  0.48   1764   1764   1764
  2.000  805.4580  3.0560  -0.90 286.38   2.45  -0.68  975.7000  9.8650  0.52   1764   1764   1764
  2.500  758.9370  2.8880  -0.90 284.41   2.20  -0.42  926.5520  7.9900  0.31   1764   1764   1764
  3.000  714.7780  2.7630  -0.85 282.12   1.97  -0.31  880.2850  6.6440  0.06   1764   1764   1764
  3.500  672.8540  2.6590  -0.79 279.53   1.92  -0.33  836.7090  5.9390 -0.13   1763   1763   1763
  4.000  632.9710  2.5810  -0.70 276.82   1.95  -0.28  795.1430  5.5460 -0.26   1763   1763   1763
  4.500  595.0750  2.5160  -0.63 273.99   1.91  -0.21  755.5100  5.0660 -0.34   1763   1763   1763
  5.000  559.1250  2.4640  -0.59 271.07   1.98  -0.28  717.7090  4.8890 -0.22   1763   1763   1763
  5.500  524.9500  2.4360  -0.56 268.10   2.09  -0.38  681.4420  4.6820 -0.11   1763   1763   1763
  6.000  492.4920  2.4260  -0.53 264.99   2.21  -0.41  646.9230  4.5320 -0.09   1763   1763   1763
  6.500  461.7380  2.4270  -0.52 261.76   2.36  -0.40  614.1080  4.5070 -0.13   1763   1763   1763
  7.000  432.5190  2.4440  -0.52 258.45   2.56  -0.41  582.6940  4.5360 -0.09   1763   1763   1763
  7.500  404.7870  2.4740  -0.52 255.04   2.68  -0.37  552.6810  4.3920 -0.11   1763   1763   1763
  8.000  378.5500  2.5150  -0.52 251.56   2.82  -0.36  524.0510  4.2180 -0.11   1751   1751   1751
  8.500  353.6350  2.5540  -0.52 248.00   2.91  -0.34  496.6310  4.0380 -0.18   1751   1751   1751
  9.000  330.0270  2.5940  -0.51 244.36   2.94  -0.38  470.4240  3.7320 -0.17   1751   1751   1751
  9.500  307.5710  2.5880  -0.50 240.53   2.94  -0.36  445.4190  3.4860 -0.21   1575   1575   1575
 10.000  286.4120  2.6070  -0.49 236.78   2.88  -0.34  421.3610  3.2130 -0.34   1575   1575   1575
 10.500  266.4160  2.6080  -0.47 233.00   2.74  -0.26  398.3130  2.9920 -0.55   1575   1575   1575
 11.000  247.5630  2.5930  -0.43 229.18   2.59  -0.19  376.3100  2.9220 -0.80   1555   1555   1555
 11.500  229.7080  2.5470  -0.39 225.35   2.43  -0.16  355.1070  2.9700 -1.01   1555   1555   1555
 12.000  212.8920  2.4790  -0.35 221.56   2.31  -0.09  334.7350  3.1100 -1.18   1555   1555   1555
 12.500  197.0930  2.3910  -0.30 217.90   2.20  -0.05  315.1100  3.3320 -1.04   1555   1555   1555
 13.000  182.1770  2.2800  -0.24 214.44   2.06   0.10  295.9640  3.5980 -0.92   1554   1554   1554
 13.500  168.2050  2.1500  -0.18 211.13   1.99   0.20  277.5630  3.8720 -0.84   1554   1554   1554
 14.000  155.1060  2.0000  -0.11 208.05   1.99   0.40  259.7390  4.0880 -0.68   1554   1554   1554
 14.500  142.8930  1.8350  -0.05 205.35   2.06   0.58  242.4370  4.2350 -0.56   1554   1554   1554
 15.000  131.4960  1.6600   0.03 202.96   2.30   0.50  225.7390  4.3990 -0.44   1554   1554   1554
 15.500  120.8650  1.4710   0.12 201.08   2.58   0.25  209.4430  4.4350 -0.29   1542   1542   1542
 16.000  111.0680  1.2900   0.20 199.72   2.84   0.15  193.7940  4.3530 -0.13   1542   1542   1542
 16.500  102.0090  1.1170   0.28 199.05   3.11   0.05  178.5880  4.1690  0.04   1541   1541   1541
 17.000   93.6630  0.9620   0.31 199.16   3.31  -0.03  163.8950  3.8480  0.17   1541   1541   1541
 17.500   86.0440  0.8270   0.35 200.02   3.35   0.04  149.9110  3.3850  0.19   1539   1539   1539
 18.000   79.0740  0.7220   0.34 201.55   3.27  -0.00  136.7200  2.8450  0.25   1522   1522   1522
 18.500   72.7020  0.6430   0.34 203.44   3.09   0.01  124.5220  2.3390  0.32   1495   1495   1495
 19.000   66.9240  0.5850   0.31 205.31   2.94   0.01  113.5800  1.9440  0.39   1453   1453   1453
 19.500   61.5810  0.5430   0.28 207.06   2.73  -0.02  103.6230  1.6200  0.35   1440   1440   1440
 20.000   56.7690  0.5030   0.24 208.61   2.40  -0.13   94.8110  1.3070  0.46   1408   1408   1408
 20.500   52.3830  0.4650   0.21 209.99   2.20  -0.05   86.9110  1.0900  0.45   1366   1366   1366
 21.000   48.2580  0.4410   0.21 211.25   2.12  -0.04   79.5900  0.9790  0.46   1353   1353   1353
 21.500   44.5780  0.4130   0.17 212.33   2.01  -0.01   73.1430  0.8530  0.47   1315   1315   1315
 22.000   41.2020  0.3860   0.12 213.43   2.02   0.06   67.2560  0.7550  0.38   1286   1286   1286
 22.500   37.9910  0.3680   0.13 214.52   1.99   0.08   61.6990  0.6940  0.30   1267   1267   1267
 23.000   35.1500  0.3450   0.14 215.56   1.96   0.04   56.8090  0.6150  0.18   1240   1240   1240
 23.500   32.5380  0.3240   0.14 216.50   1.99  -0.03   52.3590  0.5650  0.09   1229   1229   1229
 24.000   30.0260  0.3120   0.15 217.46   1.97  -0.02   48.1040  0.5370  0.10   1226   1226   1226
 24.500   27.8170  0.2930   0.15 218.42   2.05  -0.01   44.3690  0.5020 -0.05   1214   1214   1214
 25.000   25.7840  0.2770   0.10 219.30   2.18   0.03   40.9620  0.4680 -0.09   1188   1188   1188
 25.500   23.8120  0.2660   0.12 220.22   2.15   0.15   37.6700  0.4410  0.01   1170   1170   1170
 26.000   22.0890  0.2530   0.10 221.01   2.19   0.15   34.8190  0.4080  0.05   1150   1150   1150
 26.500   20.4070  0.2420   0.10 221.80   2.30   0.22   32.0540  0.3990 -0.02   1135   1135   1135
 27.000   18.9370  0.2300   0.11 222.67   2.32   0.24   29.6300  0.3630  0.03   1103   1103   1103
 27.500   17.5920  0.2190   0.07 223.50   2.41   0.16   27.4220  0.3390 -0.03   1054   1054   1054
 28.000   16.2650  0.2100   0.11 224.32   2.45   0.15   25.2610  0.3290 -0.12   1024   1024   1024
 28.500   15.1130  0.1970   0.14 225.06   2.47   0.04   23.3940  0.2940 -0.15    957    957    957
 29.000   14.0490  0.1870   0.16 225.84   2.55   0.12   21.6730  0.2670 -0.11    897    897    897
 29.500   12.9960  0.1800   0.09 226.53   2.60   0.22   19.9860  0.2580 -0.11    861    861    861
 30.000   12.0860  0.1710   0.12 227.20   2.66   0.17   18.5330  0.2450 -0.08    811    811    811
     T A B L E  II -  11.  T H E R M O D Y N A M I C  S T A T I S T I C A L  P A R A M E T E R S
                                  November
 Station =   74794      Cape Canaveral Air Force Station
    Z      MEAN P   SD P   SKEWP  MEAN T  SD T  SKEWT    MEAN D   SD D  SKEWD  NOBSP  NOBST  NOBSD
    KM       MB       MB             K      K             G/M3    G/M3                           
  0.000 1020.0000  5.0000   0.00 290.00   5.00   0.00 1221.0000 25.0000  0.00    100    100    100
  0.004 1017.5650  5.0580  -0.77 293.74   4.49  -0.90 1198.2030 23.0350  0.72   1644   1644   1644
  0.500  961.5250  3.7570  -0.39 291.80   3.17  -1.18 1140.4020 15.5190  0.91   1644   1644   1644
  1.000  906.9510  3.4830  -0.48 288.46   3.02  -0.75 1089.1440 13.8420  0.60   1644   1644   1644
  1.500  854.9740  3.2610  -0.57 286.07   2.89  -0.42 1036.4810 12.1380  0.37   1644   1644   1644
  2.000  805.6210  3.0810  -0.67 284.46   2.85  -0.21  983.3550 10.6650  0.25   1644   1644   1644
  2.500  758.7680  2.9810  -0.77 282.72   2.72  -0.30  932.5920  8.9710  0.22   1644   1644   1644
  3.000  714.3380  2.9430  -0.83 280.57   2.62  -0.33  885.2360  7.6750  0.20   1644   1644   1644
  3.500  672.2000  2.9390  -0.87 278.17   2.60  -0.33  840.5940  6.8920  0.21   1644   1644   1644
  4.000  632.1460  2.9500  -0.87 275.51   2.58  -0.27  798.3430  6.3300  0.08   1644   1644   1644
  4.500  594.1050  2.9670  -0.86 272.67   2.59  -0.23  758.3020  5.8800 -0.00   1644   1644   1644
  5.000  558.0260  2.9940  -0.83 269.66   2.63  -0.19  720.3160  5.5390 -0.07   1644   1644   1644
  5.500  523.7220  3.0310  -0.79 266.53   2.73  -0.18  684.0990  5.2710 -0.06   1644   1644   1644
  6.000  491.1350  3.0730  -0.76 263.30   2.81  -0.20  649.4750  4.9680 -0.04   1644   1644   1644
  6.500  460.2610  3.1260  -0.71 259.92   2.92  -0.16  616.6290  4.7250 -0.10   1644   1644   1644
  7.000  430.9190  3.1770  -0.67 256.43   2.98  -0.12  585.2180  4.4530 -0.16   1644   1644   1644
  7.500  403.0640  3.2230  -0.62 252.86   3.03  -0.09  555.1440  4.2090 -0.20   1644   1644   1644
  8.000  376.7000  3.2680  -0.58 249.27   3.06  -0.07  526.3510  3.9240 -0.32   1629   1629   1629
  8.500  351.6770  3.2940  -0.54 245.65   3.05  -0.09  498.6550  3.7440 -0.54   1628   1628   1628
  9.000  327.9790  3.3020  -0.49 241.96   3.03  -0.12  472.1610  3.5840 -0.76   1628   1628   1628
  9.500  305.6130  3.3140  -0.47 238.24   3.02  -0.15  446.8550  3.5280 -0.86   1487   1487   1487
 10.000  284.3920  3.2880  -0.44 234.47   3.01  -0.18  422.5150  3.5100 -0.94   1487   1487   1487
 10.500  264.3460  3.2490  -0.41 230.69   2.94  -0.14  399.1860  3.4500 -0.98   1486   1486   1486
 11.000  245.4720  3.1700  -0.40 226.96   2.81  -0.12  376.7840  3.5600 -0.99   1462   1462   1462
 11.500  227.6080  3.0850  -0.37 223.28   2.69  -0.05  355.1190  3.7860 -1.04   1462   1462   1462
 12.000  210.8040  2.9760  -0.32 219.78   2.53   0.04  334.1440  4.0950 -1.04   1462   1462   1462
 12.500  195.0450  2.8420  -0.27 216.42   2.46   0.07  313.9820  4.5050 -0.98   1462   1462   1462
 13.000  180.1960  2.6770  -0.21 213.28   2.38   0.28  294.3490  4.7840 -0.88   1461   1461   1461
 13.500  166.3170  2.4940  -0.14 210.42   2.40   0.44  275.3780  5.0460 -0.74   1461   1461   1461
 14.000  153.3360  2.2970  -0.07 207.86   2.54   0.42  257.0310  5.2450 -0.56   1460   1460   1460
 14.500  141.2670  2.0930   0.00 205.70   2.55   0.37  239.2980  5.1280 -0.41   1458   1458   1458
 15.000  130.0310  1.8890   0.07 203.83   2.68   0.27  222.2840  5.0210 -0.25   1457   1457   1457
 15.500  119.5890  1.6880   0.13 202.22   2.79   0.20  206.0720  4.8130 -0.09   1456   1456   1456
 16.000  109.9500  1.4950   0.17 200.90   2.88   0.06  190.7180  4.5760  0.01   1456   1456   1456
 16.500  101.0260  1.3140   0.23 199.92   2.99   0.12  176.1010  4.2930  0.00   1456   1456   1456
 17.000   92.7820  1.1420   0.29 199.39   3.17   0.05  162.1600  4.0250  0.07   1456   1456   1456
 17.500   85.2350  0.9870   0.34 199.48   3.37   0.00  148.9100  3.7430  0.15   1452   1452   1452
 18.000   78.3020  0.8480   0.39 200.24   3.57   0.17  136.2780  3.3850  0.12   1437   1437   1437
 18.500   71.9520  0.7340   0.38 201.65   3.46   0.16  124.3460  2.8590  0.16   1425   1425   1425
 19.000   66.1760  0.6520   0.38 203.40   3.33   0.14  113.3780  2.4030  0.19   1376   1376   1376
 19.500   60.8530  0.5830   0.31 205.25   3.21   0.21  103.3110  2.0300  0.12   1360   1360   1360
 20.000   56.0650  0.5280   0.34 206.97   2.97   0.11   94.3860  1.6830  0.10   1327   1327   1327
 20.500   51.6970  0.4840   0.34 208.48   2.83   0.06   86.3990  1.4050  0.14   1283   1283   1283
 21.000   47.5970  0.4490   0.24 210.01   2.69  -0.09   78.9670  1.1840  0.30   1269   1269   1269
 21.500   43.9460  0.4180   0.21 211.27   2.63  -0.08   72.4730  1.0330  0.27   1232   1232   1232
 22.000   40.6060  0.3940   0.18 212.42   2.51  -0.15   66.6010  0.8800  0.36   1208   1208   1208
 22.500   37.4270  0.3760   0.10 213.50   2.46  -0.16   61.0750  0.7910  0.28   1201   1201   1201
 23.000   34.6140  0.3560   0.11 214.49   2.42  -0.09   56.2250  0.7030  0.22   1192   1192   1192
 23.500   32.0290  0.3430   0.12 215.45   2.44  -0.03   51.7930  0.6440  0.22   1178   1178   1178
 24.000   29.5440  0.3260   0.04 216.45   2.48   0.08   47.5540  0.5930  0.19   1174   1174   1174
 24.500   27.3640  0.3100   0.07 217.38   2.60   0.06   43.8560  0.5540  0.15   1155   1155   1155
 25.000   25.3580  0.2960   0.05 218.30   2.75   0.00   40.4710  0.5160  0.25   1132   1132   1132
 25.500   23.4070  0.2820   0.02 219.22   2.84  -0.02   37.2000  0.4830  0.24   1117   1117   1117
 26.000   21.7040  0.2720   0.03 220.02   2.90  -0.01   34.3690  0.4330  0.19   1097   1097   1097
 26.500   20.0450  0.2610  -0.02 220.92   3.07   0.03   31.6120  0.4180  0.03   1076   1076   1076
 27.000   18.5950  0.2520   0.04 221.81   3.16   0.05   29.2070  0.3830  0.01   1050   1050   1050
 27.500   17.2670  0.2420   0.08 222.73   3.19   0.09   27.0090  0.3510  0.08   1004   1004   1004
 28.000   15.9540  0.2350   0.01 223.57   3.25   0.16   24.8620  0.3430  0.09    980    980    980
 28.500   14.8220  0.2220   0.12 224.28   3.31   0.19   23.0240  0.3120  0.04    917    917    917
 29.000   13.7720  0.2130   0.14 224.92   3.49   0.20   21.3330  0.2970 -0.04    853    853    853
 29.500   12.7340  0.2050   0.09 225.66   3.66   0.19   19.6600  0.2970 -0.06    827    827    827
 30.000   11.8370  0.2010   0.14 226.40   3.71   0.16   18.2170  0.2860 -0.11    766    766    766
     T A B L E  II -  12.  T H E R M O D Y N A M I C  S T A T I S T I C A L  P A R A M E T E R S
                                  December
 Station =   74794      Cape Canaveral Air Force Station
    Z      MEAN P   SD P   SKEWP  MEAN T  SD T  SKEWT    MEAN D   SD D  SKEWD  NOBSP  NOBST  NOBSD
    KM       MB       MB             K      K             G/M3    G/M3                           
  0.000 1020.0000  5.0000   0.00 290.00   5.00   0.00 1221.0000 25.0000  0.00    100    100    100
  0.004 1019.0280  5.1170  -0.96 291.27   5.36  -0.63 1211.2900 27.0700  0.47   1728   1728   1728
  0.500  962.3440  3.9760  -0.49 289.93   3.98  -1.08 1149.6660 18.4470  0.84   1728   1728   1728
  1.000  907.3790  3.8210  -0.57 287.04   3.52  -0.88 1095.8710 15.2770  0.64   1728   1728   1728
  1.500  855.1190  3.7050  -0.68 284.93   3.32  -0.64 1041.4290 13.2260  0.48   1728   1728   1728
  2.000  805.5530  3.6080  -0.79 283.40   3.17  -0.30  987.3500 11.2970  0.21   1728   1728   1728
  2.500  758.5190  3.5610  -0.84 281.70   2.99  -0.23  935.9120  9.4390  0.06   1728   1728   1728
  3.000  713.9400  3.5520  -0.84 279.55   2.86  -0.28  888.0980  8.0810  0.11   1728   1728   1728
  3.500  671.6640  3.5680  -0.81 277.05   2.79  -0.26  843.3500  6.9550  0.08   1728   1728   1728
  4.000  631.4750  3.6040  -0.77 274.31   2.78  -0.26  801.0260  6.2830  0.13   1728   1728   1728
  4.500  593.3070  3.6400  -0.74 271.42   2.76  -0.30  760.8080  5.6060  0.13   1728   1728   1728
  5.000  557.1100  3.6780  -0.71 268.41   2.82  -0.31  722.5350  5.2250  0.10   1727   1727   1727
  5.500  522.7070  3.7220  -0.68 265.29   2.96  -0.21  685.9590  5.1380 -0.04   1727   1727   1727
  6.000  490.0320  3.7680  -0.65 262.01   3.06  -0.19  651.2040  4.9690 -0.09   1727   1727   1727
  6.500  459.0820  3.8090  -0.62 258.69   3.16  -0.22  617.9620  4.7330 -0.06   1727   1727   1727
  7.000  429.6800  3.8470  -0.59 255.23   3.21  -0.25  586.2870  4.5190 -0.06   1727   1727   1727
  7.500  401.7770  3.8750  -0.56 251.65   3.19  -0.22  556.0340  4.2370 -0.16   1727   1727   1727
  8.000  375.3230  3.8810  -0.52 247.98   3.20  -0.18  527.1450  4.0720 -0.16   1699   1699   1699
  8.500  350.2640  3.8770  -0.49 244.26   3.19  -0.17  499.4630  3.8960 -0.22   1699   1699   1699
  9.000  326.5250  3.8600  -0.46 240.49   3.14  -0.16  472.9410  3.6930 -0.35   1699   1699   1699
  9.500  303.9940  3.8530  -0.38 236.59   3.14  -0.10  447.5750  3.6730 -0.56   1600   1600   1600
 10.000  282.7390  3.8020  -0.34 232.74   3.09  -0.03  423.1920  3.6960 -0.80   1600   1600   1600
 10.500  262.6650  3.7320  -0.31 228.99   3.01   0.07  399.5900  3.8410 -1.03   1600   1600   1600
 11.000  243.7330  3.6280  -0.25 225.32   2.93   0.20  376.8430  4.2600 -1.20   1580   1580   1580
 11.500  225.8750  3.5020  -0.19 221.81   2.87   0.34  354.7600  4.7350 -1.23   1580   1580   1580
 12.000  209.1010  3.3500  -0.13 218.53   2.92   0.42  333.3610  5.2690 -1.11   1579   1579   1579
 12.500  193.3890  3.1730  -0.05 215.57   3.06   0.47  312.5550  5.7560 -0.91   1577   1577   1577
 13.000  178.6300  2.9750   0.02 213.03   3.13   0.40  292.1610  6.0110 -0.59   1577   1577   1577
 13.500  164.8770  2.7610   0.09 210.91   3.15   0.17  272.3970  6.0600 -0.32   1577   1577   1577
 14.000  152.0570  2.5420   0.15 209.03   3.06  -0.10  253.4700  5.8200 -0.09   1577   1577   1577
 14.500  140.1640  2.3280   0.19 207.23   2.84  -0.19  235.6730  5.4050  0.01   1576   1576   1576
 15.000  129.1010  2.1220   0.24 205.53   2.67  -0.21  218.8670  5.0310  0.10   1576   1576   1576
 15.500  118.8220  1.9230   0.26 203.90   2.61  -0.12  203.0550  4.7390  0.12   1572   1572   1572
 16.000  109.3190  1.7290   0.28 202.32   2.64  -0.23  188.2780  4.5430  0.17   1570   1570   1570
 16.500  100.5000  1.5410   0.31 200.99   2.89  -0.23  174.2490  4.4290  0.20   1569   1569   1569
 17.000   92.3320  1.3610   0.34 200.00   3.11  -0.22  160.8870  4.2450  0.23   1567   1567   1567
 17.500   84.8280  1.1910   0.37 199.53   3.31  -0.14  148.1640  4.0000  0.19   1560   1560   1560
 18.000   77.9170  1.0320   0.40 199.71   3.52  -0.03  135.9760  3.7250  0.15   1546   1546   1546
 18.500   71.5720  0.8950   0.45 200.48   3.54   0.02  124.4180  3.3120  0.15   1516   1516   1516
 19.000   65.7960  0.7780   0.47 201.78   3.55   0.03  113.6440  2.8830  0.17   1477   1477   1477
 19.500   60.4650  0.6780   0.45 203.33   3.55   0.08  103.6340  2.5110  0.17   1460   1460   1460
 20.000   55.6580  0.5930   0.47 205.05   3.26   0.11   94.5870  2.0640  0.22   1399   1399   1399
 20.500   51.2850  0.5310   0.46 206.57   3.09   0.11   86.5120  1.7210  0.26   1347   1347   1347
 21.000   47.1880  0.4780   0.34 208.11   3.00   0.18   79.0100  1.4520  0.21   1329   1329   1329
 21.500   43.5370  0.4400   0.35 209.43   2.88   0.25   72.4330  1.2110  0.17   1286   1286   1286
 22.000   40.1990  0.4100   0.40 210.68   2.85   0.37   66.4820  1.0550  0.15   1265   1265   1265
 22.500   37.0310  0.3830   0.29 211.86   2.86   0.44   60.9000  0.9240  0.14   1254   1254   1254
 23.000   34.2250  0.3590   0.24 212.86   2.88   0.41   56.0210  0.8160  0.05   1233   1233   1233
 23.500   31.6470  0.3440   0.23 213.79   2.94   0.38   51.5750  0.7330  0.08   1217   1217   1217
 24.000   29.1790  0.3290   0.16 214.73   3.05   0.47   47.3450  0.6760  0.02   1208   1208   1208
 24.500   27.0030  0.3180   0.19 215.66   3.13   0.44   43.6260  0.6140 -0.02   1174   1174   1174
 25.000   25.0070  0.3090   0.26 216.62   3.20   0.37   40.2220  0.5660 -0.10   1139   1139   1139
 25.500   23.0730  0.2970   0.19 217.57   3.25   0.36   36.9480  0.5300 -0.17   1123   1123   1123
 26.000   21.3840  0.2860   0.28 218.48   3.38   0.34   34.1020  0.4870 -0.34   1090   1090   1090
 26.500   19.7400  0.2790   0.27 219.37   3.54   0.29   31.3520  0.4650 -0.27   1073   1073   1073
 27.000   18.3050  0.2670   0.29 220.23   3.57   0.40   28.9590  0.4200 -0.32   1030   1030   1030
 27.500   16.9860  0.2600   0.34 221.11   3.72   0.40   26.7660  0.3960 -0.27    972    972    972
 28.000   15.6900  0.2520   0.32 221.96   3.87   0.32   24.6300  0.3820 -0.18    941    941    941
 28.500   14.5710  0.2440   0.38 222.82   3.98   0.36   22.7840  0.3490 -0.19    872    872    872
 29.000   13.5350  0.2350   0.37 223.57   4.10   0.42   21.0940  0.3270 -0.31    819    819    819
 29.500   12.5150  0.2270   0.43 224.54   4.26   0.41   19.4190  0.3220 -0.40    790    790    790
 30.000   11.6350  0.2240   0.42 225.44   4.36   0.36   17.9810  0.3130 -0.38    735    735    735
     T A B L E  II -  13.  T H E R M O D Y N A M I C  S T A T I S T I C A L  P A R A M E T E R S
                                    Annual
 Station =   74794      Cape Canaveral Air Force Station
    Z      MEAN P   SD P   SKEWP  MEAN T  SD T  SKEWT    MEAN D   SD D  SKEWD  NOBSP  NOBST  NOBSD
    KM       MB       MB             K      K             G/M3    G/M3                           
  0.000 1020.0000  5.0000   0.00 290.00   5.00   0.00 1221.0000 25.0000  0.00    100    100    100
  0.004 1016.7180  4.7660  -0.37 295.94   5.80  -0.93 1187.2791 28.7240  1.04  22263  22263  22263
  0.500  960.9290  3.7280  -0.28 293.52   4.44  -1.25 1132.2000 20.8690  1.21  22263  22263  22263
  1.000  906.7600  3.5000  -0.55 290.43   4.34  -1.02 1081.0470 18.4010  1.03  22263  22263  22263
  1.500  855.1440  3.4530  -0.74 287.79   3.97  -0.96 1029.9860 15.2360  0.97  22263  22263  22263
  2.000  806.0420  3.5040  -0.84 285.57   3.55  -0.96  979.4020 12.1330  0.92  22262  22262  22262
  2.500  759.3330  3.5980  -0.91 283.30   3.24  -0.90  930.7580  9.7320  0.76  22262  22262  22262
  3.000  714.9490  3.6970  -0.94 280.80   3.04  -0.88  884.6990  8.0830  0.62  22261  22261  22261
  3.500  672.8210  3.7880  -0.98 278.11   2.95  -0.83  841.0000  7.0130  0.47  22245  22245  22245
  4.000  632.7270  3.8710  -1.00 275.28   2.95  -0.76  799.2990  6.3630  0.32  22242  22242  22242
  4.500  594.6330  3.9470  -1.01 272.39   3.00  -0.74  759.3960  5.8600  0.25  22240  22240  22240
  5.000  558.5080  4.0230  -1.02 269.45   3.12  -0.71  721.2100  5.5600  0.21  22234  22234  22234
  5.500  524.1650  4.1030  -1.01 266.45   3.28  -0.67  684.6580  5.3520  0.20  22232  22232  22232
  6.000  491.5550  4.1860  -1.00 263.35   3.44  -0.65  649.7480  5.1060  0.17  22230  22230  22230
  6.500  460.6790  4.2700  -0.98 260.15   3.61  -0.61  616.5100  4.9060  0.14  22221  22221  22221
  7.000  431.3500  4.3520  -0.95 256.84   3.79  -0.57  584.7730  4.7450  0.13  22220  22220  22220
  7.500  403.5200  4.4320  -0.92 253.43   3.93  -0.52  554.4790  4.5200  0.11  22218  22218  22218
  8.000  377.2140  4.5080  -0.89 249.94   4.05  -0.50  525.6110  4.2970  0.06  21991  21991  21991
  8.500  352.2190  4.5660  -0.85 246.34   4.14  -0.47  497.9990  4.0890 -0.06  21989  21989  21989
  9.000  328.5490  4.6070  -0.80 242.65   4.18  -0.45  471.6260  3.8660 -0.28  21984  21984  21984
  9.500  306.0840  4.6560  -0.74 238.82   4.22  -0.41  446.4580  3.7230 -0.60  20127  20127  20127
 10.000  284.8810  4.6550  -0.70 234.99   4.17  -0.39  422.2970  3.6340 -1.04  20127  20127  20127
 10.500  264.8380  4.6260  -0.65 231.18   4.04  -0.37  399.0790  3.7000 -1.55  20126  20126  20126
 11.000  245.9420  4.5710  -0.61 227.41   3.86  -0.35  376.7510  4.0230 -1.87  19862  19862  19862
 11.500  228.0810  4.4640  -0.56 223.78   3.58  -0.32  355.0560  4.5650 -1.92  19862  19862  19862
 12.000  211.2790  4.3120  -0.50 220.35   3.26  -0.28  334.0230  5.2880 -1.69  19860  19860  19860
 12.500  195.5210  4.1120  -0.45 217.17   3.00  -0.20  313.6590  6.0920 -1.37  19830  19830  19830
 13.000  180.7010  3.8580  -0.40 214.28   2.79   0.01  293.8140  6.7350 -1.05  19823  19823  19823
 13.500  166.8510  3.5700  -0.35 211.62   2.77   0.26  274.7170  7.1890 -0.80  19819  19819  19819
 14.000  153.9020  3.2560  -0.31 209.23   2.91   0.37  256.3220  7.3730 -0.58  19811  19811  19811
 14.500  141.8650  2.9360  -0.29 207.11   3.02   0.35  238.7040  7.2100 -0.41  19802  19802  19802
 15.000  130.6510  2.6270  -0.27 205.24   3.16   0.22  221.8500  6.8330 -0.27  19794  19794  19794
 15.500  120.2330  2.3390  -0.27 203.68   3.25   0.04  205.7240  6.2760 -0.16  19721  19721  19721
 16.000  110.6090  2.0850  -0.26 202.48   3.31  -0.15  190.3820  5.6340 -0.06  19716  19716  19716
 16.500  101.7030  1.8690  -0.25 201.72   3.42  -0.30  175.7050  4.9640  0.01  19708  19708  19708
 17.000   93.4810  1.6940  -0.22 201.44   3.54  -0.40  161.7180  4.2890  0.05  19690  19690  19690
 17.500   85.9490  1.5560  -0.17 201.66   3.64  -0.42  148.5250  3.6790  0.05  19599  19599  19599
 18.000   79.0270  1.4470  -0.11 202.33   3.75  -0.41  136.1040  3.1560  0.01  19378  19378  19378
 18.500   72.6780  1.3610  -0.05 203.44   3.74  -0.44  124.4790  2.6770 -0.04  18936  18936  18936
 19.000   66.8960  1.2910  -0.01 204.83   3.70  -0.47  113.7970  2.2960 -0.09  18332  18332  18332
 19.500   61.5510  1.2290   0.03 206.36   3.62  -0.50  103.9250  2.0160 -0.15  18134  18134  18134
 20.000   56.7320  1.1720   0.04 207.90   3.40  -0.55   95.0710  1.7480 -0.19  17672  17672  17672
 20.500   52.3340  1.1180   0.04 209.38   3.25  -0.56   87.0810  1.5590 -0.20  17171  17171  17171
 21.000   48.2130  1.0670   0.05 210.79   3.12  -0.55   79.6840  1.4380 -0.16  16985  16985  16985
 21.500   44.5240  1.0150   0.05 212.05   3.00  -0.54   73.1470  1.3220 -0.11  16537  16537  16537
 22.000   41.1430  0.9620   0.04 213.24   2.94  -0.50   67.2130  1.2330 -0.05  16202  16202  16202
 22.500   37.9390  0.9170   0.04 214.41   2.93  -0.47   61.6410  1.1660  0.00  16059  16059  16059
 23.000   35.0960  0.8700   0.02 215.44   2.94  -0.47   56.7470  1.0810  0.01  15837  15837  15837
 23.500   32.4840  0.8270  -0.00 216.43   2.98  -0.45   52.2840  1.0170  0.04  15643  15643  15643
 24.000   29.9800  0.7860  -0.01 217.44   3.02  -0.44   48.0300  0.9630  0.07  15554  15554  15554
 24.500   27.7750  0.7460  -0.03 218.42   3.07  -0.46   44.2970  0.9050  0.07  15250  15250  15250
 25.000   25.7460  0.7090  -0.06 219.37   3.13  -0.45   40.8830  0.8600  0.07  14952  14952  14952
 25.500   23.7800  0.6730  -0.07 220.36   3.16  -0.47   37.5920  0.8250  0.07  14800  14800  14800
 26.000   22.0580  0.6380  -0.10 221.27   3.20  -0.45   34.7260  0.7820  0.05  14502  14502  14502
 26.500   20.3850  0.6050  -0.11 222.23   3.30  -0.42   31.9540  0.7560  0.03  14324  14324  14324
 27.000   18.9220  0.5740  -0.14 223.16   3.33  -0.43   29.5370  0.7150  0.01  13885  13885  13885
 27.500   17.5770  0.5440  -0.18 224.08   3.38  -0.43   27.3250  0.6780 -0.02  13242  13242  13242
 28.000   16.2550  0.5160  -0.19 225.02   3.46  -0.40   25.1640  0.6540 -0.04  12877  12877  12877
 28.500   15.1090  0.4880  -0.23 225.90   3.51  -0.44   23.2990  0.6160 -0.09  12135  12135  12135
 29.000   14.0460  0.4640  -0.25 226.74   3.60  -0.44   21.5790  0.5860 -0.12  11388  11388  11388
 29.500   12.9970  0.4380  -0.26 227.64   3.66  -0.41   19.8890  0.5650 -0.14  11038  11038  11038
 30.000   12.0920  0.4160  -0.28 228.49   3.69  -0.44   18.4350  0.5390 -0.17  10402  10402  10402
