      72572      40.77N  111.97W
     T A B L E  II -   1.  T H E R M O D Y N A M I C  S T A T I S T I C A L  P A R A M E T E R S
                                   January
 STATION =   725720     DUGWAY PROVING GROUNDS
    Z      MEAN P   SD P   SKEWP  MEAN T  SD T  SKEWT    MEAN D   SD D  SKEWD  NOBSP  NOBST  NOBSD
    KM       MB       MB             K      K             G/M3    G/M3                           
  0.000 1020.0000  5.0000   0.00 290.00   5.00   0.00 1221.0000 25.0000  0.00    100    100    100
  1.289  874.3020  7.1620  -0.43 272.42   5.28  -0.03 1116.3979 26.5910  0.05   1164   1164   1164
  1.500  851.5500  6.8610  -0.43 272.50   5.17  -0.03 1087.1960 24.5200  0.04   1164   1164   1164
  2.000  799.7590  6.3940  -0.42 271.61   5.20  -0.21 1024.5570 20.9500  0.24   1164   1164   1164
  2.500  750.8430  6.2110  -0.36 269.34   5.49  -0.29  970.1620 18.9670  0.41   1164   1164   1164
  3.000  704.5800  6.2410  -0.28 266.74   5.59  -0.33  919.4090 16.4450  0.53   1164   1164   1164
  3.500  660.7660  6.4590  -0.20 264.20   5.57  -0.38  870.6610 14.0080  0.65   1164   1164   1164
  4.000  619.2490  6.6920  -0.17 261.56   5.56  -0.48  824.3230 12.0640  0.76   1164   1164   1164
  4.500  579.9280  6.9290  -0.16 258.65   5.53  -0.52  780.7470 10.3930  0.78   1164   1164   1164
  5.000  542.6910  7.1540  -0.17 255.52   5.55  -0.54  739.6540  9.0250  0.76   1164   1164   1164
  5.500  507.4980  7.3380  -0.19 252.26   5.57  -0.56  700.6870  7.9720  0.67   1164   1164   1164
  6.000  474.1110  7.5550  -0.22 248.83   5.62  -0.52  663.6660  7.1190  0.47   1164   1164   1164
  6.500  442.4860  7.6820  -0.25 245.30   5.59  -0.47  628.3490  6.2570  0.28   1164   1164   1164
  7.000  412.6330  7.7280  -0.26 241.71   5.48  -0.41  594.6780  5.5740  0.12   1164   1164   1164
  7.500  384.3440  7.8210  -0.25 238.08   5.33  -0.28  562.3560  5.2840 -0.08   1164   1164   1164
  8.000  357.5010  7.7560  -0.24 234.37   5.10  -0.19  531.3710  5.3260 -0.38   1164   1164   1164
  8.500  332.2230  7.6310  -0.22 230.74   4.73  -0.07  501.5610  5.8910 -0.99   1163   1163   1163
  9.000  308.5010  7.4210  -0.19 227.24   4.27   0.05  472.9150  7.0390 -1.37   1161   1161   1161
  9.500  286.1320  7.2140  -0.12 223.98   3.83   0.16  445.0310  8.7160 -1.40   1161   1161   1161
 10.000  265.0180  6.8020  -0.05 221.10   3.59   0.38  417.6200 10.5680 -1.22   1160   1160   1160
 10.500  245.3680  6.3680   0.02 218.76   4.03   0.64  390.8800 12.5930 -0.97   1158   1158   1158
 11.000  226.9030  5.8160   0.13 217.25   4.92   0.66  364.0920 14.1250 -0.63   1157   1157   1157
 11.500  209.7640  5.2140   0.21 216.52   6.00   0.38  337.8590 15.0160 -0.28   1154   1154   1154
 12.000  193.9300  4.6430   0.28 216.41   6.61   0.02  312.5800 14.7930  0.07   1151   1151   1151
 12.500  179.2570  4.0930   0.33 216.80   6.47  -0.36  288.3980 13.2160  0.38   1149   1149   1149
 13.000  165.7190  3.6090   0.37 217.12   5.92  -0.61  266.1580 11.2480  0.55   1148   1148   1148
 13.500  153.2230  3.2070   0.42 217.05   5.05  -0.72  246.1040  9.2550  0.60   1147   1147   1147
 14.000  141.6670  2.8750   0.44 216.61   4.53  -0.64  227.9740  7.9910  0.56   1147   1147   1147
 14.500  130.9320  2.5600   0.44 215.85   4.22  -0.32  211.4280  7.0980  0.43   1144   1144   1144
 15.000  120.9740  2.2730   0.46 214.95   4.13  -0.15  196.1680  6.4170  0.39   1141   1141   1141
 15.500  111.7480  2.0180   0.46 213.99   4.05  -0.02  182.0170  5.8290  0.36   1139   1139   1139
 16.000  103.2030  1.7900   0.47 213.24   4.09   0.05  168.6890  5.3230  0.36   1134   1134   1134
 16.500   95.2990  1.5700   0.46 212.61   4.20  -0.12  156.2330  4.8680  0.40   1126   1126   1126
 17.000   87.9650  1.3810   0.42 212.18   4.30  -0.26  144.5030  4.4360  0.50   1124   1124   1124
 17.500   81.1800  1.2210   0.36 211.82   4.12  -0.38  133.5760  3.8340  0.58   1120   1120   1120
 18.000   74.9190  1.0900   0.28 211.59   4.01  -0.31  123.4000  3.3400  0.56   1115   1115   1115
 18.500   69.1540  0.9800   0.18 211.49   3.91  -0.38  113.9550  2.8900  0.59   1111   1111   1111
 19.000   63.8090  0.9020   0.12 211.42   3.85  -0.32  105.1780  2.4850  0.59   1108   1108   1108
 19.500   58.8830  0.8340   0.05 211.53   3.80  -0.29   97.0040  2.1380  0.55   1101   1101   1101
 20.000   54.3430  0.7810  -0.01 211.72   3.80  -0.31   89.4430  1.8340  0.52   1092   1092   1092
 20.500   50.1670  0.7310  -0.05 211.91   3.78  -0.27   82.4910  1.5680  0.53   1085   1085   1085
 21.000   46.3140  0.7130  -0.09 212.16   3.82  -0.28   76.0610  1.3640  0.50   1078   1078   1078
 21.500   42.7510  0.6880  -0.10 212.49   3.92  -0.41   70.1000  1.2430  0.43   1069   1069   1069
 22.000   39.4680  0.6650  -0.10 212.75   4.02  -0.44   64.6380  1.1040  0.38   1065   1065   1065
 22.500   36.4430  0.6460  -0.12 212.99   4.06  -0.43   59.6140  0.9710  0.32   1057   1057   1057
 23.000   33.6510  0.6290  -0.13 213.23   4.13  -0.46   54.9830  0.8600  0.17   1044   1044   1044
 23.500   31.0760  0.6140  -0.14 213.46   4.30  -0.54   50.7210  0.8090 -0.09   1034   1034   1034
 24.000   28.7180  0.6050  -0.17 213.63   4.35  -0.49   46.8340  0.7440 -0.25   1025   1025   1025
 24.500   26.5220  0.5890  -0.18 213.89   4.36  -0.50   43.2010  0.6900 -0.21   1016   1016   1016
 25.000   24.4990  0.5760  -0.19 214.18   4.47  -0.47   39.8510  0.6530 -0.28    999    999    999
 25.500   22.6280  0.5600  -0.20 214.42   4.62  -0.44   36.7640  0.6280 -0.29    980    980    980
 26.000   20.9070  0.5440  -0.19 214.74   4.68  -0.40   33.9180  0.6060 -0.34    962    962    962
 26.500   19.3300  0.5290  -0.23 215.09   4.80  -0.37   31.3090  0.5950 -0.50    939    939    939
 27.000   17.8640  0.5120  -0.19 215.55   4.90  -0.40   28.8720  0.5930 -0.59    920    920    920
 27.500   16.5080  0.4930  -0.16 216.06   4.90  -0.38   26.6170  0.6000 -0.71    904    904    904
 28.000   15.2650  0.4760  -0.15 216.52   4.94  -0.38   24.5600  0.5970 -0.81    878    878    878
 28.500   14.1230  0.4550  -0.15 217.15   5.05  -0.41   22.6580  0.6110 -0.93    846    846    846
 29.000   13.0680  0.4300  -0.14 217.90   5.03  -0.31   20.8940  0.6070 -1.03    800    800    800
 29.500   12.1050  0.4050  -0.08 218.70   5.20  -0.38   19.2830  0.5840 -1.04    734    734    734
 30.000   11.2210  0.3810  -0.06 219.78   5.36  -0.24   17.7880  0.5800 -1.18    640    640    640
     T A B L E  II -   2.  T H E R M O D Y N A M I C  S T A T I S T I C A L  P A R A M E T E R S
                                  February
 STATION =   725720     DUGWAY PROVING GROUNDS
    Z      MEAN P   SD P   SKEWP  MEAN T  SD T  SKEWT    MEAN D   SD D  SKEWD  NOBSP  NOBST  NOBSD
    KM       MB       MB             K      K             G/M3    G/M3                           
  0.000 1020.0000  5.0000   0.00 290.00   5.00   0.00 1221.0000 25.0000  0.00    100    100    100
  1.289  871.3770  7.1110  -0.11 274.85   5.39   0.04 1102.6670 26.1780  0.24   1093   1093   1093
  1.500  848.8890  6.8440  -0.13 274.67   4.76   0.10 1075.0439 21.9900  0.13   1093   1093   1093
  2.000  797.5070  6.4240  -0.14 272.33   4.78   0.05 1018.8590 19.1380  0.16   1093   1093   1093
  2.500  748.7760  6.1990  -0.12 269.22   4.83   0.01  967.8400 17.0620  0.21   1093   1093   1093
  3.000  702.6030  6.1260  -0.06 266.12   4.83  -0.08  918.9100 14.7130  0.31   1093   1093   1093
  3.500  658.7570  6.2400   0.00 263.27   4.82  -0.15  871.0270 12.3920  0.46   1092   1092   1092
  4.000  617.2040  6.3710   0.04 260.37   4.82  -0.20  825.3250 10.6540  0.56   1092   1092   1092
  4.500  577.8340  6.5270   0.07 257.35   4.88  -0.29  781.8790  9.3540  0.66   1092   1092   1092
  5.000  540.5560  6.6680   0.07 254.12   4.97  -0.32  740.8030  8.4260  0.69   1092   1092   1092
  5.500  505.3300  6.7850   0.06 250.82   5.03  -0.34  701.7050  7.6050  0.64   1092   1092   1092
  6.000  471.8820  6.9680   0.04 247.34   5.07  -0.30  664.5330  6.7980  0.46   1091   1091   1091
  6.500  440.2190  7.0540   0.02 243.77   5.08  -0.21  629.0670  6.0730  0.15   1091   1091   1091
  7.000  410.3430  7.0870   0.02 240.12   5.03  -0.12  595.2990  5.5590 -0.01   1091   1091   1091
  7.500  381.9870  7.1790   0.02 236.41   4.97  -0.04  562.8700  5.2870 -0.22   1091   1091   1091
  8.000  355.1250  7.1120   0.04 232.68   4.79   0.03  531.6880  5.2560 -0.38   1091   1091   1091
  8.500  329.8620  6.9940   0.06 229.04   4.49   0.13  501.7060  5.6500 -0.75   1091   1091   1091
  9.000  306.1470  6.8080   0.09 225.60   4.01   0.23  472.7290  6.6310 -1.10   1091   1091   1091
  9.500  283.7880  6.6120   0.16 222.47   3.66   0.12  444.3850  8.1980 -1.20   1089   1089   1089
 10.000  262.7300  6.2340   0.22 219.87   3.59   0.16  416.3360 10.0980 -1.04   1087   1087   1087
 10.500  243.1590  5.8260   0.29 218.03   4.03   0.43  388.6610 12.1780 -0.68   1086   1086   1086
 11.000  224.8190  5.2930   0.38 216.95   4.96   0.52  361.2470 13.5450 -0.34   1086   1086   1086
 11.500  207.8350  4.7480   0.44 216.85   5.74   0.19  334.2070 14.0410  0.08   1081   1081   1081
 12.000  192.1880  4.2200   0.47 217.43   5.96  -0.24  308.2460 13.2510  0.51   1081   1081   1081
 12.500  177.7240  3.7250   0.46 218.13   5.59  -0.60  284.0970 11.4450  0.82   1081   1081   1081
 13.000  164.3760  3.3090   0.44 218.38   4.99  -0.93  262.4080  9.6390  1.00   1080   1080   1080
 13.500  152.0530  2.9550   0.42 218.25   4.33  -0.93  242.8360  8.0360  0.90   1079   1079   1079
 14.000  140.6410  2.6680   0.41 217.77   3.75  -0.55  225.0730  6.8100  0.63   1073   1073   1073
 14.500  130.0310  2.3910   0.39 216.99   3.58  -0.29  208.8390  6.1450  0.45   1070   1070   1070
 15.000  120.2020  2.1430   0.37 216.11   3.57  -0.28  193.8450  5.6930  0.44   1068   1068   1068
 15.500  111.0870  1.9090   0.36 215.26   3.63  -0.13  179.8550  5.2790  0.38   1066   1066   1066
 16.000  102.6420  1.7020   0.34 214.56   3.70  -0.07  166.7250  4.8780  0.37   1064   1064   1064
 16.500   94.8200  1.5050   0.27 214.10   3.73  -0.07  154.3480  4.3740  0.41   1061   1061   1061
 17.000   87.5730  1.3380   0.21 213.63   3.73  -0.21  142.8660  3.9260  0.45   1058   1058   1058
 17.500   80.8660  1.1950   0.15 213.28   3.74  -0.25  132.1350  3.4710  0.47   1054   1054   1054
 18.000   74.6680  1.0730   0.10 212.94   3.57  -0.25  122.1950  3.0010  0.45   1048   1048   1048
 18.500   68.9540  0.9680   0.01 212.85   3.42  -0.33  112.8900  2.5480  0.48   1040   1040   1040
 19.000   63.6540  0.8970  -0.01 212.73   3.30  -0.31  104.2640  2.1610  0.41   1035   1035   1035
 19.500   58.7690  0.8320  -0.04 212.79   3.29  -0.40   96.2310  1.9010  0.39   1031   1031   1031
 20.000   54.2610  0.7800  -0.05 212.91   3.24  -0.40   88.7990  1.6360  0.37   1027   1027   1027
 20.500   50.1070  0.7260  -0.07 212.98   3.22  -0.44   81.9720  1.4160  0.35   1017   1017   1017
 21.000   46.2770  0.7010  -0.08 212.98   3.35  -0.53   75.7040  1.2760  0.39   1014   1014   1014
 21.500   42.7300  0.6710  -0.09 213.06   3.37  -0.60   69.8740  1.1200  0.45   1007   1007   1007
 22.000   39.4560  0.6430  -0.10 213.22   3.46  -0.62   64.4730  1.0070  0.44   1001   1001   1001
 22.500   36.4410  0.6170  -0.09 213.40   3.53  -0.55   59.4920  0.8980  0.31    992    992    992
 23.000   33.6550  0.5980  -0.11 213.64   3.60  -0.53   54.8840  0.7920  0.24    984    984    984
 23.500   31.0840  0.5790  -0.10 213.85   3.69  -0.60   50.6390  0.7100  0.29    978    978    978
 24.000   28.7310  0.5640  -0.15 214.17   3.77  -0.64   46.7360  0.6650  0.14    971    971    971
 24.500   26.5410  0.5420  -0.17 214.49   3.80  -0.62   43.1080  0.6180  0.01    962    962    962
 25.000   24.5250  0.5230  -0.19 214.87   3.83  -0.62   39.7620  0.5940 -0.09    955    955    955
 25.500   22.6630  0.5090  -0.22 215.32   3.93  -0.56   36.6650  0.5740 -0.17    945    945    945
 26.000   20.9470  0.4920  -0.17 215.80   3.88  -0.41   33.8130  0.5550 -0.20    927    927    927
 26.500   19.3780  0.4730  -0.24 216.24   3.92  -0.26   31.2170  0.5450 -0.48    911    911    911
 27.000   17.9130  0.4590  -0.19 216.75   3.93  -0.04   28.7890  0.5510 -0.56    890    890    890
 27.500   16.5630  0.4370  -0.16 217.40   4.01   0.07   26.5400  0.5420 -0.49    872    872    872
 28.000   15.3160  0.4210  -0.14 217.95   4.15   0.06   24.4810  0.5360 -0.57    839    839    839
 28.500   14.1670  0.4040  -0.17 218.54   4.26   0.06   22.5830  0.5280 -0.73    811    811    811
 29.000   13.1170  0.3830  -0.14 219.39   4.31   0.29   20.8280  0.5220 -0.81    769    769    769
 29.500   12.1400  0.3660  -0.17 220.22   4.43   0.29   19.2040  0.5170 -0.81    713    713    713
 30.000   11.2410  0.3510  -0.15 221.07   4.66   0.31   17.7140  0.5100 -0.76    648    648    648
     T A B L E  II -   3.  T H E R M O D Y N A M I C  S T A T I S T I C A L  P A R A M E T E R S
                                     March
 STATION =   725720     DUGWAY PROVING GROUNDS
    Z      MEAN P   SD P   SKEWP  MEAN T  SD T  SKEWT    MEAN D   SD D  SKEWD  NOBSP  NOBST  NOBSD
    KM       MB       MB             K      K             G/M3    G/M3                           
  0.000 1020.0000  5.0000   0.00 290.00   5.00   0.00 1221.0000 25.0000  0.00    100    100    100
  1.289  870.2440  6.2700  -0.11 279.78   6.25   0.44 1081.7050 26.6520 -0.22   1163   1163   1163
  1.500  848.2420  6.0790  -0.17 279.37   5.59   0.25 1056.1520 22.6850 -0.18   1163   1163   1163
  2.000  797.6260  5.8130  -0.23 276.10   5.62   0.12 1005.0940 20.5340 -0.06   1163   1163   1163
  2.500  749.4710  5.7160  -0.27 272.41   5.59   0.04  957.3750 18.4320  0.03   1163   1163   1163
  3.000  703.7730  5.7730  -0.29 268.80   5.47  -0.08  911.2140 16.0060  0.16   1163   1163   1163
  3.500  660.2490  5.9860  -0.26 265.53   5.28  -0.24  865.5570 13.4410  0.37   1163   1163   1163
  4.000  618.9180  6.1820  -0.25 262.36   5.18  -0.41  821.3060 11.3740  0.58   1163   1163   1163
  4.500  579.7260  6.3940  -0.24 259.17   5.17  -0.52  778.8840  9.9560  0.74   1163   1163   1163
  5.000  542.5870  6.5860  -0.25 255.94   5.20  -0.61  738.2960  8.8360  0.84   1163   1163   1163
  5.500  507.4580  6.7430  -0.27 252.61   5.21  -0.64  699.6670  7.7990  0.79   1163   1163   1163
  6.000  474.1190  6.9420  -0.30 249.13   5.21  -0.67  662.8870  6.8700  0.75   1162   1162   1162
  6.500  442.5210  7.0520  -0.34 245.57   5.20  -0.70  627.7120  6.0960  0.61   1162   1162   1162
  7.000  412.6820  7.1040  -0.36 241.89   5.20  -0.67  594.3180  5.5330  0.32   1162   1162   1162
  7.500  384.3860  7.2270  -0.37 238.20   5.15  -0.63  562.1400  5.0520 -0.01   1161   1161   1161
  8.000  357.5440  7.1920  -0.37 234.51   4.91  -0.42  531.1120  4.8230 -0.63   1161   1161   1161
  8.500  332.2670  7.0940  -0.35 230.86   4.51  -0.10  501.3680  5.2820 -1.11   1158   1158   1158
  9.000  308.5410  6.9060  -0.32 227.30   4.01   0.17  472.8480  6.4290 -1.47   1158   1158   1158
  9.500  286.1700  6.7190  -0.25 223.96   3.61   0.29  445.1220  8.0270 -1.61   1157   1157   1157
 10.000  265.0410  6.3330  -0.18 220.98   3.40   0.43  417.8740  9.8280 -1.47   1156   1156   1156
 10.500  245.3780  5.9390  -0.10 218.44   3.69   0.73  391.4390 11.6390 -1.17   1154   1154   1154
 11.000  226.8550  5.4130   0.02 216.50   4.45   0.87  365.2440 13.1010 -0.85   1151   1151   1151
 11.500  209.6600  4.8390   0.11 215.55   5.43   0.57  339.1520 14.1240 -0.46   1151   1151   1151
 12.000  193.7700  4.2780   0.20 215.46   6.06   0.17  313.6500 13.9730 -0.08   1151   1151   1151
 12.500  179.0550  3.7290   0.26 216.06   6.14  -0.29  289.0340 12.7120  0.31   1151   1151   1151
 13.000  165.4950  3.2590   0.29 216.78   5.36  -0.59  266.1830 10.3770  0.50   1150   1150   1150
 13.500  153.0000  2.8740   0.32 216.98   4.39  -0.53  245.7840  8.2800  0.43   1150   1150   1150
 14.000  141.4620  2.5700   0.34 216.67   3.87  -0.28  227.5490  7.0270  0.28   1147   1147   1147
 14.500  130.7560  2.2880   0.34 216.11   3.65  -0.12  210.8600  6.2000  0.23   1147   1147   1147
 15.000  120.8370  2.0390   0.36 215.47   3.61  -0.03  195.4400  5.6400  0.25   1145   1145   1145
 15.500  111.6480  1.8120   0.36 214.81   3.66   0.00  181.1400  5.1900  0.25   1143   1143   1143
 16.000  103.1440  1.6080   0.37 214.20   3.71  -0.06  167.8170  4.7760  0.34   1140   1140   1140
 16.500   95.2820  1.4180   0.39 213.69   3.68  -0.15  155.3980  4.3130  0.40   1138   1138   1138
 17.000   87.9820  1.2540   0.37 213.28   3.59  -0.22  143.7640  3.8180  0.43   1136   1136   1136
 17.500   81.2370  1.1130   0.35 213.01   3.44  -0.21  132.9020  3.3350  0.45   1133   1133   1133
 18.000   75.0000  0.9920   0.35 212.77   3.36  -0.20  122.8340  2.9140  0.43   1128   1128   1128
 18.500   69.2610  0.8830   0.35 212.68   3.20  -0.22  113.4790  2.4780  0.46   1124   1124   1124
 19.000   63.9370  0.8070   0.39 212.62   3.00  -0.22  104.7820  2.1060  0.44   1117   1117   1117
 19.500   59.0260  0.7400   0.40 212.63   2.90  -0.21   96.7250  1.7810  0.44   1109   1109   1109
 20.000   54.4950  0.6860   0.43 212.76   2.84  -0.19   89.2430  1.5170  0.44   1103   1103   1103
 20.500   50.3200  0.6350   0.49 212.87   2.80  -0.08   82.3590  1.2720  0.45   1091   1091   1091
 21.000   46.4690  0.6120   0.49 213.00   2.81  -0.17   76.0100  1.1220  0.60   1078   1078   1078
 21.500   42.9100  0.5820   0.50 213.26   2.81  -0.08   70.1000  0.9960  0.48   1073   1073   1073
 22.000   39.6280  0.5570   0.51 213.56   2.82  -0.02   64.6490  0.9020  0.31   1066   1066   1066
 22.500   36.6010  0.5330   0.53 213.78   2.80   0.04   59.6480  0.8300  0.14   1063   1063   1063
 23.000   33.8080  0.5100   0.56 214.05   2.73   0.03   55.0240  0.7530 -0.01   1058   1058   1058
 23.500   31.2310  0.4890   0.58 214.38   2.80   0.03   50.7520  0.7070 -0.01   1053   1053   1053
 24.000   28.8730  0.4710   0.58 214.69   2.73  -0.02   46.8510  0.6490  0.09   1044   1044   1044
 24.500   26.6780  0.4500   0.60 215.04   2.77   0.04   43.2190  0.6130  0.18   1032   1032   1032
 25.000   24.6530  0.4290   0.60 215.42   2.83   0.12   39.8690  0.5810  0.16   1020   1020   1020
 25.500   22.7880  0.4100   0.62 215.93   2.88   0.17   36.7650  0.5580  0.20   1015   1015   1015
 26.000   21.0660  0.3930   0.61 216.43   3.01   0.29   33.9070  0.5380  0.16   1005   1005   1005
 26.500   19.4910  0.3740   0.57 216.89   3.13   0.24   31.3060  0.5090  0.16    992    992    992
 27.000   18.0230  0.3630   0.62 217.44   3.15   0.15   28.8760  0.4990  0.17    974    974    974
 27.500   16.6690  0.3440   0.64 218.03   3.29   0.14   26.6330  0.4860  0.15    955    955    955
 28.000   15.4220  0.3310   0.63 218.70   3.42   0.08   24.5650  0.4670  0.14    929    929    929
 28.500   14.2730  0.3170   0.63 219.47   3.63   0.07   22.6560  0.4500  0.13    895    895    895
 29.000   13.2120  0.3040   0.61 220.28   3.76   0.06   20.8950  0.4380  0.12    861    861    861
 29.500   12.2340  0.2910   0.60 221.16   3.98   0.13   19.2710  0.4220  0.13    806    806    806
 30.000   11.3300  0.2740   0.51 222.24   4.18   0.29   17.7610  0.4100  0.09    731    731    731
     T A B L E  II -   4.  T H E R M O D Y N A M I C  S T A T I S T I C A L  P A R A M E T E R S
                                     April
 STATION =   725720     DUGWAY PROVING GROUNDS
    Z      MEAN P   SD P   SKEWP  MEAN T  SD T  SKEWT    MEAN D   SD D  SKEWD  NOBSP  NOBST  NOBSD
    KM       MB       MB             K      K             G/M3    G/M3                           
  0.000 1020.0000  5.0000   0.00 290.00   5.00   0.00 1221.0000 25.0000  0.00    100    100    100
  1.289  868.4460  5.7630   0.00 283.07   6.51   0.56 1066.6090 26.3090 -0.32   1068   1068   1068
  1.500  846.6770  5.6420  -0.01 282.43   5.87   0.37 1042.5129 22.4890 -0.33   1068   1068   1068
  2.000  796.6290  5.4430  -0.07 278.91   5.88   0.25  993.5170 20.4820 -0.21   1068   1068   1068
  2.500  748.9960  5.3940  -0.13 275.01   5.80   0.18  947.5140 18.5260 -0.08   1068   1068   1068
  3.000  703.7560  5.4910  -0.16 271.16   5.59   0.10  903.0660 16.1610  0.06   1068   1068   1068
  3.500  660.5560  5.6710  -0.13 267.51   5.30  -0.01  859.3780 13.6490  0.19   1068   1068   1068
  4.000  619.5150  5.8640  -0.11 264.08   5.04  -0.17  816.6000 11.2490  0.42   1066   1066   1066
  4.500  580.5400  6.0590  -0.10 260.72   4.88  -0.32  775.2460  9.3690  0.66   1066   1066   1066
  5.000  543.5640  6.2310  -0.10 257.38   4.83  -0.45  735.4010  8.0830  0.81   1066   1066   1066
  5.500  508.5560  6.3700  -0.12 253.95   4.91  -0.56  697.4250  7.2520  0.90   1066   1066   1066
  6.000  475.3180  6.5520  -0.16 250.42   4.94  -0.54  661.0780  6.4360  0.71   1066   1066   1066
  6.500  443.8280  6.6330  -0.17 246.84   4.93  -0.48  626.3040  5.6910  0.41   1065   1065   1065
  7.000  414.0560  6.6870  -0.18 243.17   4.92  -0.43  593.1370  5.0970  0.15   1065   1065   1065
  7.500  385.8420  6.7970  -0.20 239.48   4.81  -0.41  561.2440  4.6780 -0.23   1065   1065   1065
  8.000  359.0300  6.7720  -0.20 235.75   4.68  -0.37  530.5140  4.6510 -0.54   1064   1064   1064
  8.500  333.7890  6.6810  -0.20 232.05   4.43  -0.32  501.0930  4.9150 -1.03   1064   1064   1064
  9.000  310.0770  6.5290  -0.19 228.53   4.05  -0.30  472.6520  5.8500 -1.32   1063   1063   1063
  9.500  287.7330  6.3850  -0.16 225.30   3.62  -0.19  444.9060  7.3740 -1.36   1061   1061   1061
 10.000  266.6040  6.0190  -0.12 222.43   3.23   0.21  417.5900  9.1040 -1.15   1061   1061   1061
 10.500  246.9170  5.6120  -0.08 220.03   3.42   0.76  391.0390 11.1510 -0.88   1058   1058   1058
 11.000  228.4110  5.0960   0.01 218.14   4.26   0.79  364.9660 12.7510 -0.64   1057   1057   1057
 11.500  211.2120  4.5340   0.09 216.89   5.26   0.52  339.5510 13.6880 -0.37   1054   1054   1054
 12.000  195.2900  3.9730   0.15 216.37   5.93   0.19  314.7750 13.6490 -0.06   1053   1053   1053
 12.500  180.5090  3.4190   0.18 216.53   6.15  -0.20  290.7520 12.6500  0.26   1053   1053   1053
 13.000  166.8670  2.9360   0.17 216.90   5.64  -0.50  268.2660 10.7090  0.50   1052   1052   1052
 13.500  154.2710  2.5350   0.16 217.19   4.82  -0.57  247.6180  8.5860  0.57   1051   1051   1051
 14.000  142.6550  2.2150   0.13 217.00   4.20  -0.35  229.1390  7.0500  0.37   1051   1051   1051
 14.500  131.8780  1.9480   0.13 216.60   3.81  -0.13  212.2010  5.9810  0.22   1050   1050   1050
 15.000  121.8960  1.7180   0.13 216.04   3.66  -0.14  196.6350  5.2710  0.23   1049   1049   1049
 15.500  112.6550  1.5200   0.13 215.44   3.55  -0.16  182.2330  4.6920  0.22   1047   1047   1047
 16.000  104.0990  1.3440   0.12 214.94   3.47  -0.20  168.7750  4.2130  0.22   1044   1044   1044
 16.500   96.1900  1.1880   0.09 214.47   3.43  -0.20  156.2920  3.7420  0.19   1038   1038   1038
 17.000   88.8500  1.0550   0.07 214.06   3.37  -0.14  144.6430  3.2950  0.14   1036   1036   1036
 17.500   82.0620  0.9410   0.05 213.67   3.16  -0.10  133.8260  2.8410  0.15   1035   1035   1035
 18.000   75.7870  0.8470   0.02 213.43   2.97  -0.19  123.7310  2.4660  0.21   1034   1034   1034
 18.500   69.9950  0.7570  -0.04 213.18   2.78  -0.20  114.4010  2.1320  0.19   1030   1030   1030
 19.000   64.6350  0.6990  -0.12 213.12   2.65  -0.10  105.6720  1.8560  0.19   1026   1026   1026
 19.500   59.6810  0.6410  -0.20 213.01   2.59  -0.22   97.6210  1.6290  0.27   1021   1021   1021
 20.000   55.1090  0.5910  -0.28 213.14   2.56  -0.18   90.0840  1.4350  0.26   1018   1018   1018
 20.500   50.8920  0.5470  -0.33 213.40   2.43  -0.12   83.0880  1.2110  0.17   1013   1013   1013
 21.000   47.0150  0.5140  -0.43 213.63   2.44  -0.09   76.6750  1.1020  0.06   1005   1005   1005
 21.500   43.4240  0.4820  -0.47 213.96   2.38  -0.05   70.7070  0.9820  0.01   1001   1001   1001
 22.000   40.1140  0.4530  -0.47 214.34   2.37  -0.19   65.2010  0.8830  0.01    999    999    999
 22.500   37.0640  0.4300  -0.46 214.79   2.40  -0.11   60.1170  0.7850 -0.29    998    998    998
 23.000   34.2480  0.4060  -0.44 215.25   2.39   0.03   55.4320  0.7320 -0.59    993    993    993
 23.500   31.6510  0.3860  -0.42 215.77   2.43   0.13   51.1040  0.6840 -0.80    988    988    988
 24.000   29.2770  0.3640  -0.38 216.29   2.55   0.16   47.1590  0.6590 -1.00    978    978    978
 24.500   27.0680  0.3480  -0.29 216.91   2.75   0.44   43.4740  0.6230 -1.31    969    969    969
 25.000   25.0310  0.3330  -0.23 217.54   2.84   0.48   40.0870  0.5830 -1.34    964    964    964
 25.500   23.1540  0.3170  -0.22 218.24   2.94   0.36   36.9620  0.5440 -1.19    953    953    953
 26.000   21.4230  0.3050  -0.16 218.94   3.08   0.55   34.0880  0.4970 -1.14    943    943    943
 26.500   19.8410  0.2830  -0.19 219.67   3.22   0.55   31.4670  0.4560 -1.11    926    926    926
 27.000   18.3660  0.2790  -0.14 220.39   3.29   0.49   29.0310  0.4340 -0.94    909    909    909
 27.500   17.0050  0.2660  -0.11 221.29   3.39   0.30   26.7710  0.4120 -0.84    886    886    886
 28.000   15.7540  0.2560  -0.07 222.24   3.66   0.42   24.6960  0.3970 -0.88    873    873    873
 28.500   14.5960  0.2460  -0.08 223.14   3.58   0.53   22.7870  0.3680 -0.84    850    850    850
 29.000   13.5280  0.2360  -0.07 224.16   3.65   0.56   21.0240  0.3520 -0.70    820    820    820
 29.500   12.5410  0.2250  -0.01 225.24   3.77   0.66   19.3970  0.3330 -0.62    786    786    786
 30.000   11.6320  0.2130  -0.01 226.31   3.87   0.64   17.9040  0.3070 -0.66    728    728    728
     T A B L E  II -   5.  T H E R M O D Y N A M I C  S T A T I S T I C A L  P A R A M E T E R S
                                       May
 STATION =   725720     DUGWAY PROVING GROUNDS
    Z      MEAN P   SD P   SKEWP  MEAN T  SD T  SKEWT    MEAN D   SD D  SKEWD  NOBSP  NOBST  NOBSD
    KM       MB       MB             K      K             G/M3    G/M3                           
  0.000 1020.0000  5.0000   0.00 290.00   5.00   0.00 1221.0000 25.0000  0.00    100    100    100
  1.289  868.6220  4.7630  -0.22 288.48   7.13   0.41 1046.2090 26.7120 -0.19   1192   1192   1192
  1.500  847.4040  4.7110  -0.23 287.94   6.14   0.14 1022.9230 22.0250 -0.07   1194   1194   1194
  2.000  798.2800  4.6490  -0.39 284.49   6.03  -0.06  975.6310 19.6910  0.11   1194   1194   1194
  2.500  751.4560  4.7510  -0.47 280.58   5.97  -0.13  931.3880 17.8960  0.20   1194   1194   1194
  3.000  706.9470  4.9680  -0.51 276.60   5.76  -0.17  888.9840 15.6780  0.30   1194   1194   1194
  3.500  664.3460  5.2120  -0.48 272.73   5.43  -0.23  847.4170 13.3670  0.39   1194   1194   1194
  4.000  623.8060  5.4510  -0.46 268.99   5.07  -0.30  806.9380 10.9670  0.52   1190   1190   1190
  4.500  585.2280  5.6700  -0.43 265.36   4.72  -0.36  767.5220  8.7640  0.61   1183   1183   1183
  5.000  548.6110  5.8640  -0.40 261.91   4.51  -0.46  729.1380  7.2190  0.77   1183   1183   1183
  5.500  513.8580  5.9850  -0.38 258.51   4.43  -0.52  692.0740  6.2640  0.75   1181   1181   1181
  6.000  480.9040  6.1200  -0.40 255.11   4.46  -0.55  656.4380  5.7010  0.60   1181   1181   1181
  6.500  449.6220  6.2100  -0.41 251.61   4.57  -0.57  622.3410  5.3230  0.50   1181   1181   1181
  7.000  419.9870  6.2640  -0.41 248.04   4.65  -0.60  589.7430  5.0110  0.37   1180   1180   1180
  7.500  391.9480  6.3450  -0.42 244.34   4.71  -0.59  558.7610  4.8060  0.08   1178   1178   1178
  8.000  365.2430  6.3530  -0.42 240.57   4.67  -0.55  528.8750  4.5790 -0.33   1177   1177   1177
  8.500  340.0480  6.3140  -0.41 236.77   4.52  -0.47  500.2940  4.5370 -0.85   1177   1177   1177
  9.000  316.2880  6.2120  -0.40 232.99   4.26  -0.36  472.8960  4.7670 -1.42   1177   1177   1177
  9.500  293.9460  6.1160  -0.38 229.36   3.81  -0.18  446.4440  5.6170 -1.68   1175   1175   1175
 10.000  272.6850  5.8720  -0.31 225.91   3.37   0.04  420.4930  6.9400 -1.74   1175   1175   1175
 10.500  252.7930  5.5570  -0.25 222.78   3.19   0.21  395.3260  8.5630 -1.59   1173   1173   1173
 11.000  234.0820  5.2130  -0.14 220.02   3.42   0.69  370.7150  9.9960 -1.33   1172   1172   1172
 11.500  216.5430  4.7520  -0.04 217.78   4.12   0.88  346.5480 11.2500 -1.02   1171   1171   1171
 12.000  200.2480  4.2770   0.06 216.30   4.92   0.72  322.7420 12.0340 -0.65   1170   1170   1170
 12.500  185.0770  3.8040   0.16 215.54   5.56   0.39  299.4080 12.1620 -0.28   1165   1165   1165
 13.000  171.0100  3.3130   0.20 215.48   5.66   0.05  276.7440 11.2850  0.06   1165   1165   1165
 13.500  158.0210  2.8810   0.22 215.79   5.23  -0.27  255.3230  9.7640  0.36   1163   1163   1163
 14.000  146.0470  2.5130   0.20 215.82   4.70  -0.50  235.9100  8.2370  0.54   1161   1161   1161
 14.500  134.9550  2.2070   0.17 215.47   4.12  -0.47  218.3080  6.8290  0.52   1160   1160   1160
 15.000  124.6880  1.9430   0.12 214.95   3.80  -0.32  202.1670  5.8950  0.39   1160   1160   1160
 15.500  115.1850  1.7100   0.09 214.33   3.64  -0.30  187.2990  5.2460  0.37   1159   1159   1159
 16.000  106.3930  1.5100   0.05 213.76   3.65  -0.33  173.4560  4.7260  0.37   1155   1155   1155
 16.500   98.2650  1.3270   0.02 213.40   3.59  -0.42  160.4760  4.2080  0.41   1149   1149   1149
 17.000   90.7250  1.1710   0.00 213.02   3.44  -0.22  148.4180  3.6880  0.29   1146   1146   1146
 17.500   83.7650  1.0370  -0.03 212.80   3.31  -0.23  137.1700  3.2590  0.26   1140   1140   1140
 18.000   77.3350  0.9240  -0.05 212.63   3.10  -0.18  126.7350  2.8190  0.20   1137   1137   1137
 18.500   71.3980  0.8220  -0.04 212.63   2.88  -0.15  117.0030  2.4330  0.16   1132   1132   1132
 19.000   65.9280  0.7440  -0.05 212.79   2.60  -0.04  107.9530  2.0480  0.13   1125   1125   1125
 19.500   60.8770  0.6700  -0.04 213.12   2.46   0.01   99.5240  1.7570  0.09   1113   1113   1113
 20.000   56.2200  0.6120  -0.03 213.50   2.33   0.02   91.7430  1.4840  0.06   1106   1106   1106
 20.500   51.9260  0.5590   0.01 214.02   2.19   0.02   84.5310  1.2520  0.06   1097   1097   1097
 21.000   47.9890  0.5160   0.06 214.61   2.12   0.11   77.9040  1.0690  0.04   1083   1083   1083
 21.500   44.3430  0.4820   0.10 215.25   2.06   0.14   71.7690  0.9460 -0.02   1074   1074   1074
 22.000   40.9850  0.4510   0.12 215.86   2.03   0.16   66.1480  0.8280 -0.16   1070   1070   1070
 22.500   37.8870  0.4230   0.12 216.49   2.02   0.12   60.9670  0.7450 -0.18   1066   1066   1066
 23.000   35.0330  0.3980   0.14 217.19   1.99   0.03   56.1930  0.6550 -0.19   1063   1063   1063
 23.500   32.4030  0.3780   0.15 217.95   1.97  -0.02   51.7930  0.5870 -0.12   1059   1059   1059
 24.000   29.9860  0.3500   0.16 218.74   2.01  -0.06   47.7560  0.5330 -0.20   1057   1057   1057
 24.500   27.7550  0.3400   0.09 219.47   2.13   0.07   44.0550  0.5030 -0.25   1049   1049   1049
 25.000   25.6890  0.3240   0.09 220.24   2.15   0.00   40.6340  0.4630 -0.27   1044   1044   1044
 25.500   23.7880  0.3090   0.09 221.06   2.17  -0.06   37.4850  0.4290 -0.27   1035   1035   1035
 26.000   22.0320  0.2950   0.09 221.93   2.21  -0.05   34.5810  0.4080 -0.25   1028   1028   1028
 26.500   20.4090  0.2800   0.12 222.88   2.24  -0.17   31.8980  0.3770 -0.18   1023   1023   1023
 27.000   18.9340  0.2690   0.03 223.74   2.31  -0.12   29.4780  0.3550 -0.13   1011   1011   1011
 27.500   17.5500  0.2550  -0.00 224.61   2.35  -0.09   27.2170  0.3460 -0.01    997    997    997
 28.000   16.2740  0.2450  -0.03 225.55   2.38  -0.12   25.1330  0.3340 -0.03    989    989    989
 28.500   15.0930  0.2350  -0.03 226.54   2.44  -0.09   23.2070  0.3120 -0.10    960    960    960
 29.000   14.0020  0.2220  -0.13 227.44   2.49  -0.12   21.4430  0.2980 -0.09    923    923    923
 29.500   12.9960  0.2100  -0.15 228.34   2.55  -0.17   19.8240  0.2830 -0.15    883    883    883
 30.000   12.0660  0.2000  -0.13 229.33   2.59  -0.22   18.3260  0.2730 -0.17    816    816    816
     T A B L E  II -   6.  T H E R M O D Y N A M I C  S T A T I S T I C A L  P A R A M E T E R S
                                      June
 STATION =   725720     DUGWAY PROVING GROUNDS
    Z      MEAN P   SD P   SKEWP  MEAN T  SD T  SKEWT    MEAN D   SD D  SKEWD  NOBSP  NOBST  NOBSD
    KM       MB       MB             K      K             G/M3    G/M3                           
  0.000 1020.0000  5.0000   0.00 290.00   5.00   0.00 1221.0000 25.0000  0.00    100    100    100
  1.289  868.7900  3.9560  -0.31 293.92   7.56   0.25 1026.6410 27.2400 -0.12   1086   1086   1086
  1.500  847.8330  3.7810  -0.31 293.57   6.18  -0.12 1003.4650 21.3640  0.13   1086   1086   1086
  2.000  799.6330  3.7170  -0.41 290.25   5.82  -0.39  957.6200 18.4100  0.38   1086   1086   1086
  2.500  753.6290  3.8300  -0.47 286.43   5.70  -0.50  914.7830 16.4840  0.48   1085   1085   1085
  3.000  709.8940  4.0720  -0.53 282.41   5.48  -0.53  874.0690 14.2880  0.53   1085   1085   1085
  3.500  667.9510  4.3550  -0.56 278.48   5.12  -0.59  834.2220 12.0440  0.57   1085   1085   1085
  4.000  628.0030  4.5930  -0.60 274.61   4.67  -0.65  795.5230  9.6300  0.63   1085   1085   1085
  4.500  590.0000  4.8420  -0.63 270.80   4.22  -0.72  758.0320  7.3670  0.67   1085   1085   1085
  5.000  553.8190  5.0290  -0.65 267.06   3.89  -0.78  721.6530  5.7860  0.68   1085   1085   1085
  5.500  519.4070  5.1510  -0.66 263.46   3.70  -0.80  686.2130  4.9370  0.44   1085   1085   1085
  6.000  486.7670  5.2410  -0.69 260.00   3.66  -0.80  651.8150  4.7610  0.08   1085   1085   1085
  6.500  455.7070  5.2900  -0.72 256.58   3.64  -0.81  618.4530  4.5830 -0.05   1084   1084   1084
  7.000  426.2480  5.2940  -0.75 253.06   3.68  -0.85  586.5960  4.3910 -0.12   1083   1083   1083
  7.500  398.3840  5.2880  -0.79 249.45   3.73  -0.87  556.2410  4.2030 -0.19   1082   1082   1082
  8.000  371.7920  5.2780  -0.78 245.68   3.72  -0.74  527.1170  3.9540 -0.34   1081   1081   1081
  8.500  346.6290  5.2230  -0.78 241.83   3.64  -0.63  499.2760  3.7680 -0.66   1080   1080   1080
  9.000  322.8730  5.1470  -0.77 237.95   3.49  -0.47  472.6610  3.8600 -1.24   1080   1080   1080
  9.500  300.5150  5.0560  -0.77 234.05   3.37  -0.40  447.2570  4.1390 -2.08   1080   1080   1080
 10.000  279.1940  4.9570  -0.70 230.21   3.25  -0.30  422.4710  4.6820 -2.53   1078   1078   1078
 10.500  259.1700  4.7580  -0.65 226.56   3.10  -0.08  398.5040  5.4460 -2.50   1076   1076   1076
 11.000  240.3390  4.5840  -0.57 223.25   3.01   0.26  375.0520  6.5380 -2.15   1076   1076   1076
 11.500  222.5330  4.2830  -0.48 220.36   3.23   0.50  351.8620  7.7680 -1.74   1076   1076   1076
 12.000  205.9400  3.9560  -0.38 218.08   3.73   0.67  329.0740  8.8320 -1.31   1074   1074   1074
 12.500  190.4770  3.6350  -0.27 216.56   4.26   0.51  306.5520  9.4400 -0.90   1074   1074   1074
 13.000  176.0410  3.2570  -0.18 215.72   4.52   0.28  284.4560  9.3390 -0.55   1073   1073   1073
 13.500  162.6780  2.8970  -0.10 215.32   4.53  -0.04  263.3630  8.7840 -0.25   1071   1071   1071
 14.000  150.3140  2.5470  -0.04 214.84   4.32  -0.16  243.8750  7.9420 -0.07   1071   1071   1071
 14.500  138.8560  2.2450  -0.00 214.18   4.02  -0.09  225.9750  7.0580  0.00   1070   1070   1070
 15.000  128.2230  1.9580   0.01 213.36   3.90   0.04  209.4620  6.3560  0.00   1069   1069   1069
 15.500  118.3760  1.6970   0.02 212.54   3.83   0.05  194.1200  5.7140  0.06   1068   1068   1068
 16.000  109.2640  1.4660   0.01 211.82   3.76  -0.07  179.7830  5.0860  0.14   1067   1067   1067
 16.500  100.8350  1.2580   0.03 211.41   3.57  -0.08  166.2300  4.4050  0.13   1066   1066   1066
 17.000   93.0460  1.0920   0.01 211.12   3.32   0.06  153.5910  3.7530  0.02   1064   1064   1064
 17.500   85.8480  0.9560   0.04 211.05   2.96   0.12  141.7420  3.0840 -0.06   1060   1060   1060
 18.000   79.2120  0.8470   0.08 211.32   2.62   0.00  130.6120  2.5210 -0.04   1058   1058   1058
 18.500   73.1030  0.7570   0.12 212.00   2.27  -0.17  120.1440  2.0250  0.05   1056   1056   1056
 19.000   67.4960  0.6890   0.14 212.66   1.98  -0.10  110.5780  1.6500  0.00   1050   1050   1050
 19.500   62.3230  0.6310   0.17 213.39   1.90  -0.07  101.7510  1.4050 -0.00   1045   1045   1045
 20.000   57.5620  0.5830   0.19 214.15   1.80   0.05   93.6460  1.2280 -0.09   1040   1040   1040
 20.500   53.1780  0.5420   0.21 214.89   1.71   0.02   86.2110  1.0730 -0.01   1035   1035   1035
 21.000   49.1670  0.4990   0.20 215.67   1.63   0.04   79.4220  0.9300 -0.06   1030   1030   1030
 21.500   45.4490  0.4710   0.24 216.41   1.67  -0.00   73.1640  0.8440 -0.07   1027   1027   1027
 22.000   42.0250  0.4430   0.26 217.20   1.67   0.06   67.4040  0.7490 -0.10   1015   1015   1015
 22.500   38.8680  0.4150   0.27 217.94   1.66   0.12   62.1290  0.6850 -0.10   1012   1012   1012
 23.000   35.9620  0.3910   0.30 218.73   1.68   0.01   57.2760  0.6320 -0.13   1004   1004   1004
 23.500   33.2780  0.3700   0.31 219.55   1.65   0.03   52.8030  0.5810 -0.04    998    998    998
 24.000   30.8010  0.3500   0.33 220.37   1.62  -0.01   48.6900  0.5300 -0.00    993    993    993
 24.500   28.5440  0.3280   0.33 221.23   1.72   0.18   44.9470  0.4880 -0.05    987    987    987
 25.000   26.4380  0.3110   0.34 222.12   1.78   0.12   41.4640  0.4590 -0.06    979    979    979
 25.500   24.4950  0.2940   0.32 223.02   1.84   0.08   38.2610  0.4400  0.08    971    971    971
 26.000   22.7040  0.2800   0.32 223.91   1.80   0.03   35.3210  0.4060  0.20    966    966    966
 26.500   21.0450  0.2670   0.28 224.83   1.77   0.10   32.6070  0.3810  0.13    954    954    954
 27.000   19.5380  0.2470   0.27 225.81   1.81   0.13   30.1390  0.3510  0.15    942    942    942
 27.500   18.1200  0.2360   0.27 226.68   1.84   0.10   27.8440  0.3380  0.10    929    929    929
 28.000   16.8090  0.2220   0.16 227.56   1.84  -0.03   25.7300  0.3210  0.14    916    916    916
 28.500   15.6030  0.2130   0.18 228.51   1.90  -0.01   23.7850  0.3070  0.11    895    895    895
 29.000   14.4880  0.2030   0.16 229.43   1.95   0.18   21.9950  0.2920  0.11    877    877    877
 29.500   13.4550  0.1930   0.14 230.33   1.98   0.23   20.3460  0.2790  0.10    841    841    841
 30.000   12.4980  0.1820   0.19 231.25   1.95   0.27   18.8240  0.2610  0.08    779    779    779
     T A B L E  II -   7.  T H E R M O D Y N A M I C  S T A T I S T I C A L  P A R A M E T E R S
                                      July
 STATION =   725720     DUGWAY PROVING GROUNDS
    Z      MEAN P   SD P   SKEWP  MEAN T  SD T  SKEWT    MEAN D   SD D  SKEWD  NOBSP  NOBST  NOBSD
    KM       MB       MB             K      K             G/M3    G/M3                           
  0.000 1020.0000  5.0000   0.00 290.00   5.00   0.00 1221.0000 25.0000  0.00    100    100    100
  1.289  870.3980  2.7270  -0.43 299.46   6.86   0.09 1008.5100 23.5580  0.01   1140   1140   1140
  1.500  849.7710  2.6010  -0.52 299.19   4.63  -0.21  985.9240 15.4700  0.25   1140   1140   1140
  2.000  802.3960  2.4780  -0.61 296.01   3.75  -0.62  941.3910 11.6300  0.65   1140   1140   1140
  2.500  757.1080  2.4680  -0.64 292.16   3.45  -0.76  900.1690  9.8310  0.81   1140   1140   1140
  3.000  714.0110  2.5300  -0.67 288.03   3.24  -0.79  861.2860  8.3830  0.84   1140   1140   1140
  3.500  672.6150  2.6480  -0.67 283.84   2.99  -0.80  823.5160  7.0650  0.80   1140   1140   1140
  4.000  633.1470  2.7550  -0.71 279.63   2.73  -0.74  787.0200  5.8020  0.59   1140   1140   1140
  4.500  595.4930  2.8490  -0.74 275.45   2.50  -0.61  751.6200  4.6890  0.29   1140   1140   1140
  5.000  559.5860  2.9310  -0.75 271.37   2.34  -0.54  717.0990  3.9140  0.16   1140   1140   1140
  5.500  525.3620  2.9850  -0.75 267.57   2.28  -0.56  683.0420  3.6420  0.08   1139   1139   1139
  6.000  492.8720  3.0220  -0.76 264.13   2.28  -0.48  649.3770  3.6000 -0.12   1139   1139   1139
  6.500  461.9910  3.0800  -0.79 260.85   2.33  -0.55  616.5200  3.6080 -0.11   1139   1139   1139
  7.000  432.6030  3.0830  -0.80 257.57   2.39  -0.65  584.8030  3.5010 -0.10   1138   1138   1138
  7.500  404.7940  3.0650  -0.82 254.18   2.48  -0.56  554.5820  3.4940 -0.22   1138   1138   1138
  8.000  378.3370  3.1020  -0.82 250.64   2.59  -0.49  525.7080  3.4610 -0.23   1138   1138   1138
  8.500  353.2440  3.1050  -0.83 246.98   2.71  -0.46  498.1570  3.4410 -0.19   1137   1137   1137
  9.000  329.5210  3.0870  -0.84 243.26   2.78  -0.46  471.8450  3.3160 -0.18   1136   1136   1136
  9.500  307.1440  3.0460  -0.82 239.49   2.80  -0.48  446.7350  3.1890 -0.38   1136   1136   1136
 10.000  285.9140  3.0570  -0.78 235.72   2.81  -0.50  422.5350  3.1310 -0.65   1136   1136   1136
 10.500  265.8160  3.0080  -0.77 232.01   2.77  -0.53  399.1140  3.2140 -0.97   1136   1136   1136
 11.000  246.9790  2.9650  -0.78 228.45   2.74  -0.54  376.6250  3.4730 -1.32   1135   1135   1135
 11.500  229.0240  2.8640  -0.73 224.99   2.68  -0.52  354.6150  3.8020 -1.38   1135   1135   1135
 12.000  212.2280  2.7350  -0.72 221.84   2.56  -0.37  333.2910  4.2650 -1.31   1135   1135   1135
 12.500  196.5550  2.6220  -0.69 219.03   2.48  -0.04  312.6550  4.8670 -1.11   1134   1134   1134
 13.000  181.7170  2.4040  -0.67 216.51   2.50   0.31  292.4250  5.3820 -0.93   1134   1134   1134
 13.500  167.9060  2.1790  -0.65 214.19   2.68   0.55  273.1480  5.7030 -0.81   1134   1134   1134
 14.000  155.0450  1.9550  -0.61 212.06   2.88   0.66  254.7740  5.7720 -0.76   1132   1132   1132
 14.500  143.0780  1.7290  -0.57 210.21   3.10   0.75  237.1920  5.6430 -0.75   1131   1131   1131
 15.000  131.9120  1.4970  -0.51 208.76   3.27   0.72  220.2030  5.2860 -0.73   1131   1131   1131
 15.500  121.5790  1.2830  -0.43 207.80   3.26   0.74  203.8860  4.7450 -0.73   1124   1124   1124
 16.000  112.0230  1.1020  -0.35 207.34   3.14   0.71  188.2750  4.1380 -0.69   1123   1123   1123
 16.500  103.2080  0.9490  -0.26 207.38   3.04   0.53  173.4220  3.5630 -0.54   1122   1122   1122
 17.000   95.1110  0.8220  -0.20 207.78   2.76   0.38  159.4980  2.9590 -0.41   1121   1121   1121
 17.500   87.6600  0.7300  -0.15 208.47   2.49   0.22  146.5110  2.4200 -0.27   1116   1116   1116
 18.000   80.8190  0.6510  -0.11 209.53   2.28   0.34  134.3900  2.0530 -0.29   1110   1110   1110
 18.500   74.5380  0.5850  -0.05 210.67   2.13   0.11  123.2710  1.7330 -0.20   1107   1107   1107
 19.000   68.7930  0.5290  -0.00 211.78   2.01   0.30  113.1700  1.4810 -0.31   1105   1105   1105
 19.500   63.4990  0.4820   0.08 212.77   1.93   0.28  103.9750  1.2970 -0.30   1099   1099   1099
 20.000   58.6400  0.4430   0.14 213.81   1.84   0.25   95.5520  1.1310 -0.26   1094   1094   1094
 20.500   54.1710  0.4090   0.22 214.74   1.69   0.43   87.8830  0.9500 -0.35   1085   1085   1085
 21.000   50.0640  0.3660   0.24 215.68   1.62   0.43   80.8680  0.8080 -0.21   1080   1080   1080
 21.500   46.2940  0.3500   0.25 216.63   1.60   0.36   74.4480  0.7270 -0.07   1078   1078   1078
 22.000   42.8100  0.3300   0.25 217.52   1.58   0.26   68.5640  0.6490  0.10   1073   1073   1073
 22.500   39.6020  0.3110   0.25 218.36   1.59   0.25   63.1790  0.6080  0.08   1066   1066   1066
 23.000   36.6450  0.2920   0.23 219.17   1.55   0.43   58.2480  0.5470 -0.03   1058   1058   1058
 23.500   33.9170  0.2780   0.26 220.00   1.59   0.49   53.7080  0.4950  0.02   1052   1052   1052
 24.000   31.3990  0.2650   0.28 220.85   1.54   0.31   49.5280  0.4610  0.07   1043   1043   1043
 24.500   29.1040  0.2450   0.29 221.71   1.56   0.21   45.7290  0.4190 -0.05   1030   1030   1030
 25.000   26.9590  0.2330   0.31 222.56   1.59   0.18   42.1960  0.3900 -0.04   1020   1020   1020
 25.500   24.9810  0.2240   0.34 223.41   1.61   0.24   38.9510  0.3650 -0.04   1009   1009   1009
 26.000   23.1560  0.2130   0.36 224.29   1.64   0.23   35.9640  0.3380 -0.03   1001   1001   1001
 26.500   21.4720  0.2030   0.40 225.22   1.62   0.14   33.2100  0.3060  0.01    994    994    994
 27.000   19.9310  0.1800   0.45 226.10   1.61   0.07   30.7070  0.2770 -0.01    984    984    984
 27.500   18.4920  0.1780   0.35 226.95   1.70   0.09   28.3820  0.2760 -0.11    967    967    967
 28.000   17.1580  0.1690   0.38 227.75   1.74  -0.00   26.2420  0.2600 -0.09    953    953    953
 28.500   15.9240  0.1580   0.20 228.54   1.78   0.06   24.2700  0.2430 -0.17    926    926    926
 29.000   14.7880  0.1510   0.19 229.38   1.82  -0.21   22.4560  0.2270 -0.11    899    899    899
 29.500   13.7340  0.1440   0.22 230.28   1.89  -0.20   20.7740  0.2090 -0.16    883    883    883
 30.000   12.7610  0.1370   0.17 231.10   1.92   0.00   19.2320  0.1990 -0.20    844    844    844
     T A B L E  II -   8.  T H E R M O D Y N A M I C  S T A T I S T I C A L  P A R A M E T E R S
                                    August
 STATION =   725720     DUGWAY PROVING GROUNDS
    Z      MEAN P   SD P   SKEWP  MEAN T  SD T  SKEWT    MEAN D   SD D  SKEWD  NOBSP  NOBST  NOBSD
    KM       MB       MB             K      K             G/M3    G/M3                           
  0.000 1020.0000  5.0000   0.00 290.00   5.00   0.00 1221.0000 25.0000  0.00    100    100    100
  1.289  870.6930  2.9330  -0.23 298.33   6.55   0.09 1012.6850 23.0520  0.03   1189   1189   1189
  1.500  850.1130  2.7740  -0.34 298.07   4.37  -0.18  990.0290 15.0470  0.23   1190   1190   1190
  2.000  802.5600  2.6200  -0.44 294.94   3.52  -0.68  944.9350 11.3300  0.67   1190   1190   1190
  2.500  757.1150  2.5560  -0.49 291.07   3.22  -0.90  903.5170  9.5660  0.88   1190   1190   1190
  3.000  713.8590  2.5560  -0.57 286.96   2.99  -0.90  864.2690  8.0480  0.87   1190   1190   1190
  3.500  672.3180  2.6320  -0.60 282.80   2.74  -0.92  826.1370  6.7660  0.84   1190   1190   1190
  4.000  632.7470  2.7040  -0.61 278.64   2.46  -0.89  789.3110  5.4890  0.71   1190   1190   1190
  4.500  595.0180  2.7580  -0.68 274.51   2.26  -0.87  753.5890  4.4360  0.59   1190   1190   1190
  5.000  559.0390  2.8100  -0.73 270.52   2.16  -0.76  718.6820  3.8900  0.29   1190   1190   1190
  5.500  524.7300  2.8330  -0.78 266.84   2.16  -0.64  684.1350  3.8150  0.06   1190   1190   1190
  6.000  492.1900  2.8340  -0.81 263.53   2.26  -0.73  650.0150  3.9780  0.05   1190   1190   1190
  6.500  461.2600  2.8480  -0.83 260.36   2.28  -0.67  616.7560  3.8860 -0.08   1190   1190   1190
  7.000  431.8530  2.8510  -0.85 257.08   2.31  -0.64  584.9170  3.7210 -0.07   1190   1190   1190
  7.500  404.0310  2.8300  -0.88 253.62   2.37  -0.60  554.7880  3.5720 -0.19   1190   1190   1190
  8.000  377.5500  2.8650  -0.88 250.00   2.49  -0.56  525.9930  3.4080 -0.14   1189   1189   1189
  8.500  352.4400  2.8790  -0.87 246.30   2.57  -0.51  498.4100  3.2260 -0.19   1189   1189   1189
  9.000  328.7070  2.8690  -0.86 242.56   2.66  -0.36  472.0400  3.1770 -0.36   1189   1189   1189
  9.500  306.3350  2.8240  -0.85 238.79   2.72  -0.26  446.8730  3.1360 -0.36   1189   1189   1189
 10.000  285.0950  2.8370  -0.82 235.06   2.74  -0.20  422.5030  3.1390 -0.45   1189   1189   1189
 10.500  265.0010  2.8000  -0.77 231.42   2.79  -0.18  398.9230  3.3150 -0.67   1189   1189   1189
 11.000  246.1730  2.7660  -0.74 227.95   2.85  -0.17  376.2320  3.6480 -0.96   1185   1185   1185
 11.500  228.2520  2.6690  -0.68 224.70   2.80  -0.12  353.8840  3.9900 -1.19   1185   1185   1185
 12.000  211.5100  2.5520  -0.62 221.82   2.78  -0.05  332.1950  4.4910 -1.29   1184   1184   1184
 12.500  195.8750  2.4410  -0.54 219.25   2.65  -0.09  311.2620  4.8850 -1.04   1183   1183   1183
 13.000  181.1210  2.2470  -0.50 216.95   2.59   0.16  290.8720  5.2040 -0.89   1180   1180   1180
 13.500  167.3890  2.0440  -0.45 214.85   2.61   0.52  271.4710  5.3620 -0.73   1180   1180   1180
 14.000  154.6070  1.8300  -0.40 212.88   2.83   0.69  253.0740  5.4720 -0.63   1174   1174   1174
 14.500  142.7070  1.6170  -0.37 211.08   3.06   0.62  235.5990  5.3810 -0.50   1171   1171   1171
 15.000  131.6050  1.3970  -0.35 209.55   3.27   0.45  218.8600  5.1140 -0.38   1169   1169   1169
 15.500  121.3220  1.2060  -0.33 208.42   3.29   0.40  202.8480  4.6230 -0.33   1168   1168   1168
 16.000  111.8130  1.0350  -0.30 207.85   3.14   0.38  187.4630  3.9940 -0.30   1165   1165   1165
 16.500  103.0320  0.8910  -0.28 207.75   2.93   0.31  172.8150  3.3640 -0.30   1164   1164   1164
 17.000   94.9590  0.7690  -0.21 207.98   2.63   0.34  159.0870  2.7590 -0.28   1158   1158   1158
 17.500   87.5260  0.6820  -0.19 208.73   2.36   0.23  146.1040  2.2890 -0.16   1154   1154   1154
 18.000   80.7030  0.6070  -0.19 209.88   2.13   0.20  133.9690  1.9270 -0.11   1148   1148   1148
 18.500   74.4390  0.5450  -0.17 210.90   2.06   0.07  122.9740  1.6800 -0.04   1142   1142   1142
 19.000   68.7090  0.4920  -0.13 212.04   1.92   0.18  112.8940  1.4160 -0.17   1138   1138   1138
 19.500   63.4280  0.4500  -0.05 213.04   1.90   0.07  103.7270  1.2200 -0.09   1130   1130   1130
 20.000   58.5790  0.4140   0.00 213.99   1.76   0.01   95.3690  1.0420 -0.14   1120   1120   1120
 20.500   54.1170  0.3850   0.06 214.90   1.58   0.00   87.7310  0.8560 -0.11   1113   1113   1113
 21.000   50.0190  0.3470   0.15 215.78   1.59  -0.10   80.7560  0.7520 -0.08   1108   1108   1108
 21.500   46.2530  0.3350   0.16 216.60   1.60  -0.09   74.3930  0.6920 -0.01   1105   1105   1105
 22.000   42.7700  0.3140   0.19 217.38   1.50  -0.17   68.5440  0.6150 -0.04   1097   1097   1097
 22.500   39.5630  0.2970   0.20 218.17   1.51   0.08   63.1740  0.5620 -0.04   1089   1089   1089
 23.000   36.6060  0.2810   0.21 218.96   1.56   0.09   58.2400  0.5020  0.02   1085   1085   1085
 23.500   33.8790  0.2680   0.25 219.72   1.55   0.09   53.7150  0.4640  0.01   1078   1078   1078
 24.000   31.3610  0.2570   0.22 220.52   1.50   0.14   49.5420  0.4190  0.12   1071   1071   1071
 24.500   29.0640  0.2400   0.25 221.32   1.54   0.12   45.7460  0.3830  0.04   1068   1068   1068
 25.000   26.9170  0.2290   0.28 222.11   1.56   0.14   42.2160  0.3570 -0.02   1054   1054   1054
 25.500   24.9390  0.2200   0.30 222.83   1.59   0.09   38.9860  0.3260  0.01   1045   1045   1045
 26.000   23.1130  0.2090   0.25 223.70   1.67   0.05   35.9920  0.3080  0.17   1039   1039   1039
 26.500   21.4240  0.2020   0.23 224.49   1.69   0.01   33.2430  0.2900  0.14   1029   1029   1029
 27.000   19.8830  0.1810   0.26 225.23   1.78   0.08   30.7510  0.2560  0.10   1013   1013   1013
 27.500   18.4400  0.1820   0.30 226.02   1.87   0.06   28.4200  0.2460  0.16   1001   1001   1001
 28.000   17.1050  0.1750   0.24 226.71   1.98  -0.02   26.2820  0.2310  0.12    981    981    981
 28.500   15.8720  0.1700   0.23 227.38   2.03  -0.01   24.3140  0.2170  0.09    968    968    968
 29.000   14.7320  0.1650   0.27 228.11   2.04  -0.03   22.4950  0.2020  0.10    937    937    937
 29.500   13.6760  0.1570   0.23 228.81   2.05  -0.16   20.8190  0.1940 -0.00    902    902    902
 30.000   12.6980  0.1530   0.15 229.53   2.10  -0.15   19.2690  0.1820 -0.10    865    865    865
     T A B L E  II -   9.  T H E R M O D Y N A M I C  S T A T I S T I C A L  P A R A M E T E R S
                                 September
 STATION =   725720     DUGWAY PROVING GROUNDS
    Z      MEAN P   SD P   SKEWP  MEAN T  SD T  SKEWT    MEAN D   SD D  SKEWD  NOBSP  NOBST  NOBSD
    KM       MB       MB             K      K             G/M3    G/M3                           
  0.000 1020.0000  5.0000   0.00 290.00   5.00   0.00 1221.0000 25.0000  0.00    100    100    100
  1.289  871.3010  4.1520  -0.62 292.54   7.23   0.11 1034.2570 27.1550  0.08   1103   1103   1103
  1.500  850.2330  3.9790  -0.68 292.79   5.48  -0.37 1008.7340 19.8380  0.44   1105   1105   1105
  2.000  801.8340  3.8380  -0.82 289.77   5.13  -0.75  961.5570 16.8890  0.75   1105   1105   1105
  2.500  755.6330  3.8490  -0.86 286.02   4.99  -0.87  918.2910 14.9410  0.88   1105   1105   1105
  3.000  711.7010  3.9730  -0.91 282.07   4.72  -0.95  877.1710 12.7830  0.98   1105   1105   1105
  3.500  669.6420  4.1640  -0.90 278.16   4.32  -1.01  837.1080 10.4910  1.00   1105   1105   1105
  4.000  629.6170  4.3330  -0.91 274.40   3.88  -1.06  798.0350  8.1980  1.02   1105   1105   1105
  4.500  591.5000  4.5000  -0.92 270.78   3.59  -1.01  759.9400  6.5040  0.86   1105   1105   1105
  5.000  555.2210  4.6130  -0.94 267.33   3.50  -0.98  722.7280  5.7230  0.60   1105   1105   1105
  5.500  520.7530  4.6800  -0.96 264.02   3.52  -0.93  686.5530  5.4010  0.31   1105   1105   1105
  6.000  488.1060  4.7480  -0.99 260.81   3.54  -1.01  651.5800  5.1090  0.22   1105   1105   1105
  6.500  457.0490  4.8010  -1.01 257.46   3.57  -1.04  618.1720  4.7120  0.14   1105   1105   1105
  7.000  427.5840  4.8290  -1.03 253.98   3.59  -1.09  586.3040  4.3710  0.13   1103   1103   1103
  7.500  399.7330  4.8480  -1.07 250.40   3.56  -1.01  556.0010  4.1970 -0.13   1103   1103   1103
  8.000  373.1440  4.8510  -1.04 246.68   3.51  -0.79  526.8790  4.0940 -0.34   1103   1103   1103
  8.500  347.9950  4.8080  -1.02 242.88   3.45  -0.54  499.0830  4.0280 -0.58   1101   1101   1101
  9.000  324.2560  4.7190  -0.99 239.03   3.33  -0.29  472.5360  4.1900 -1.09   1101   1101   1101
  9.500  301.9150  4.6060  -0.96 235.25   3.19  -0.04  447.0700  4.6700 -1.67   1101   1101   1101
 10.000  280.6190  4.4950  -0.84 231.52   3.13   0.14  422.2420  5.2630 -1.95   1099   1099   1099
 10.500  260.5830  4.3040  -0.74 228.04   3.10   0.28  398.0950  5.9800 -1.93   1098   1098   1098
 11.000  241.7950  4.1280  -0.64 224.93   3.21   0.37  374.5210  6.7650 -1.73   1098   1098   1098
 11.500  224.0380  3.8600  -0.52 222.40   3.37   0.38  350.9920  7.3790 -1.36   1097   1097   1097
 12.000  207.4730  3.5910  -0.41 220.38   3.49   0.14  328.0460  7.6740 -0.99   1097   1097   1097
 12.500  192.0340  3.3250  -0.30 218.68   3.51  -0.09  306.0040  7.6640 -0.73   1095   1095   1095
 13.000  177.5750  3.0230  -0.22 217.02   3.36  -0.19  285.1370  7.2840 -0.58   1094   1094   1094
 13.500  164.1370  2.7330  -0.14 215.47   3.18  -0.01  265.4470  6.8820 -0.48   1094   1094   1094
 14.000  151.6470  2.4420  -0.08 213.88   3.04   0.31  247.0820  6.4460 -0.40   1094   1094   1094
 14.500  140.0280  2.1910  -0.04 212.38   3.17   0.38  229.7700  6.2150 -0.28   1093   1093   1093
 15.000  129.2110  1.9280  -0.01 211.04   3.31   0.37  213.3680  5.8190 -0.20   1092   1092   1092
 15.500  119.1860  1.6870   0.01 210.00   3.43   0.38  197.7980  5.3770 -0.15   1092   1092   1092
 16.000  109.9080  1.4670   0.02 209.34   3.53   0.31  182.9760  4.9170 -0.08   1092   1092   1092
 16.500  101.3330  1.2680   0.05 209.02   3.54   0.26  168.9570  4.3950 -0.08   1090   1090   1090
 17.000   93.4330  1.1030   0.04 209.07   3.41   0.15  155.7390  3.8230 -0.03   1086   1086   1086
 17.500   86.1440  0.9690   0.05 209.34   3.10   0.16  143.3930  3.1770 -0.05   1083   1083   1083
 18.000   79.4320  0.8580   0.08 209.81   2.84   0.15  131.9170  2.6460 -0.07   1079   1079   1079
 18.500   73.2610  0.7670   0.08 210.41   2.59   0.03  121.3200  2.1900  0.06   1077   1077   1077
 19.000   67.6080  0.6930   0.04 211.26   2.45   0.03  111.5030  1.8710  0.08   1072   1072   1072
 19.500   62.3930  0.6310   0.01 212.12   2.40   0.01  102.4820  1.6390  0.17   1069   1069   1069
 20.000   57.6010  0.5800  -0.01 212.89   2.26  -0.02   94.2660  1.3880  0.18   1065   1065   1065
 20.500   53.1880  0.5360  -0.01 213.65   2.13  -0.11   86.7340  1.2110  0.15   1061   1061   1061
 21.000   49.1480  0.4970  -0.06 214.40   2.01  -0.06   79.8620  1.0390  0.06   1057   1057   1057
 21.500   45.4080  0.4660  -0.03 215.07   1.97  -0.02   73.5560  0.9190  0.01   1053   1053   1053
 22.000   41.9640  0.4340  -0.04 215.84   1.90  -0.17   67.7340  0.8160 -0.09   1048   1048   1048
 22.500   38.7950  0.4070  -0.05 216.60   1.86   0.02   62.3970  0.7300 -0.22   1040   1040   1040
 23.000   35.8740  0.3790  -0.11 217.38   1.84  -0.14   57.4910  0.6590 -0.20   1031   1031   1031
 23.500   33.1830  0.3580  -0.09 218.16   1.85  -0.11   52.9880  0.6100 -0.34   1024   1024   1024
 24.000   30.6970  0.3380  -0.05 218.91   1.82  -0.10   48.8480  0.5560 -0.43   1017   1017   1017
 24.500   28.4320  0.3200  -0.08 219.69   1.86   0.00   45.0860  0.5060 -0.44   1015   1015   1015
 25.000   26.3180  0.3040  -0.06 220.47   1.94   0.05   41.5850  0.4680 -0.37   1014   1014   1014
 25.500   24.3700  0.2900  -0.04 221.15   1.99  -0.07   38.3880  0.4230 -0.28   1009   1009   1009
 26.000   22.5720  0.2750  -0.03 221.84   2.00   0.17   35.4440  0.3950 -0.36   1005   1005   1005
 26.500   20.9090  0.2630  -0.04 222.51   2.05   0.01   32.7330  0.3610 -0.31    999    999    999
 27.000   19.3970  0.2510  -0.04 223.13   2.13  -0.05   30.2810  0.3260 -0.31    986    986    986
 27.500   17.9710  0.2390  -0.03 223.77   2.13  -0.11   27.9750  0.3050 -0.26    979    979    979
 28.000   16.6580  0.2290  -0.02 224.38   2.17  -0.21   25.8600  0.2880 -0.23    969    969    969
 28.500   15.4450  0.2220  -0.05 225.00   2.27  -0.20   23.9100  0.2700 -0.22    957    957    957
 29.000   14.3250  0.2120  -0.05 225.59   2.34  -0.17   22.1190  0.2520 -0.28    932    932    932
 29.500   13.2900  0.2020  -0.05 226.22   2.42  -0.08   20.4620  0.2400 -0.18    908    908    908
 30.000   12.3310  0.1940  -0.05 226.78   2.44  -0.16   18.9380  0.2310 -0.20    874    874    874
     T A B L E  II -  10.  T H E R M O D Y N A M I C  S T A T I S T I C A L  P A R A M E T E R S
                                   October
 STATION =   725720     DUGWAY PROVING GROUNDS
    Z      MEAN P   SD P   SKEWP  MEAN T  SD T  SKEWT    MEAN D   SD D  SKEWD  NOBSP  NOBST  NOBSD
    KM       MB       MB             K      K             G/M3    G/M3                           
  0.000 1020.0000  5.0000   0.00 290.00   5.00   0.00 1221.0000 25.0000  0.00    100    100    100
  1.289  872.1100  5.6990  -0.18 284.80   6.66   0.45 1064.1820 27.3060 -0.15   1159   1159   1159
  1.500  850.4430  5.4710  -0.25 285.29   5.63   0.14 1036.2450 22.0460  0.00   1159   1159   1159
  2.000  800.8150  5.2270  -0.41 282.59   5.75  -0.09  985.4430 20.1740  0.21   1159   1159   1159
  2.500  753.5560  5.1640  -0.49 279.10   5.76  -0.20  939.0910 18.1770  0.35   1159   1159   1159
  3.000  708.6760  5.2380  -0.51 275.54   5.51  -0.32  894.7040 15.4280  0.49   1159   1159   1159
  3.500  665.9270  5.4520  -0.50 272.23   5.19  -0.45  851.1460 12.6160  0.63   1159   1159   1159
  4.000  625.2860  5.6840  -0.49 269.05   4.93  -0.60  808.7840 10.2190  0.86   1159   1159   1159
  4.500  586.6890  5.8970  -0.49 266.01   4.78  -0.73  767.7090  8.5810  1.08   1159   1159   1159
  5.000  550.0610  6.0690  -0.50 262.94   4.73  -0.84  728.3190  7.5130  1.06   1159   1159   1159
  5.500  515.3470  6.2080  -0.52 259.72   4.76  -0.92  690.9200  6.7450  1.06   1159   1159   1159
  6.000  482.4650  6.3610  -0.57 256.39   4.81  -0.99  655.3160  6.2130  0.89   1159   1159   1159
  6.500  451.2240  6.4650  -0.62 252.93   4.85  -1.03  621.3280  5.6930  0.75   1158   1158   1158
  7.000  421.6380  6.5120  -0.64 249.36   4.76  -0.92  588.9550  5.0640  0.33   1158   1158   1158
  7.500  393.6540  6.5820  -0.67 245.69   4.64  -0.83  558.0800  4.6580 -0.11   1158   1158   1158
  8.000  366.9660  6.5450  -0.67 241.92   4.44  -0.64  528.3740  4.4880 -0.47   1156   1156   1156
  8.500  341.7870  6.4500  -0.66 238.12   4.24  -0.56  499.9830  4.6600 -0.93   1155   1155   1155
  9.000  318.0430  6.3220  -0.64 234.30   3.99  -0.49  472.8540  5.1330 -1.51   1155   1155   1155
  9.500  295.7040  6.1970  -0.62 230.63   3.67  -0.34  446.6290  6.0680 -1.87   1155   1155   1155
 10.000  274.4480  5.9460  -0.56 227.18   3.36  -0.08  420.8510  7.1920 -1.90   1153   1153   1153
 10.500  254.5400  5.6350  -0.50 224.04   3.23   0.24  395.8090  8.4560 -1.63   1152   1152   1152
 11.000  235.8380  5.3260  -0.42 221.31   3.41   0.44  371.3040  9.6140 -1.30   1151   1151   1151
 11.500  218.2730  4.9000  -0.35 219.15   3.85   0.47  347.0920 10.4600 -0.99   1151   1151   1151
 12.000  201.9330  4.4760  -0.29 217.57   4.27   0.36  323.4910 10.7710 -0.69   1151   1151   1151
 12.500  186.7180  4.0670  -0.22 216.48   4.51   0.13  300.6490 10.5530 -0.46   1151   1151   1151
 13.000  172.5690  3.6420  -0.18 215.48   4.37  -0.08  279.1610  9.7740 -0.31   1146   1146   1146
 13.500  159.4340  3.2480  -0.13 214.51   4.18  -0.09  259.0750  8.8990 -0.24   1145   1145   1145
 14.000  147.2730  2.8920  -0.10 213.47   3.95   0.07  240.4670  8.0370 -0.25   1144   1144   1144
 14.500  135.9490  2.5550  -0.06 212.40   3.96   0.28  223.0950  7.4340 -0.23   1144   1144   1144
 15.000  125.4570  2.2420  -0.03 211.41   4.06   0.39  206.8510  6.8660 -0.24   1143   1143   1143
 15.500  115.7420  1.9560  -0.02 210.56   4.12   0.37  191.6010  6.2680 -0.17   1141   1141   1141
 16.000  106.7520  1.6990  -0.00 209.92   4.24   0.29  177.2630  5.7530 -0.10   1141   1141   1141
 16.500   98.4590  1.4700  -0.00 209.70   4.21   0.11  163.6620  5.1290  0.03   1138   1138   1138
 17.000   90.7920  1.2770   0.00 209.65   3.99   0.01  150.9400  4.4190  0.11   1135   1135   1135
 17.500   83.7220  1.1130  -0.01 209.67   3.76  -0.08  139.1620  3.7930  0.15   1133   1133   1133
 18.000   77.2030  0.9770  -0.01 209.80   3.45  -0.04  128.2390  3.1740  0.05   1130   1130   1130
 18.500   71.2050  0.8620   0.01 210.18   3.15   0.03  118.0570  2.6280 -0.01   1127   1127   1127
 19.000   65.6920  0.7790   0.01 210.59   2.80   0.06  108.6920  2.1330 -0.05   1117   1117   1117
 19.500   60.6010  0.7050   0.00 211.06   2.71   0.22  100.0440  1.8220 -0.11   1113   1113   1113
 20.000   55.9190  0.6480   0.03 211.54   2.48   0.10   92.1020  1.5340 -0.06   1105   1105   1105
 20.500   51.6080  0.5990   0.04 212.03   2.31   0.12   84.8030  1.3140 -0.04   1100   1100   1100
 21.000   47.6570  0.5590   0.06 212.51   2.31   0.16   78.1320  1.1530 -0.04   1096   1096   1096
 21.500   44.0020  0.5250   0.09 213.14   2.35   0.25   71.9250  1.0250 -0.11   1092   1092   1092
 22.000   40.6390  0.4930   0.11 213.72   2.33   0.08   66.2480  0.8940 -0.10   1087   1087   1087
 22.500   37.5400  0.4680   0.12 214.30   2.38   0.12   61.0290  0.8110 -0.14   1082   1082   1082
 23.000   34.6850  0.4440   0.13 214.98   2.50   0.08   56.2090  0.7440 -0.05   1079   1079   1079
 23.500   32.0530  0.4230   0.13 215.70   2.50   0.02   51.7680  0.6750 -0.07   1072   1072   1072
 24.000   29.6440  0.3980   0.09 216.40   2.58  -0.15   47.7230  0.6160 -0.03   1062   1062   1062
 24.500   27.4100  0.3840   0.07 217.03   2.68  -0.14   43.9970  0.5780 -0.09   1055   1055   1055
 25.000   25.3490  0.3690   0.05 217.64   2.71  -0.08   40.5750  0.5350 -0.13   1047   1047   1047
 25.500   23.4510  0.3550   0.05 218.14   2.75  -0.17   37.4500  0.4870 -0.10   1044   1044   1044
 26.000   21.6970  0.3410   0.05 218.71   2.82  -0.15   34.5600  0.4640 -0.03   1030   1030   1030
 26.500   20.0840  0.3170   0.08 219.23   2.93  -0.04   31.9130  0.4290  0.01   1023   1023   1023
 27.000   18.5970  0.3160   0.03 219.71   3.05  -0.06   29.4840  0.4040 -0.07   1009   1009   1009
 27.500   17.2110  0.3020  -0.02 220.19   3.14  -0.09   27.2280  0.3810 -0.09    993    993    993
 28.000   15.9350  0.2900  -0.03 220.73   3.19  -0.06   25.1480  0.3510 -0.13    979    979    979
 28.500   14.7580  0.2780  -0.03 221.17   3.23  -0.01   23.2430  0.3340 -0.11    955    955    955
 29.000   13.6690  0.2670  -0.06 221.55   3.31  -0.12   21.4920  0.3220 -0.12    932    932    932
 29.500   12.6640  0.2570  -0.07 222.06   3.24  -0.19   19.8660  0.3110 -0.08    888    888    888
 30.000   11.7390  0.2470  -0.10 222.58   3.25  -0.27   18.3710  0.2940 -0.07    836    836    836
     T A B L E  II -  11.  T H E R M O D Y N A M I C  S T A T I S T I C A L  P A R A M E T E R S
                                  November
 STATION =   725720     DUGWAY PROVING GROUNDS
    Z      MEAN P   SD P   SKEWP  MEAN T  SD T  SKEWT    MEAN D   SD D  SKEWD  NOBSP  NOBST  NOBSD
    KM       MB       MB             K      K             G/M3    G/M3                           
  0.000 1020.0000  5.0000   0.00 290.00   5.00   0.00 1221.0000 25.0000  0.00    100    100    100
  1.289  873.6090  6.3780  -0.32 278.18   6.16   0.19 1092.0439 27.4530  0.05   1099   1099   1099
  1.500  851.3270  6.1700  -0.37 278.55   5.77   0.05 1062.9969 24.0580  0.12   1099   1099   1099
  2.000  800.5320  5.9130  -0.45 276.41   6.23  -0.13 1007.7030 22.7080  0.29   1099   1099   1099
  2.500  752.3110  5.9040  -0.46 273.36   6.41  -0.26  957.7440 20.6540  0.45   1099   1099   1099
  3.000  706.5970  6.0830  -0.44 270.28   6.29  -0.38  909.9350 17.7000  0.58   1099   1099   1099
  3.500  663.2010  6.4280  -0.39 267.47   6.13  -0.48  863.1600 14.7750  0.72   1099   1099   1099
  4.000  622.0290  6.7760  -0.38 264.66   6.00  -0.60  818.2850 12.3800  0.86   1099   1099   1099
  4.500  582.9750  7.0940  -0.39 261.75   5.94  -0.68  775.5380 10.6290  0.95   1099   1099   1099
  5.000  545.9810  7.3700  -0.42 258.70   5.92  -0.75  734.9540  9.2990  0.94   1099   1099   1099
  5.500  510.9970  7.5780  -0.44 255.51   5.97  -0.79  696.5340  8.3630  0.85   1099   1099   1099
  6.000  477.8240  7.8290  -0.49 252.18   5.99  -0.82  659.9510  7.4750  0.68   1099   1099   1099
  6.500  446.3690  7.9830  -0.52 248.72   5.99  -0.82  625.1350  6.6920  0.43   1099   1099   1099
  7.000  416.6450  8.0560  -0.55 245.20   5.89  -0.77  591.8980  6.0160  0.11   1099   1099   1099
  7.500  388.5170  8.1700  -0.57 241.67   5.70  -0.69  560.0050  5.5070 -0.23   1097   1097   1097
  8.000  361.7790  8.1110  -0.57 238.06   5.45  -0.61  529.3870  5.3840 -0.44   1097   1097   1097
  8.500  336.5810  7.9920  -0.56 234.48   5.03  -0.41  500.0210  5.8690 -0.87   1097   1097   1097
  9.000  312.8670  7.8110  -0.54 230.95   4.54  -0.14  471.8970  6.8110 -1.21   1096   1096   1096
  9.500  290.5530  7.6190  -0.49 227.54   4.10   0.08  444.8080  8.1990 -1.41   1095   1095   1095
 10.000  269.4130  7.2460  -0.42 224.32   3.80   0.20  418.3990  9.5290 -1.44   1093   1093   1093
 10.500  249.6610  6.8420  -0.37 221.38   3.71   0.39  392.9220 10.8360 -1.33   1092   1092   1092
 11.000  231.0670  6.3860  -0.27 218.98   3.94   0.61  367.7160 12.0990 -1.08   1092   1092   1092
 11.500  213.7050  5.8470  -0.19 217.14   4.49   0.56  343.0480 13.0030 -0.80   1091   1091   1091
 12.000  197.5960  5.3060  -0.10 215.82   5.01   0.33  319.1970 13.2870 -0.51   1090   1090   1090
 12.500  182.5790  4.7680  -0.01 214.91   5.41   0.08  296.2330 12.9850 -0.28   1090   1090   1090
 13.000  168.6500  4.2440   0.05 214.36   5.25  -0.13  274.3330 11.8400 -0.08   1090   1090   1090
 13.500  155.7610  3.7660   0.11 213.85   4.91  -0.20  253.9470 10.5220  0.00   1090   1090   1090
 14.000  143.8390  3.3440   0.16 213.15   4.55  -0.09  235.2620  9.3450  0.00   1088   1088   1088
 14.500  132.7640  2.9450   0.20 212.35   4.31   0.15  217.9580  8.3430 -0.01   1086   1086   1086
 15.000  122.5210  2.5880   0.22 211.62   4.30   0.20  201.8330  7.6260  0.05   1085   1085   1085
 15.500  113.0480  2.2630   0.23 211.04   4.38   0.17  186.7390  6.9590  0.12   1084   1084   1084
 16.000  104.2880  1.9720   0.22 210.59   4.39   0.02  172.6380  6.2860  0.23   1084   1084   1084
 16.500   96.2080  1.7090   0.19 210.38   4.39  -0.04  159.4160  5.6360  0.32   1082   1082   1082
 17.000   88.7290  1.4760   0.12 210.29   4.25  -0.18  147.0830  4.9360  0.43   1081   1081   1081
 17.500   81.8390  1.2850   0.03 210.32   3.97  -0.28  135.6290  4.2160  0.49   1078   1078   1078
 18.000   75.4910  1.1230  -0.08 210.35   3.68  -0.26  125.0750  3.5570  0.42   1073   1073   1073
 18.500   69.6470  0.9840  -0.19 210.49   3.28  -0.25  115.3060  2.9200  0.34   1071   1071   1071
 19.000   64.2500  0.8840  -0.29 210.62   3.06  -0.20  106.3000  2.4830  0.35   1066   1066   1066
 19.500   59.2740  0.7950  -0.38 210.92   2.86  -0.23   97.9200  2.0820  0.18   1063   1063   1063
 20.000   54.6900  0.7220  -0.44 211.14   2.67  -0.24   90.2500  1.7770  0.04   1062   1062   1062
 20.500   50.4680  0.6540  -0.48 211.39   2.56  -0.31   83.1840  1.5040 -0.04   1061   1061   1061
 21.000   46.5850  0.6120  -0.54 211.68   2.59  -0.34   76.6750  1.3390  0.02   1056   1056   1056
 21.500   42.9990  0.5660  -0.60 212.10   2.55  -0.58   70.6330  1.1700  0.06   1053   1053   1053
 22.000   39.6940  0.5290  -0.65 212.58   2.58  -0.50   65.0560  1.0320  0.13   1051   1051   1051
 22.500   36.6520  0.4980  -0.71 212.94   2.66  -0.59   59.9670  0.9010  0.16   1045   1045   1045
 23.000   33.8450  0.4730  -0.77 213.21   2.66  -0.71   55.3040  0.7790  0.13   1044   1044   1044
 23.500   31.2570  0.4510  -0.81 213.61   2.72  -0.68   50.9790  0.7140 -0.10   1039   1039   1039
 24.000   28.8900  0.4330  -0.86 214.07   2.80  -0.76   47.0160  0.6720 -0.48   1034   1034   1034
 24.500   26.6860  0.4130  -0.89 214.56   2.90  -0.70   43.3310  0.6200 -0.64   1031   1031   1031
 25.000   24.6590  0.3950  -0.91 214.99   3.01  -0.73   39.9590  0.5680 -0.96   1021   1021   1021
 25.500   22.7900  0.3780  -0.92 215.45   3.05  -0.63   36.8520  0.5500 -1.13   1016   1016   1016
 26.000   21.0680  0.3530  -0.83 215.86   3.02  -0.49   34.0020  0.5070 -0.88   1003   1003   1003
 26.500   19.4970  0.3390  -0.91 216.28   3.16  -0.49   31.4040  0.4690 -0.75    989    989    989
 27.000   18.0250  0.3220  -0.85 216.63   3.23  -0.40   28.9870  0.4600 -0.70    970    970    970
 27.500   16.6690  0.3050  -0.80 217.08   3.28  -0.18   26.7500  0.4440 -0.72    939    939    939
 28.000   15.4260  0.2790  -0.64 217.59   3.34  -0.03   24.6980  0.4060 -0.57    913    913    913
 28.500   14.2730  0.2640  -0.62 218.09   3.44   0.03   22.7990  0.3800 -0.59    886    886    886
 29.000   13.2110  0.2500  -0.63 218.50   3.47  -0.03   21.0630  0.3520 -0.50    840    840    840
 29.500   12.2300  0.2390  -0.65 218.97   3.48   0.03   19.4560  0.3290 -0.48    772    772    772
 30.000   11.3300  0.2250  -0.64 219.51   3.52  -0.03   17.9800  0.3100 -0.29    700    700    700
     T A B L E  II -  12.  T H E R M O D Y N A M I C  S T A T I S T I C A L  P A R A M E T E R S
                                  December
 STATION =   725720     DUGWAY PROVING GROUNDS
    Z      MEAN P   SD P   SKEWP  MEAN T  SD T  SKEWT    MEAN D   SD D  SKEWD  NOBSP  NOBST  NOBSD
    KM       MB       MB             K      K             G/M3    G/M3                           
  0.000 1020.0000  5.0000   0.00 290.00   5.00   0.00 1221.0000 25.0000  0.00    100    100    100
  1.289  874.3400  6.8330  -0.27 272.96   5.45   0.13 1114.2410 26.9140 -0.03   1052   1052   1052
  1.500  851.7230  6.5150  -0.29 273.32   5.06   0.33 1084.0880 23.8500 -0.23   1052   1052   1052
  2.000  800.0340  6.0080  -0.33 271.84   5.39   0.08 1024.1060 22.0100 -0.01   1052   1052   1052
  2.500  751.1250  5.7850  -0.32 269.51   5.56  -0.10  969.9820 19.6020  0.18   1052   1052   1052
  3.000  704.8730  5.7860  -0.25 266.89   5.56  -0.23  919.2910 16.8420  0.37   1052   1052   1052
  3.500  661.0470  6.0170  -0.20 264.32   5.54  -0.35  870.6580 14.4500  0.59   1052   1052   1052
  4.000  619.5380  6.2570  -0.17 261.69   5.49  -0.45  824.2910 12.4250  0.71   1052   1052   1052
  4.500  580.2410  6.5000  -0.16 258.90   5.47  -0.53  780.4070 10.8170  0.81   1052   1052   1052
  5.000  543.0290  6.7230  -0.17 255.91   5.49  -0.57  738.9650  9.4930  0.84   1052   1052   1052
  5.500  507.8680  6.9000  -0.20 252.83   5.52  -0.57  699.6080  8.4480  0.77   1052   1052   1052
  6.000  474.5260  7.1260  -0.23 249.54   5.53  -0.55  662.3570  7.4890  0.59   1052   1052   1052
  6.500  442.9700  7.2650  -0.25 246.09   5.52  -0.49  627.0040  6.6730  0.29   1051   1051   1051
  7.000  413.1660  7.3270  -0.27 242.52   5.48  -0.43  593.4700  6.1170  0.14   1051   1051   1051
  7.500  384.9330  7.4340  -0.27 238.91   5.38  -0.36  561.2670  5.6710 -0.07   1051   1051   1051
  8.000  358.1410  7.3970  -0.26 235.26   5.14  -0.27  530.3170  5.4770 -0.37   1050   1050   1050
  8.500  332.9150  7.3030  -0.25 231.60   4.82  -0.19  500.7550  5.7400 -0.72   1050   1050   1050
  9.000  309.2110  7.1300  -0.24 228.06   4.35  -0.12  472.3010  6.4980 -1.04   1049   1049   1049
  9.500  286.8610  6.9580  -0.19 224.74   3.89  -0.03  444.6500  7.8600 -1.22   1048   1048   1048
 10.000  265.7440  6.5970  -0.14 221.67   3.61   0.07  417.6470  9.3910 -1.22   1048   1048   1048
 10.500  246.0660  6.2130  -0.08 219.11   3.74   0.46  391.3100 11.1940 -1.02   1048   1048   1048
 11.000  227.5530  5.7290   0.00 217.16   4.28   0.69  365.2150 12.5950 -0.72   1046   1046   1046
 11.500  210.3630  5.1840   0.06 215.89   5.03   0.57  339.7070 13.4220 -0.39   1043   1043   1043
 12.000  194.4240  4.6580   0.12 215.32   5.68   0.25  314.8680 13.5360 -0.07   1043   1043   1043
 12.500  179.6250  4.1210   0.16 215.13   5.86  -0.11  291.1730 12.7010  0.21   1041   1041   1041
 13.000  165.9570  3.6360   0.18 215.26   5.58  -0.44  268.8390 11.2620  0.42   1039   1039   1039
 13.500  153.3380  3.2080   0.20 215.18   5.04  -0.56  248.4490  9.6040  0.50   1039   1039   1039
 14.000  141.6870  2.8580   0.20 214.88   4.49  -0.39  229.8450  8.1390  0.39   1035   1035   1035
 14.500  130.8760  2.5400   0.21 214.36   4.19  -0.21  212.8070  7.1490  0.28   1033   1033   1033
 15.000  120.8700  2.2550   0.21 213.80   4.06  -0.07  197.0500  6.4160  0.23   1028   1028   1028
 15.500  111.6150  1.9990   0.20 213.30   4.12  -0.08  182.3910  5.8660  0.28   1026   1026   1026
 16.000  103.0490  1.7710   0.18 212.79   4.23  -0.14  168.7970  5.3860  0.34   1023   1023   1023
 16.500   95.1360  1.5750   0.16 212.45   4.22  -0.16  156.0840  4.7990  0.36   1018   1018   1018
 17.000   87.8170  1.4010   0.12 212.15   4.12  -0.25  144.2710  4.1940  0.33   1015   1015   1015
 17.500   81.0460  1.2560   0.06 212.05   3.89  -0.34  133.2000  3.5730  0.34   1010   1010   1010
 18.000   74.8020  1.1380  -0.00 212.01   3.79  -0.25  122.9580  3.1080  0.26   1009   1009   1009
 18.500   69.0590  1.0370  -0.10 212.04   3.66  -0.32  113.4930  2.6670  0.30   1000   1000   1000
 19.000   63.7390  0.9630  -0.17 212.12   3.57  -0.28  104.7070  2.3130  0.38    996    996    996
 19.500   58.8340  0.8980  -0.27 212.29   3.64  -0.23   96.5720  2.0130  0.38    992    992    992
 20.000   54.3190  0.8450  -0.36 212.47   3.61  -0.20   89.0810  1.7140  0.30    986    986    986
 20.500   50.1600  0.7910  -0.43 212.86   3.69  -0.22   82.1060  1.5080  0.21    980    980    980
 21.000   46.3230  0.7670  -0.47 213.08   3.78  -0.30   75.7460  1.3340  0.25    974    974    974
 21.500   42.7830  0.7280  -0.44 213.33   3.78  -0.33   69.8750  1.1640  0.24    968    968    968
 22.000   39.5110  0.7050  -0.47 213.60   3.91  -0.44   64.4490  1.0400  0.21    962    962    962
 22.500   36.5010  0.6800  -0.50 213.94   3.89  -0.39   59.4430  0.9430  0.14    952    952    952
 23.000   33.7210  0.6550  -0.48 214.30   3.88  -0.23   54.8230  0.8760 -0.08    944    944    944
 23.500   31.1530  0.6310  -0.45 214.55   3.83  -0.15   50.5880  0.8180 -0.17    936    936    936
 24.000   28.8020  0.6160  -0.46 214.69   3.88  -0.23   46.7390  0.7710 -0.10    926    926    926
 24.500   26.6120  0.5930  -0.44 214.91   3.94  -0.21   43.1400  0.7350 -0.30    915    915    915
 25.000   24.5930  0.5690  -0.45 215.13   3.98  -0.29   39.8250  0.6980 -0.40    906    906    906
 25.500   22.7290  0.5460  -0.43 215.24   4.14  -0.34   36.7870  0.6690 -0.54    893    893    893
 26.000   21.0100  0.5210  -0.43 215.44   4.21  -0.20   33.9730  0.6350 -0.66    875    875    875
 26.500   19.4420  0.4970  -0.50 215.73   4.14  -0.13   31.3950  0.6380 -0.74    849    849    849
 27.000   17.9700  0.4810  -0.45 215.91   4.28  -0.07   28.9950  0.6340 -0.81    830    830    830
 27.500   16.6120  0.4580  -0.37 216.20   4.38  -0.01   26.7690  0.6210 -0.83    815    815    815
 28.000   15.3680  0.4300  -0.32 216.49   4.48   0.06   24.7310  0.6030 -0.91    784    784    784
 28.500   14.2160  0.4030  -0.21 216.77   4.55  -0.02   22.8480  0.5670 -0.68    739    739    739
 29.000   13.1560  0.3830  -0.14 217.17   4.75  -0.02   21.1050  0.5420 -0.59    693    693    693
 29.500   12.1840  0.3600  -0.03 217.61   4.89   0.05   19.5060  0.5130 -0.44    632    632    632
 30.000   11.2920  0.3350   0.08 218.16   4.88   0.11   18.0320  0.4730 -0.32    559    559    559
     T A B L E  II -  13.  T H E R M O D Y N A M I C  S T A T I S T I C A L  P A R A M E T E R S
                                    Annual
 STATION =   725720     DUGWAY PROVING GROUNDS
    Z      MEAN P   SD P   SKEWP  MEAN T  SD T  SKEWT    MEAN D   SD D  SKEWD  NOBSP  NOBST  NOBSD
    KM       MB       MB             K      K             G/M3    G/M3                           
  0.000 1020.0000  5.0000   0.00 290.00   5.00   0.00 1221.0000 25.0000  0.00    100    100    100
  1.289  871.1750  5.8510   0.05 285.02  11.26   0.28 1063.3831 45.1580  0.02  13508  13508  13508
  1.500  849.5170  5.5430  -0.17 284.92  10.60   0.10 1037.5031 40.5320  0.13  13513  13513  13513
  2.000  799.8210  5.3830  -0.58 282.21  10.08   0.05  986.3240 34.6520  0.14  13513  13513  13513
  2.500  752.5360  5.7230  -0.65 278.79   9.72   0.02  939.5040 30.0410  0.16  13512  13512  13512
  3.000  707.6570  6.3450  -0.56 275.23   9.27  -0.01  894.9300 25.4430  0.16  13512  13512  13512
  3.500  664.8410  7.0320  -0.46 271.80   8.72  -0.06  851.4490 20.9990  0.19  13511  13511  13511
  4.000  624.1590  7.6790  -0.39 268.42   8.19  -0.14  809.4760 17.0120  0.28  13505  13505  13505
  4.500  585.5090  8.2540  -0.35 265.03   7.77  -0.23  769.1320 13.7190  0.42  13498  13498  13498
  5.000  548.8120  8.7270  -0.32 261.63   7.50  -0.33  730.3770 11.2030  0.58  13498  13498  13498
  5.500  514.0180  9.0770  -0.31 258.24   7.38  -0.38  693.1370  9.4200  0.66  13495  13495  13495
  6.000  481.0160  9.4380  -0.32 254.85   7.42  -0.39  657.3600  8.1570  0.60  13493  13493  13493
  6.500  449.6990  9.7050  -0.32 251.41   7.51  -0.36  623.0460  7.1470  0.47  13489  13489  13489
  7.000  420.0470  9.8670  -0.31 247.88   7.59  -0.31  590.3040  6.3150  0.35  13484  13484  13484
  7.500  391.9770 10.0640  -0.32 244.28   7.61  -0.25  558.9990  5.5690  0.17  13478  13478  13478
  8.000  365.2770 10.1520  -0.29 240.58   7.55  -0.17  528.9250  5.0480 -0.08  13471  13471  13471
  8.500  340.0800 10.1480  -0.27 236.88   7.39  -0.07  500.1340  4.9660 -0.61  13462  13462  13462
  9.000  316.3520 10.0580  -0.25 233.22   7.12   0.04  472.5160  5.4770 -1.31  13456  13456  13456
  9.500  294.0030  9.9700  -0.22 229.70   6.77   0.14  445.8420  6.6310 -1.77  13447  13447  13447
 10.000  272.8120  9.7560  -0.15 226.40   6.34   0.21  419.7450  8.1500 -1.80  13435  13435  13435
 10.500  252.9750  9.4260  -0.10 223.45   5.94   0.20  394.3830  9.9410 -1.59  13420  13420  13420
 11.000  234.3340  9.0900  -0.02 220.96   5.66   0.11  369.4780 11.6640 -1.30  13406  13406  13406
 11.500  216.8700  8.5860   0.04 219.06   5.51  -0.06  344.9690 13.0800 -0.98  13389  13389  13389
 12.000  200.6430  8.0460   0.11 217.76   5.41  -0.23  321.1240 13.9360 -0.68  13380  13380  13380
 12.500  185.5510  7.5030   0.17 216.94   5.25  -0.37  298.1420 14.1810 -0.39  13367  13367  13367
 13.000  171.5100  6.8850   0.22 216.33   4.88  -0.39  276.3800 13.7770 -0.17  13351  13351  13351
 13.500  158.5140  6.2860   0.25 215.71   4.52  -0.25  256.1840 13.0900  0.02  13343  13343  13343
 14.000  146.4800  5.7110   0.26 214.90   4.35  -0.05  237.6410 12.3640  0.14  13317  13317  13317
 14.500  135.3020  5.1720   0.27 213.97   4.37   0.06  220.4730 11.6290  0.22  13299  13299  13299
 15.000  124.9290  4.6510   0.27 213.06   4.49   0.05  204.4580 10.8300  0.26  13280  13280  13280
 15.500  115.3220  4.1710   0.26 212.26   4.55   0.04  189.4520  9.9440  0.27  13257  13257  13257
 16.000  106.4340  3.7360   0.25 211.66   4.55   0.03  175.3390  9.0020  0.26  13232  13232  13232
 16.500   98.2230  3.3410   0.24 211.32   4.43   0.02  162.0580  8.0070  0.24  13192  13192  13192
 17.000   90.6270  3.0050   0.24 211.15   4.18   0.02  149.6310  7.0280  0.21  13160  13160  13160
 17.500   83.6140  2.7100   0.24 211.16   3.83   0.01  138.0300  6.0770  0.18  13116  13116  13116
 18.000   77.1500  2.4550   0.24 211.32   3.47  -0.00  127.2410  5.1880  0.14  13069  13069  13069
 18.500   71.2020  2.2300   0.24 211.61   3.16  -0.12  117.2550  4.4150  0.12  13017  13017  13017
 19.000   65.7190  2.0570   0.23 211.97   2.94  -0.22  108.0310  3.7780  0.09  12955  12955  12955
 19.500   60.6610  1.8990   0.23 212.39   2.87  -0.34   99.5130  3.2690  0.09  12886  12886  12886
 20.000   56.0040  1.7630   0.23 212.83   2.83  -0.45   91.6730  2.8420  0.09  12818  12818  12818
 20.500   51.7160  1.6390   0.23 213.31   2.84  -0.54   84.4620  2.4830  0.09  12738  12738  12738
 21.000   47.7760  1.5380   0.21 213.77   2.95  -0.63   77.8530  2.1940  0.08  12659  12659  12659
 21.500   44.1360  1.4500   0.21 214.29   3.05  -0.69   71.7450  1.9680  0.10  12600  12600  12600
 22.000   40.7760  1.3660   0.20 214.81   3.18  -0.75   66.1210  1.7690  0.12  12534  12534  12534
 22.500   37.6830  1.2900   0.19 215.33   3.32  -0.72   60.9550  1.5980  0.13  12462  12462  12462
 23.000   34.8300  1.2220   0.18 215.87   3.47  -0.69   56.1990  1.4520  0.15  12387  12387  12387
 23.500   32.1980  1.1610   0.17 216.42   3.64  -0.71   51.8180  1.3320  0.15  12311  12311  12311
 24.000   29.7820  1.0960   0.14 216.98   3.82  -0.72   47.8040  1.2110  0.14  12221  12221  12221
 24.500   27.5530  1.0540   0.13 217.57   4.01  -0.66   44.1050  1.1370  0.13  12129  12129  12129
 25.000   25.4870  1.0030   0.11 218.16   4.20  -0.64   40.6860  1.0560  0.12  12023  12023  12023
 25.500   23.5820  0.9570   0.10 218.75   4.40  -0.63   37.5440  0.9920  0.09  11915  11915  11915
 26.000   21.8280  0.9140   0.08 219.38   4.58  -0.57   34.6490  0.9310  0.08  11784  11784  11784
 26.500   20.2170  0.8660   0.06 220.03   4.78  -0.55   31.9960  0.8680  0.03  11628  11628  11628
 27.000   18.7280  0.8370   0.04 220.66   4.97  -0.52   29.5550  0.8380 -0.03  11438  11438  11438
 27.500   17.3440  0.8000   0.03 221.34   5.13  -0.50   27.2860  0.8050 -0.08  11237  11237  11237
 28.000   16.0710  0.7610   0.02 222.03   5.28  -0.50   25.2040  0.7690 -0.12  11003  11003  11003
 28.500   14.8960  0.7260   0.01 222.75   5.42  -0.50   23.2850  0.7390 -0.16  10688  10688  10688
 29.000   13.8130  0.6910  -0.00 223.51   5.53  -0.49   21.5180  0.7120 -0.20  10283  10283  10283
 29.500   12.8200  0.6570  -0.03 224.36   5.63  -0.51   19.8940  0.6840 -0.24   9748   9748   9748
 30.000   11.9050  0.6230  -0.05 225.26   5.68  -0.51   18.4010  0.6590 -0.29   9020   9020   9020
