      91366       8.73N  167.75E
     T A B L E  II -   1.  T H E R M O D Y N A M I C  S T A T I S T I C A L  P A R A M E T E R S
                                   January
 STATION =   913660     KWAJLEIN MISSILE RANGE
    Z      MEAN P   SD P   SKEWP  MEAN T  SD T  SKEWT    MEAN D   SD D  SKEWD  NOBSP  NOBST  NOBSD
    KM       MB       MB             K      K             G/M3    G/M3                           
  0.000 1020.0000  5.0000   0.00 290.00   5.00   0.00 1221.0000 25.0000  0.00    100    100    100
  0.004 1006.0480  5.4320  -0.06 300.51   1.14   0.13 1153.7910  6.6380  0.37   1019   1019   1019
  0.500  955.0140  1.7140   0.14 296.82   0.96   0.06 1111.9611  6.5840  0.62   1025   1025   1025
  1.000  901.7500  1.6020   0.02 293.47   1.10  -0.01 1063.1870  6.1040  0.42   1027   1027   1027
  1.500  851.1690  1.5670   0.00 290.69   1.47  -0.09 1014.4330  6.1660  0.44   1030   1030   1030
  2.000  802.3920  1.4160  -0.02 288.86   1.28  -0.05  963.8600  4.8250  0.60   1030   1030   1030
  2.500  756.4230  1.3790  -0.03 286.99   1.25   0.19  915.4980  3.8140  0.39   1030   1030   1030
  3.000  712.9960  1.3780  -0.12 284.95   1.35  -0.01  869.7500  3.5880  0.25   1030   1030   1030
  3.500  671.1560  1.3980  -0.10 282.36   1.38  -0.04  826.6290  3.5230  0.26   1030   1030   1030
  4.000  631.2750  1.3940  -0.07 279.54   1.29  -0.07  785.5910  3.2100  0.30   1030   1030   1030
  4.500  593.6370  1.3870   0.02 276.71   1.26  -0.10  746.5060  3.0520  0.22   1030   1030   1030
  5.000  558.1530  1.3490  -0.02 273.88   1.25  -0.16  709.2790  2.8650  0.16   1030   1030   1030
  5.500  524.7000  1.3400  -0.06 271.08   1.31  -0.12  673.7700  2.8860  0.07   1030   1030   1030
  6.000  492.8980  1.3220  -0.01 268.23   1.32  -0.08  639.7540  2.9470 -0.02   1026   1026   1026
  6.500  462.1290  1.2770  -0.01 265.26   1.29  -0.04  606.6280  2.6980  0.02   1026   1026   1026
  7.000  433.1860  1.2660  -0.05 262.25   1.35  -0.13  575.2120  2.6120  0.05   1025   1025   1025
  7.500  406.0210  1.2760  -0.12 259.22   1.46  -0.20  545.4910  2.6850  0.13   1025   1025   1025
  8.000  379.7950  1.2870  -0.03 255.87   1.47  -0.22  516.9760  2.4880  0.15   1010   1010   1010
  8.500  354.9020  1.2930  -0.03 252.38   1.51  -0.26  489.7970  2.2860  0.24   1009   1009   1009
  9.000  331.5670  1.2830  -0.08 248.83   1.57  -0.24  464.1470  2.1790  0.25   1009   1009   1009
  9.500  309.7540  1.2810  -0.14 245.20   1.66  -0.20  440.0370  2.1450  0.20   1009   1009   1009
 10.000  289.0410  1.2890  -0.09 241.37   1.74  -0.12  417.1560  2.0710  0.09   1001   1001   1001
 10.500  269.1080  1.2860  -0.06 237.32   1.77  -0.07  395.0300  1.9120  0.07    999    999    999
 11.000  250.5090  1.2570   0.06 233.26   1.81   0.03  374.1350  1.8460  0.07    995    995    995
 11.500  232.4950  1.3240   0.09 229.10   1.86   0.04  353.5440  1.6630  0.07    991    991    991
 12.000  215.6670  1.3240   0.09 224.92   1.94   0.08  334.0530  1.5760  0.05    991    991    991
 12.500  200.0700  1.3150   0.05 220.72   2.00   0.08  315.7790  1.5330  0.15    984    984    984
 13.000  184.8070  1.3790   0.11 216.59   2.03   0.12  297.2560  1.3610  0.15    980    980    980
 13.500  170.5780  1.3900   0.11 212.45   2.12   0.20  279.7170  1.3160  0.04    980    980    980
 14.000  157.4440  1.3810   0.10 208.31   2.22   0.26  263.3080  1.3850 -0.06    980    980    980
 14.500  145.1290  1.4240   0.09 204.48   2.17   0.35  247.2620  1.3920 -0.03    940    940    940
 15.000  133.1950  1.3910   0.17 200.96   2.24   0.47  230.9020  1.5030 -0.12    939    939    939
 15.500  122.2170  1.3540   0.23 197.47   2.46   0.60  215.6150  1.7920 -0.48    937    937    937
 16.000  112.1170  1.3220   0.30 194.13   2.71   0.84  201.2150  2.0550 -0.81    933    933    933
 16.500  102.8110  1.2780   0.32 190.99   3.06   0.98  187.5540  2.4180 -0.81    931    931    931
 17.000   94.2480  1.2600   0.34 190.43   3.14   0.80  172.4420  2.7200 -0.48    807    807    807
 17.500   86.2590  1.2070   0.46 191.33   3.46   0.28  157.0930  2.7290 -0.12    807    807    807
 18.000   78.9600  1.1610   0.56 192.76   3.70   0.05  142.7390  2.6380 -0.05    807    807    807
 18.500   72.2780  1.1050   0.64 194.71   3.81   0.08  129.3490  2.4920 -0.15    805    805    805
 19.000   66.1570  0.9840   0.78 197.45   3.49   0.18  116.7470  2.1540 -0.17    782    782    782
 19.500   60.7920  0.9400   0.86 200.24   3.25   0.28  105.7770  1.7650 -0.24    782    782    782
 20.000   55.8790  0.9040   0.92 202.78   3.13   0.31   96.0110  1.5040 -0.13    782    782    782
 20.500   51.3590  0.8750   0.98 205.25   3.23   0.22   87.1810  1.3930  0.07    782    782    782
 21.000   47.3360  0.8140   0.96 207.03   3.25   0.29   79.6590  1.2620 -0.05    738    738    738
 21.500   43.6510  0.7710   0.99 208.52   3.06   0.27   72.9320  1.1350 -0.00    737    737    737
 22.000   40.2730  0.7380   1.02 209.99   2.91   0.31   66.8130  1.0370  0.04    735    735    735
 22.500   37.1580  0.7030   1.06 211.47   2.87   0.40   61.2150  0.9650 -0.04    735    735    735
 23.000   34.2870  0.6730   1.08 212.90   2.88   0.47   56.1060  0.9130 -0.08    735    735    735
 23.500   31.6370  0.6470   1.09 214.28   2.91   0.34   51.4350  0.8850  0.01    735    735    735
 24.000   29.2700  0.6170   1.02 215.62   2.96   0.30   47.2930  0.8580  0.02    661    661    661
 24.500   27.0570  0.5840   1.11 216.70   2.80   0.36   43.4980  0.7940  0.13    651    651    651
 25.000   25.0290  0.5520   1.14 217.83   2.75   0.34   40.0280  0.7420  0.22    651    651    651
 25.500   23.1550  0.5260   1.15 219.00   2.71   0.29   36.8330  0.7080  0.32    651    651    651
 26.000   21.4190  0.5010   1.17 220.16   2.78   0.20   33.8920  0.6810  0.36    651    651    651
 26.500   19.9660  0.5220   0.82 221.49   3.00   0.07   31.4020  0.6830  0.24    404    404    404
 27.000   18.2650  0.3570   1.76 221.47   2.69   0.25   28.7320  0.5210  0.33    253    253    253
 27.500   16.9160  0.3010   1.09 222.37   2.56   0.26   26.5020  0.4600  0.06    249    249    249
 28.000   15.6800  0.2860   1.15 223.32   2.58   0.41   24.4610  0.4200  0.15    242    242    242
 28.500   14.5400  0.2740   1.22 224.29   2.66   0.49   22.5850  0.3790  0.37    232    232    232
 29.000   13.4770  0.2670   1.34 225.07   2.60   0.50   20.8610  0.3470  0.57    222    222    222
 29.500   12.4920  0.2550   1.37 225.95   2.67   0.57   19.2610  0.3210  0.74    219    219    219
 30.000   11.5800  0.2450   1.40 226.88   2.81   0.56   17.7800  0.3040  0.88    216    216    216
     T A B L E  II -   2.  T H E R M O D Y N A M I C  S T A T I S T I C A L  P A R A M E T E R S
                                  February
 STATION =   913660     KWAJLEIN MISSILE RANGE
    Z      MEAN P   SD P   SKEWP  MEAN T  SD T  SKEWT    MEAN D   SD D  SKEWD  NOBSP  NOBST  NOBSD
    KM       MB       MB             K      K             G/M3    G/M3                           
  0.000 1020.0000  5.0000   0.00 290.00   5.00   0.00 1221.0000 25.0000  0.00    100    100    100
  0.004 1005.7690  5.9060   0.15 300.35   1.21   0.33 1154.2340  6.9400  0.54    915    915    915
  0.500  955.4880  1.6280  -0.04 296.64   0.96  -0.04 1113.1890  6.4240  0.79    921    921    921
  1.000  902.1630  1.5450  -0.21 293.25   1.10  -0.12 1064.4700  6.0070  0.63    923    923    923
  1.500  851.5490  1.5220  -0.32 290.45   1.46  -0.18 1015.6390  6.1120  0.58    927    927    927
  2.000  802.6620  1.3960  -0.30 288.64   1.26   0.20  964.8240  4.5770  0.50    928    928    928
  2.500  756.6070  1.3530  -0.36 286.64   1.22   0.11  916.6990  3.8040  0.45    928    928    928
  3.000  713.1500  1.3300  -0.50 284.56   1.38   0.04  870.9620  3.7730  0.18    928    928    928
  3.500  671.2300  1.3910  -0.39 282.05   1.37   0.06  827.5160  3.5350  0.05    928    928    928
  4.000  631.2780  1.3940  -0.16 279.30   1.27   0.09  786.2200  3.1150  0.01    928    928    928
  4.500  593.6360  1.3970  -0.07 276.53   1.22   0.04  746.9480  2.8710  0.03    928    928    928
  5.000  558.1470  1.3660  -0.07 273.73   1.24  -0.05  709.6530  2.8830  0.00    928    928    928
  5.500  524.7010  1.3110  -0.22 270.93   1.31   0.03  674.1270  2.9930 -0.18    928    928    928
  6.000  492.8490  1.3190  -0.28 268.13   1.38   0.09  639.8990  3.1400 -0.42    919    919    919
  6.500  462.0720  1.2740  -0.18 265.24   1.27   0.08  606.5900  2.6980 -0.40    918    918    918
  7.000  433.1550  1.2370  -0.11 262.35   1.27   0.15  574.9740  2.5060 -0.39    918    918    918
  7.500  406.0180  1.2140  -0.09 259.36   1.34   0.02  545.2020  2.5150 -0.25    918    918    918
  8.000  379.8100  1.2340   0.01 255.96   1.37  -0.00  516.8140  2.3680 -0.18    909    909    909
  8.500  354.9080  1.2180   0.05 252.39   1.41   0.00  489.7910  2.1860 -0.14    909    909    909
  9.000  331.5810  1.1990   0.05 248.77   1.45  -0.01  464.2780  2.0490 -0.16    909    909    909
  9.500  309.7790  1.1980   0.01 245.11   1.55   0.03  440.2450  2.0410 -0.16    909    909    909
 10.000  289.0690  1.2060   0.18 241.28   1.59   0.23  417.3570  2.0070 -0.25    898    898    898
 10.500  269.1260  1.2070   0.19 237.20   1.63   0.27  395.2430  1.8950 -0.22    898    898    898
 11.000  250.5050  1.1820   0.12 233.13   1.69   0.31  374.3390  1.8430 -0.20    893    893    893
 11.500  232.4650  1.2300   0.13 228.95   1.73   0.31  353.7260  1.6770 -0.11    890    890    890
 12.000  215.6290  1.2230   0.16 224.75   1.79   0.32  334.2320  1.5790 -0.09    890    890    890
 12.500  200.0310  1.2100   0.16 220.58   1.86   0.36  315.9270  1.5730 -0.09    884    884    884
 13.000  184.7450  1.2590   0.22 216.40   1.88   0.32  297.4200  1.4400  0.26    877    877    877
 13.500  170.5100  1.2590   0.24 212.23   1.96   0.41  279.8890  1.3430 -0.09    877    877    877
 14.000  157.3790  1.2520   0.25 208.08   2.06   0.50  263.4960  1.3430 -0.78    877    877    877
 14.500  145.0340  1.2830   0.30 204.24   2.01   0.64  247.3920  1.3660 -1.15    846    846    846
 15.000  133.0830  1.2370   0.34 200.76   2.08   0.66  230.9400  1.5180 -0.70    844    844    844
 15.500  122.1010  1.2050   0.38 197.36   2.27   0.65  215.5380  1.7640 -0.64    843    843    843
 16.000  112.0030  1.1810   0.41 194.08   2.53   0.70  201.0550  1.9890 -0.67    843    843    843
 16.500  102.7160  1.1460   0.44 190.94   2.79   0.80  187.4230  2.2570 -0.46    839    839    839
 17.000   94.1240  1.1100   0.42 190.44   2.78   0.55  172.2050  2.4270 -0.24    723    723    723
 17.500   86.1580  1.0610   0.50 191.48   3.19   0.14  156.7810  2.4480  0.05    719    719    719
 18.000   78.8710  1.0170   0.60 193.10   3.36   0.22  142.3170  2.3620  0.11    718    718    718
 18.500   72.2030  0.9810   0.69 194.89   3.75   0.14  129.0970  2.4370  0.26    717    717    717
 19.000   66.0920  0.8740   0.87 197.24   3.63   0.17  116.7650  2.1690  0.28    706    706    706
 19.500   60.7190  0.8380   0.96 199.72   3.27   0.37  105.9280  1.7080  0.16    706    706    706
 20.000   55.7900  0.8070   1.04 202.27   3.14   0.41   96.1020  1.4770  0.12    706    706    706
 20.500   51.2660  0.7800   1.08 204.74   3.25   0.23   87.2400  1.3920  0.17    705    705    705
 21.000   47.2760  0.7410   1.11 206.59   3.24   0.28   79.7320  1.2660  0.09    665    665    665
 21.500   43.5860  0.6920   1.11 208.11   3.06   0.32   72.9680  1.1040  0.04    663    663    663
 22.000   40.2040  0.6650   1.14 209.67   2.98   0.31   66.8030  0.9880  0.10    663    663    663
 22.500   37.0880  0.6380   1.17 211.14   2.93   0.29   61.1950  0.8860  0.10    663    663    663
 23.000   34.2140  0.6130   1.19 212.60   2.94   0.19   56.0650  0.8220  0.08    662    662    662
 23.500   31.5620  0.5900   1.18 214.08   3.07   0.08   51.3620  0.7900  0.06    662    662    662
 24.000   29.2180  0.5490   1.14 215.55   3.11   0.16   47.2250  0.7670 -0.10    604    604    604
 24.500   27.0170  0.5300   1.28 216.64   2.89   0.25   43.4460  0.7090  0.13    598    598    598
 25.000   24.9890  0.5050   1.32 217.74   2.85   0.35   39.9800  0.6610  0.25    597    597    597
 25.500   23.1150  0.4840   1.32 218.84   2.82   0.31   36.7960  0.6220  0.43    594    594    594
 26.000   21.3800  0.4620   1.33 219.95   2.92   0.21   33.8630  0.6010  0.52    594    594    594
 26.500   19.9560  0.4850   1.01 221.74   3.24   0.03   31.3520  0.6350  0.35    333    333    333
 27.000   18.3210  0.3600   1.61 221.99   3.03   0.13   28.7520  0.5010  0.49    224    224    224
 27.500   16.9690  0.3130   1.16 222.78   2.91   0.18   26.5370  0.4470  0.35    218    218    218
 28.000   15.7340  0.3010   1.16 223.65   2.92   0.44   24.5090  0.4100  0.36    213    213    213
 28.500   14.5920  0.2870   1.23 224.51   2.87   0.30   22.6430  0.3680  0.56    210    210    210
 29.000   13.5290  0.2740   1.28 225.44   2.79   0.26   20.9050  0.3320  0.73    205    205    205
 29.500   12.5440  0.2640   1.26 226.38   2.79   0.27   19.3020  0.3080  0.78    202    202    202
 30.000   11.6240  0.2490   1.32 227.19   2.85   0.39   17.8230  0.2870  0.91    199    199    199
     T A B L E  II -   3.  T H E R M O D Y N A M I C  S T A T I S T I C A L  P A R A M E T E R S
                                     March
 STATION =   913660     KWAJLEIN MISSILE RANGE
    Z      MEAN P   SD P   SKEWP  MEAN T  SD T  SKEWT    MEAN D   SD D  SKEWD  NOBSP  NOBST  NOBSD
    KM       MB       MB             K      K             G/M3    G/M3                           
  0.000 1020.0000  5.0000   0.00 290.00   5.00   0.00 1221.0000 25.0000  0.00    100    100    100
  0.004 1006.0440  5.9710   0.02 300.65   1.21   0.22 1153.2050  6.8680  0.37   1045   1045   1045
  0.500  955.7470  1.7800  -0.14 296.89   0.96   0.09 1112.3781  6.3680  0.59   1051   1051   1051
  1.000  902.4620  1.7170  -0.21 293.48   1.07   0.01 1063.7880  5.9750  0.37   1055   1055   1055
  1.500  851.8730  1.6640  -0.18 290.69   1.30  -0.12 1015.0120  5.8730  0.37   1057   1057   1057
  2.000  802.9810  1.5040  -0.16 288.65   1.14  -0.13  964.9020  4.7120  0.47   1059   1059   1059
  2.500  756.9290  1.4630  -0.20 286.61   1.16  -0.04  916.9590  3.8750  0.45   1059   1059   1059
  3.000  713.4500  1.4480  -0.29 284.49   1.35   0.12  871.3690  3.7280  0.21   1059   1059   1059
  3.500  671.4750  1.4370  -0.07 281.92   1.41   0.10  828.0320  3.6660  0.19   1057   1057   1057
  4.000  631.5070  1.4180   0.01 279.16   1.32  -0.03  786.7630  3.3300  0.41   1057   1057   1057
  4.500  593.8390  1.4070   0.06 276.40   1.25  -0.17  747.4580  3.0370  0.44   1057   1057   1057
  5.000  558.3350  1.3880   0.00 273.63   1.23  -0.18  710.0500  2.8520  0.33   1057   1057   1057
  5.500  524.8570  1.3750  -0.14 270.83   1.28  -0.18  674.5090  2.7670  0.19   1057   1057   1057
  6.000  493.0130  1.4100  -0.15 268.00   1.34  -0.14  640.3770  2.8320 -0.06   1052   1052   1052
  6.500  462.1980  1.3720  -0.14 265.06   1.29  -0.29  607.1230  2.5610 -0.07   1051   1051   1051
  7.000  433.2420  1.3800  -0.29 262.09   1.36  -0.47  575.6230  2.5110  0.18   1051   1051   1051
  7.500  406.0710  1.3890  -0.40 259.08   1.50  -0.39  545.8280  2.6080  0.17   1051   1051   1051
  8.000  379.8280  1.3860  -0.34 255.74   1.51  -0.37  517.2610  2.4360  0.23   1031   1031   1031
  8.500  354.9090  1.3770  -0.30 252.26   1.53  -0.47  490.0290  2.2350  0.27   1030   1030   1030
  9.000  331.5680  1.3780  -0.42 248.71   1.58  -0.42  464.3520  2.1250  0.16   1030   1030   1030
  9.500  309.7490  1.4000  -0.57 245.13   1.66  -0.27  440.1590  2.0950 -0.04   1030   1030   1030
 10.000  289.0430  1.4200  -0.52 241.32   1.68  -0.15  417.2400  2.0060 -0.17   1014   1014   1014
 10.500  269.0970  1.4150  -0.52 237.26   1.70  -0.11  395.1010  1.8760 -0.19   1012   1012   1012
 11.000  250.5110  1.3870  -0.59 233.18   1.76  -0.02  374.2510  1.8710 -0.25   1006   1006   1006
 11.500  232.4760  1.4310  -0.42 228.99   1.79   0.06  353.6800  1.7310 -0.47    997    997    997
 12.000  215.6390  1.4150  -0.37 224.77   1.82   0.19  334.2190  1.6840 -0.72    997    997    997
 12.500  200.0330  1.3980  -0.45 220.59   1.85   0.33  315.9160  1.7430 -0.97    988    988    988
 13.000  184.7540  1.4160  -0.20 216.46   1.84   0.51  297.3400  1.6260 -1.30    982    982    982
 13.500  170.5230  1.3910  -0.08 212.33   1.88   0.62  279.7780  1.5860 -1.53    982    982    982
 14.000  157.3880  1.3620  -0.03 208.22   1.96   0.75  263.3330  1.6630 -1.60    981    981    981
 14.500  145.0870  1.3900   0.14 204.48   1.93   0.93  247.1860  1.7150 -1.74    945    945    945
 15.000  133.1620  1.3030   0.28 201.19   1.99   0.88  230.5860  1.7660 -1.26    942    942    942
 15.500  122.2000  1.2430   0.43 197.98   2.23   0.81  215.0350  1.9960 -0.74    941    941    941
 16.000  112.1030  1.2040   0.49 194.88   2.52   0.62  200.4120  2.2400 -0.53    938    938    938
 16.500  102.8400  1.1510   0.49 192.03   2.84   0.55  186.5950  2.5500 -0.36    929    929    929
 17.000   94.2300  1.1360   0.53 191.56   2.79   0.59  171.3930  2.6610 -0.40    783    783    783
 17.500   86.2880  1.0820   0.61 192.52   3.09   0.47  156.1700  2.4840 -0.17    780    780    780
 18.000   79.0270  1.0320   0.71 194.04   3.30   0.67  141.9100  2.3560 -0.04    779    779    779
 18.500   72.3800  0.9900   0.78 195.96   3.64   0.52  128.7070  2.3940  0.10    779    779    779
 19.000   66.3010  0.8800   0.91 198.24   3.51   0.41  116.5410  2.2080  0.46    765    765    765
 19.500   60.9350  0.8340   0.99 200.73   3.29   0.48  105.7740  1.8480  0.41    764    764    764
 20.000   56.0170  0.7960   1.08 203.15   3.13   0.40   96.0730  1.5790  0.61    764    764    764
 20.500   51.4970  0.7640   1.18 205.59   3.24   0.18   87.2730  1.4700  0.68    763    763    763
 21.000   47.4780  0.7020   1.19 207.45   3.18   0.24   79.7410  1.2900  0.47    738    738    738
 21.500   43.7920  0.6620   1.21 209.02   2.96   0.27   72.9960  1.1020  0.29    734    734    734
 22.000   40.4070  0.6350   1.26 210.55   2.87   0.28   66.8620  0.9730  0.30    734    734    734
 22.500   37.2910  0.6050   1.32 212.07   2.88   0.28   61.2640  0.8770  0.26    734    734    734
 23.000   34.4150  0.5820   1.32 213.54   2.93   0.18   56.1470  0.8190  0.37    734    734    734
 23.500   31.7600  0.5610   1.31 215.01   3.06   0.10   51.4610  0.7950  0.35    734    734    734
 24.000   29.3840  0.5220   1.33 216.42   3.17   0.17   47.3020  0.7600  0.29    695    695    695
 24.500   27.1640  0.4820   1.37 217.53   2.90   0.17   43.5060  0.6700  0.44    678    678    678
 25.000   25.1350  0.4610   1.38 218.70   2.80   0.20   40.0380  0.6120  0.49    677    677    677
 25.500   23.2590  0.4430   1.36 219.90   2.73   0.22   36.8490  0.5740  0.58    675    675    675
 26.000   21.5220  0.4240   1.35 221.08   2.79   0.11   33.9150  0.5590  0.59    674    674    674
 26.500   20.0530  0.4090   1.37 222.63   2.92   0.09   31.3790  0.5290  0.75    452    452    452
 27.000   18.4620  0.3290   2.14 223.06   2.78   0.27   28.8340  0.4500  1.05    285    285    285
 27.500   17.0960  0.2430   0.80 223.99   2.54   0.13   26.5910  0.3540  0.52    275    275    275
 28.000   15.8580  0.2340   0.78 225.00   2.51   0.14   24.5530  0.3280  0.44    266    266    266
 28.500   14.7080  0.2220   0.92 225.96   2.52  -0.00   22.6760  0.3050  0.43    253    253    253
 29.000   13.6400  0.2150   0.91 226.99   2.57  -0.19   20.9350  0.2770  0.56    245    245    245
 29.500   12.6510  0.2070   0.89 228.01   2.65  -0.30   19.3300  0.2620  0.59    243    243    243
 30.000   11.7340  0.1990   0.83 229.02   2.70  -0.32   17.8490  0.2500  0.61    240    240    240
     T A B L E  II -   4.  T H E R M O D Y N A M I C  S T A T I S T I C A L  P A R A M E T E R S
                                     April
 STATION =   913660     KWAJLEIN MISSILE RANGE
    Z      MEAN P   SD P   SKEWP  MEAN T  SD T  SKEWT    MEAN D   SD D  SKEWD  NOBSP  NOBST  NOBSD
    KM       MB       MB             K      K             G/M3    G/M3                           
  0.000 1020.0000  5.0000   0.00 290.00   5.00   0.00 1221.0000 25.0000  0.00    100    100    100
  0.004 1006.5140  5.8160  -0.16 300.87   1.26   0.28 1152.4680  6.7140  0.14    960    960    960
  0.500  955.8650  1.2610  -0.22 297.16   0.98  -0.00 1111.4130  6.4390  0.81    972    972    972
  1.000  902.6290  1.2060  -0.19 293.88   0.98   0.09 1062.4821  5.4720  0.57    976    976    976
  1.500  852.1520  1.2240  -0.26 291.03   1.15   0.12 1014.0210  5.1970  0.31    978    978    978
  2.000  803.2770  1.1380  -0.10 288.78   1.07   0.01  964.5470  4.5040  0.64    982    982    982
  2.500  757.2370  1.1200  -0.07 286.55   1.08  -0.24  917.1400  3.7360  0.85    982    982    982
  3.000  713.7470  1.1310  -0.22 284.32   1.25   0.03  871.8530  3.3720  0.43    982    982    982
  3.500  671.7710  1.1660  -0.12 281.74   1.30   0.00  828.6590  3.3310  0.48    980    980    980
  4.000  631.7960  1.2240   0.06 278.99   1.24   0.05  787.3720  3.0260  0.55    980    980    980
  4.500  594.1200  1.2730   0.12 276.25   1.23   0.20  748.0410  2.8010  0.46    980    980    980
  5.000  558.5750  1.2610   0.03 273.48   1.23   0.03  710.5850  2.6040  0.44    980    980    980
  5.500  525.0530  1.2380  -0.13 270.70   1.25   0.03  674.9540  2.4480  0.21    980    980    980
  6.000  493.1330  1.2580  -0.20 267.87   1.28  -0.00  640.7300  2.4480  0.12    974    974    974
  6.500  462.3090  1.2580  -0.14 264.90   1.24  -0.23  607.5440  2.2080  0.50    974    974    974
  7.000  433.3380  1.2530  -0.18 261.91   1.28  -0.15  576.0620  2.1230  0.33    974    974    974
  7.500  406.1460  1.2680  -0.22 258.91   1.37  -0.10  546.2380  2.1820  0.15    974    974    974
  8.000  379.9020  1.2860  -0.16 255.58   1.35  -0.03  517.6390  1.9720 -0.01    958    958    958
  8.500  354.9740  1.2880  -0.06 252.10   1.32   0.06  490.4040  1.7660 -0.01    957    957    957
  9.000  331.6170  1.2820  -0.09 248.56   1.35   0.05  464.6830  1.6840 -0.01    957    957    957
  9.500  309.7770  1.2800  -0.13 244.97   1.41   0.10  440.4610  1.7150 -0.10    957    957    957
 10.000  289.0520  1.2850  -0.13 241.16   1.43   0.22  417.5210  1.6380 -0.19    937    937    937
 10.500  269.0920  1.2890  -0.13 237.10   1.45   0.28  395.3560  1.5390 -0.26    935    935    935
 11.000  250.4820  1.2500  -0.08 233.05   1.52   0.33  374.4200  1.5450 -0.35    922    922    922
 11.500  232.4400  1.2930   0.02 228.83   1.53   0.33  353.8650  1.4220 -0.37    913    913    913
 12.000  215.6020  1.2680   0.06 224.61   1.57   0.35  334.3980  1.3840 -0.67    912    912    912
 12.500  199.9950  1.2430  -0.01 220.40   1.65   0.38  316.1140  1.4560 -0.68    905    905    905
 13.000  184.7010  1.2770   0.10 216.22   1.68   0.38  297.5850  1.3820 -0.84    891    891    891
 13.500  170.4670  1.2510   0.15 212.06   1.78   0.37  280.0480  1.4150 -0.87    891    891    891
 14.000  157.3310  1.2260   0.14 207.93   1.92   0.39  263.5970  1.5570 -0.80    890    890    890
 14.500  145.0020  1.2560   0.24 204.24   1.93   0.53  247.3350  1.6560 -0.90    855    855    855
 15.000  133.0950  1.1920   0.27 201.09   1.97   0.57  230.5840  1.7160 -0.64    853    853    853
 15.500  122.1370  1.1520   0.31 198.04   2.16   0.57  214.8570  1.9070 -0.26    852    852    852
 16.000  112.0720  1.1220   0.30 195.11   2.42   0.54  200.1180  2.1320 -0.03    849    849    849
 16.500  102.8030  1.0910   0.24 192.35   2.69   0.63  186.2110  2.3510 -0.00    846    846    846
 17.000   94.2410  1.0580   0.29 191.98   2.80   0.38  171.0330  2.4510  0.12    709    709    709
 17.500   86.3220  1.0080   0.33 193.08   2.93   0.11  155.7690  2.2940  0.15    706    706    706
 18.000   79.0850  0.9570   0.39 194.69   2.90   0.29  141.5350  2.1470  0.07    705    705    705
 18.500   72.4590  0.9150   0.48 196.47   3.02   0.29  128.5010  2.1610  0.16    705    705    705
 19.000   66.4340  0.8400   0.61 198.84   2.95   0.29  116.4160  2.0230  0.16    686    686    686
 19.500   61.0810  0.7900   0.75 201.44   2.81   0.29  105.6490  1.7000  0.28    685    685    685
 20.000   56.1690  0.7500   0.86 204.04   2.81   0.25   95.9150  1.4640  0.18    685    685    685
 20.500   51.6570  0.7140   0.97 206.46   2.95   0.26   87.1730  1.3430  0.03    684    684    684
 21.000   47.6450  0.6590   1.02 208.27   2.90   0.46   79.7030  1.1850 -0.01    645    645    645
 21.500   43.9630  0.6340   1.11 209.81   2.78   0.49   73.0030  1.0340 -0.03    643    643    643
 22.000   40.5790  0.6060   1.17 211.37   2.68   0.58   66.8860  0.9150 -0.05    641    641    641
 22.500   37.4640  0.5830   1.23 212.95   2.68   0.53   61.2900  0.8330 -0.01    638    638    638
 23.000   34.5880  0.5580   1.26 214.47   2.65   0.46   56.1840  0.7830  0.05    637    637    637
 23.500   31.9330  0.5360   1.26 215.95   2.70   0.44   51.5160  0.7460  0.21    637    637    637
 24.000   29.5590  0.4940   1.33 217.38   2.86   0.44   47.3730  0.7240  0.21    593    593    593
 24.500   27.3510  0.4800   1.43 218.66   2.66   0.48   43.5770  0.6330  0.45    577    577    577
 25.000   25.3210  0.4580   1.46 219.96   2.60   0.34   40.1030  0.5740  0.57    575    575    575
 25.500   23.4470  0.4400   1.43 221.28   2.57   0.31   36.9140  0.5300  0.61    574    574    574
 26.000   21.7070  0.4230   1.44 222.61   2.67   0.17   33.9690  0.5070  0.64    574    574    574
 26.500   20.1740  0.4000   1.53 224.18   2.95  -0.02   31.3500  0.4800  0.82    470    470    470
 27.000   18.6160  0.4180   2.02 224.47   3.20   0.57   28.8910  0.4640  1.13    226    226    226
 27.500   17.2210  0.2980   1.50 225.25   2.69   0.20   26.6340  0.3600  0.80    215    215    215
 28.000   15.9810  0.2920   1.46 226.34   2.63   0.23   24.5960  0.3350  0.83    206    206    206
 28.500   14.8340  0.2830   1.40 227.33   2.61   0.22   22.7320  0.3120  1.03    201    201    201
 29.000   13.7700  0.2750   1.34 228.24   2.59   0.26   21.0170  0.2910  1.26    196    196    196
 29.500   12.7790  0.2670   1.30 229.23   2.61   0.19   19.4200  0.2770  1.39    193    193    193
 30.000   11.8610  0.2560   1.31 230.25   2.68   0.10   17.9440  0.2690  1.43    189    189    189
     T A B L E  II -   5.  T H E R M O D Y N A M I C  S T A T I S T I C A L  P A R A M E T E R S
                                       May
 STATION =   913660     KWAJLEIN MISSILE RANGE
    Z      MEAN P   SD P   SKEWP  MEAN T  SD T  SKEWT    MEAN D   SD D  SKEWD  NOBSP  NOBST  NOBSD
    KM       MB       MB             K      K             G/M3    G/M3                           
  0.000 1020.0000  5.0000   0.00 290.00   5.00   0.00 1221.0000 25.0000  0.00    100    100    100
  0.004 1006.1740  5.9380  -0.26 300.98   1.27   0.22 1151.3940  6.5110  0.23    983    983    983
  0.500  955.8980  1.3620  -0.32 297.40   0.87  -0.03 1110.3950  6.1650  0.82    990    990    990
  1.000  902.7240  1.3070  -0.20 294.21   0.88  -0.11 1061.2629  5.2970  0.58    994    994    994
  1.500  852.2990  1.3030  -0.21 291.44   1.05   0.08 1012.5890  4.8960  0.27    995    995    995
  2.000  803.4540  1.2240  -0.20 289.08   0.98  -0.07  963.3630  4.1270  0.42    995    995    995
  2.500  757.4500  1.2090  -0.30 286.70   0.99  -0.16  916.5170  3.5520  0.44    995    995    995
  3.000  713.9990  1.1910  -0.49 284.26   1.07  -0.14  871.9340  3.2910  0.22    995    995    995
  3.500  672.0010  1.1900  -0.45 281.59   1.08  -0.14  829.0170  3.1950  0.26    995    995    995
  4.000  632.0260  1.2330  -0.24 278.82   1.04  -0.16  787.8390  3.0190  0.34    995    995    995
  4.500  594.3300  1.2370  -0.17 276.03   1.06  -0.25  748.6210  2.9060  0.49    995    995    995
  5.000  558.7760  1.1850  -0.28 273.26   1.08  -0.27  711.1820  2.6630  0.47    995    995    995
  5.500  525.2330  1.1340  -0.47 270.49   1.13  -0.22  675.5250  2.4530  0.24    995    995    995
  6.000  493.2380  1.1340  -0.50 267.65   1.15  -0.11  641.2320  2.3870  0.06    988    988    988
  6.500  462.4110  1.1270  -0.52 264.73   1.12  -0.25  607.9690  2.1760  0.13    988    988    988
  7.000  433.4200  1.1160  -0.54 261.76   1.17  -0.31  576.4160  2.1070  0.21    987    987    987
  7.500  406.2110  1.1250  -0.55 258.76   1.28  -0.32  546.5720  2.1960  0.21    987    987    987
  8.000  379.9300  1.1400  -0.53 255.40   1.25  -0.29  518.0090  1.9940  0.27    972    972    972
  8.500  354.9840  1.1490  -0.46 251.88   1.26  -0.24  490.8160  1.8590  0.26    972    972    972
  9.000  331.6080  1.1560  -0.46 248.31   1.31  -0.19  465.1210  1.7630  0.09    972    972    972
  9.500  309.7450  1.1660  -0.45 244.68   1.37  -0.08  440.9310  1.7510 -0.17    972    972    972
 10.000  288.9830  1.1580  -0.41 240.85   1.42   0.01  417.9610  1.7140 -0.27    960    960    960
 10.500  269.0010  1.1590  -0.39 236.81   1.44   0.01  395.7090  1.5720 -0.26    957    957    957
 11.000  250.3840  1.1320  -0.38 232.77   1.50   0.08  374.7290  1.5250 -0.29    947    947    947
 11.500  232.3140  1.1740  -0.31 228.55   1.50   0.13  354.1020  1.3450 -0.40    933    933    933
 12.000  215.4680  1.1620  -0.27 224.32   1.52   0.16  334.6260  1.2710 -0.48    933    933    933
 12.500  199.8620  1.1590  -0.34 220.13   1.56   0.26  316.3030  1.3210 -0.54    915    915    915
 13.000  184.5510  1.1870  -0.17 215.99   1.56   0.34  297.6630  1.2440 -0.73    906    906    906
 13.500  170.3240  1.1650  -0.07 211.86   1.60   0.49  280.0690  1.2590 -0.87    905    905    905
 14.000  157.1930  1.1410  -0.02 207.76   1.68   0.62  263.5900  1.3930 -0.94    905    905    905
 14.500  144.8650  1.1340   0.00 204.15   1.67   0.73  247.2090  1.5270 -1.04    848    848    848
 15.000  133.0020  1.0740   0.10 201.19   1.88   0.45  230.3080  1.6720 -0.48    846    846    846
 15.500  122.0900  1.0290   0.20 198.37   2.15   0.30  214.4170  1.8790 -0.32    846    846    846
 16.000  112.0430  1.0110   0.24 195.76   2.37   0.42  199.4050  2.0540 -0.28    846    846    846
 16.500  102.7940  0.9940   0.27 193.45   2.55   0.61  185.1350  2.2270 -0.38    845    845    845
 17.000   94.2090  0.9760   0.25 193.27   2.63   0.44  169.8320  2.2850 -0.18    730    730    730
 17.500   86.3610  0.9280   0.34 194.64   2.74   0.22  154.5880  2.0370  0.00    726    726    726
 18.000   79.1780  0.8850   0.44 196.41   2.90   0.20  140.4540  1.9700  0.05    726    726    726
 18.500   72.5980  0.8440   0.55 198.36   3.09   0.22  127.5200  1.9400  0.13    726    726    726
 19.000   66.6090  0.7560   0.66 200.56   2.94   0.38  115.7170  1.7720  0.20    706    706    706
 19.500   61.2740  0.7210   0.75 202.81   2.67   0.41  105.2610  1.4500  0.09    704    704    704
 20.000   56.3760  0.6800   0.92 205.05   2.45   0.23   95.7870  1.2340  0.13    703    703    703
 20.500   51.8690  0.6520   1.00 207.25   2.46   0.18   87.1940  1.1490 -0.05    703    703    703
 21.000   47.8450  0.6100   0.97 209.04   2.48   0.23   79.7390  1.0940 -0.06    657    657    657
 21.500   44.1580  0.5730   0.99 210.54   2.38   0.27   73.0700  0.9730 -0.16    656    656    656
 22.000   40.7710  0.5400   1.11 211.99   2.32   0.34   67.0020  0.8580 -0.20    656    656    656
 22.500   37.6470  0.5120   1.22 213.40   2.25   0.38   61.4590  0.7580 -0.08    655    655    655
 23.000   34.7630  0.4850   1.27 214.85   2.29   0.34   56.3700  0.6970  0.06    655    655    655
 23.500   32.1010  0.4630   1.30 216.33   2.38   0.25   51.6950  0.6640  0.13    655    655    655
 24.000   29.7050  0.4300   1.27 217.79   2.49   0.30   47.5180  0.6420  0.08    614    614    614
 24.500   27.4910  0.4040   1.16 218.99   2.24   0.37   43.7340  0.5840  0.19    602    602    602
 25.000   25.4550  0.3830   1.21 220.29   2.19   0.35   40.2550  0.5330  0.22    599    599    599
 25.500   23.5730  0.3650   1.23 221.56   2.15   0.24   37.0670  0.4850  0.39    598    598    598
 26.000   21.8260  0.3480   1.24 222.80   2.25   0.11   34.1270  0.4590  0.47    598    598    598
 26.500   20.2490  0.3130   1.61 224.19   2.45   0.06   31.4650  0.4310  0.58    550    550    550
 27.000   18.7220  0.2680   1.76 224.70   2.48   0.37   29.0260  0.3610  0.44    231    231    231
 27.500   17.3600  0.2200   0.54 225.63   2.32  -0.01   26.8050  0.3080  0.33    227    227    227
 28.000   16.1110  0.2130   0.50 226.55   2.34  -0.19   24.7740  0.2760  0.45    221    221    221
 28.500   14.9560  0.2050   0.44 227.41   2.39  -0.34   22.9100  0.2490  0.55    217    217    217
 29.000   13.8800  0.1980   0.37 228.17   2.41  -0.59   21.1900  0.2280  0.61    212    212    212
 29.500   12.8820  0.1920   0.30 229.02   2.54  -0.68   19.5940  0.2190  0.62    210    210    210
 30.000   11.9530  0.1860   0.26 229.87   2.71  -0.74   18.1140  0.2130  0.66    207    207    207
     T A B L E  II -   6.  T H E R M O D Y N A M I C  S T A T I S T I C A L  P A R A M E T E R S
                                      June
 STATION =   913660     KWAJLEIN MISSILE RANGE
    Z      MEAN P   SD P   SKEWP  MEAN T  SD T  SKEWT    MEAN D   SD D  SKEWD  NOBSP  NOBST  NOBSD
    KM       MB       MB             K      K             G/M3    G/M3                           
  0.000 1020.0000  5.0000   0.00 290.00   5.00   0.00 1221.0000 25.0000  0.00    100    100    100
  0.004 1006.3130  5.6310  -0.17 301.01   1.22   0.09 1151.2350  6.8390  0.33    958    958    958
  0.500  955.5390  1.2490  -0.18 297.59   0.86  -0.13 1109.0530  6.3960  0.94    961    961    961
  1.000  902.4390  1.2020   0.06 294.39   0.85   0.04 1060.0649  5.3800  0.72    967    967    967
  1.500  852.0700  1.1910   0.00 291.52   0.98   0.10 1011.8100  4.7790  0.55    968    968    968
  2.000  803.2730  1.0780   0.02 289.09   0.95  -0.13  963.0590  4.2790  0.63    968    968    968
  2.500  757.2850  1.0360   0.03 286.67   0.99  -0.29  916.3760  3.8490  0.63    968    968    968
  3.000  713.8400  1.0120  -0.04 284.20   1.09  -0.35  871.9070  3.6250  0.53    968    968    968
  3.500  671.8650  1.0580   0.03 281.50   1.09  -0.34  829.1270  3.5450  0.49    968    968    968
  4.000  631.8780  1.1040   0.15 278.68   1.03  -0.24  788.0300  3.2810  0.46    968    968    968
  4.500  594.1740  1.1100   0.11 275.84   1.03  -0.14  748.9150  3.0880  0.40    968    968    968
  5.000  558.6070  1.0720   0.05 273.03   1.05  -0.07  711.5650  2.8110  0.31    968    968    968
  5.500  525.0350  1.0450  -0.30 270.22   1.11  -0.07  675.9300  2.5430  0.21    968    968    968
  6.000  493.0310  1.0510  -0.20 267.37   1.15  -0.01  641.6220  2.4700 -0.00    967    967    967
  6.500  462.2010  1.0400  -0.15 264.42   1.11  -0.06  608.3680  2.2080  0.01    967    967    967
  7.000  433.1770  1.0480  -0.19 261.44   1.15  -0.01  576.7810  2.0410 -0.12    966    966    966
  7.500  405.9360  1.0820  -0.23 258.41   1.27   0.12  546.9330  2.0710 -0.22    966    966    966
  8.000  379.6500  1.1120  -0.10 255.01   1.30   0.17  518.4000  2.0040 -0.11    956    956    956
  8.500  354.6660  1.1190  -0.02 251.46   1.31   0.21  491.1920  1.8110 -0.17    955    955    955
  9.000  331.2770  1.1430  -0.04 247.86   1.37   0.23  465.5020  1.7290 -0.18    955    955    955
  9.500  309.4080  1.1760  -0.10 244.21   1.47   0.27  441.2910  1.7460 -0.18    955    955    955
 10.000  288.6340  1.1780  -0.13 240.38   1.51   0.18  418.2750  1.7130 -0.23    936    936    936
 10.500  268.6290  1.2090  -0.14 236.33   1.53   0.25  395.9740  1.5450 -0.39    933    933    933
 11.000  250.0120  1.1920  -0.13 232.27   1.59   0.35  374.9820  1.5390 -0.51    911    911    911
 11.500  231.9140  1.2360  -0.00 228.01   1.57   0.35  354.3350  1.3220 -0.37    898    898    898
 12.000  215.0640  1.2190   0.02 223.76   1.59   0.30  334.8320  1.2490 -0.31    898    898    898
 12.500  199.4320  1.2480  -0.21 219.53   1.63   0.24  316.4750  1.3300 -0.94    885    885    885
 13.000  184.1000  1.2580  -0.02 215.38   1.62   0.20  297.7760  1.2590 -0.74    878    878    878
 13.500  169.8710  1.2320   0.02 211.26   1.65   0.22  280.1220  1.3000 -0.79    878    878    878
 14.000  156.7400  1.2140   0.03 207.17   1.70   0.39  263.5730  1.4530 -0.93    878    878    878
 14.500  144.4130  1.2180   0.12 203.72   1.67   0.42  246.9540  1.6350 -0.84    826    826    826
 15.000  132.6070  1.1370   0.19 201.05   1.97   0.13  229.7780  1.9040 -0.32    824    824    824
 15.500  121.7460  1.0770   0.25 198.58   2.36   0.19  213.6020  2.2530 -0.18    823    823    823
 16.000  111.7590  1.0390   0.29 196.40   2.66   0.29  198.2610  2.5230 -0.11    822    822    822
 16.500  102.5550  1.0170   0.29 194.65   2.88   0.33  183.5770  2.7730 -0.00    822    822    822
 17.000   93.9660  0.9770   0.39 195.24   2.84   0.31  167.6950  2.7240  0.11    729    729    729
 17.500   86.2170  0.9210   0.54 196.94   2.80   0.39  152.5360  2.2730 -0.17    728    728    728
 18.000   79.1240  0.8710   0.68 198.84   2.73   0.50  138.6450  1.9190 -0.41    728    728    728
 18.500   72.6150  0.8310   0.79 200.73   2.84   0.38  126.0380  1.7270 -0.24    728    728    728
 19.000   66.7380  0.7710   0.88 202.73   2.70   0.53  114.6920  1.5370 -0.10    708    708    708
 19.500   61.4360  0.7370   0.96 204.67   2.50   0.59  104.5810  1.3130 -0.16    706    706    706
 20.000   56.5610  0.6930   1.01 206.48   2.39   0.62   95.4360  1.1380 -0.05    705    705    705
 20.500   52.0730  0.6660   1.06 208.28   2.48   0.58   87.1010  1.0850 -0.11    705    705    705
 21.000   48.0550  0.6220   1.08 209.90   2.57   0.65   79.7630  1.0390 -0.09    662    662    662
 21.500   44.3550  0.5910   1.18 211.23   2.43   0.71   73.1570  0.9330 -0.05    660    660    660
 22.000   40.9570  0.5660   1.22 212.56   2.38   0.72   67.1280  0.8470 -0.10    660    660    660
 22.500   37.8290  0.5370   1.28 213.89   2.35   0.60   61.6150  0.7660  0.05    659    659    659
 23.000   34.9400  0.5110   1.31 215.22   2.35   0.54   56.5580  0.7030  0.30    658    658    658
 23.500   32.2700  0.4890   1.32 216.55   2.40   0.42   51.9150  0.6680  0.45    658    658    658
 24.000   29.8670  0.4560   1.35 218.00   2.52   0.30   47.7290  0.6560  0.42    599    599    599
 24.500   27.6470  0.4430   1.34 219.13   2.34   0.25   43.9520  0.6140  0.60    573    573    573
 25.000   25.5970  0.4210   1.38 220.30   2.30   0.22   40.4770  0.5650  0.65    572    572    572
 25.500   23.7040  0.4020   1.38 221.45   2.33   0.18   37.2890  0.5200  0.74    568    568    568
 26.000   21.9470  0.3850   1.38 222.58   2.46   0.17   34.3510  0.4930  0.77    568    568    568
 26.500   20.3580  0.3460   1.82 223.85   2.66   0.17   31.6840  0.4670  0.85    532    532    532
 27.000   18.8780  0.3710   1.83 224.65   2.68   0.41   29.2740  0.4750  1.25    206    206    206
 27.500   17.4670  0.2530   0.85 225.22   2.26  -0.01   27.0170  0.3600  0.88    197    197    197
 28.000   16.2090  0.2390   0.88 226.01   2.15  -0.07   24.9840  0.3300  0.92    194    194    194
 28.500   15.0440  0.2280   0.84 226.75   2.12  -0.10   23.1120  0.3080  1.00    191    191    191
 29.000   13.9610  0.2170   0.80 227.53   2.15  -0.18   21.3750  0.2890  0.97    188    188    188
 29.500   12.9530  0.2080   0.78 228.36   2.22  -0.19   19.7600  0.2730  0.91    185    185    185
 30.000   12.0200  0.2000   0.75 229.18   2.36  -0.21   18.2700  0.2640  0.81    184    184    184
     T A B L E  II -   7.  T H E R M O D Y N A M I C  S T A T I S T I C A L  P A R A M E T E R S
                                      July
 STATION =   913660     KWAJLEIN MISSILE RANGE
    Z      MEAN P   SD P   SKEWP  MEAN T  SD T  SKEWT    MEAN D   SD D  SKEWD  NOBSP  NOBST  NOBSD
    KM       MB       MB             K      K             G/M3    G/M3                           
  0.000 1020.0000  5.0000   0.00 290.00   5.00   0.00 1221.0000 25.0000  0.00    100    100    100
  0.004 1005.0490  5.4920   0.22 300.93   1.26  -0.03 1150.0640  6.9420  0.45   1013   1013   1013
  0.500  955.3070  1.1710  -0.10 297.61   0.88  -0.11 1108.1720  5.8690  1.07   1016   1016   1016
  1.000  902.2460  1.1370  -0.08 294.42   0.83  -0.07 1059.2290  4.8780  0.99   1019   1019   1019
  1.500  851.8800  1.1440  -0.09 291.53   0.95  -0.08 1011.1430  4.4420  0.74   1022   1022   1022
  2.000  803.0810  1.0280  -0.02 289.01   0.90  -0.29  962.4090  3.8950  0.85   1023   1023   1023
  2.500  757.1020  1.0110  -0.15 286.51   0.93  -0.42  916.0220  3.3920  0.74   1023   1023   1023
  3.000  713.6880  1.0270  -0.34 283.99   1.03  -0.40  871.8110  3.2140  0.59   1023   1023   1023
  3.500  671.6240  1.0250  -0.15 281.26   1.03  -0.38  829.0370  3.1240  0.54   1023   1023   1023
  4.000  631.5930  1.0230  -0.04 278.42   1.00  -0.48  787.9760  2.9490  0.65   1023   1023   1023
  4.500  593.8650  1.0310  -0.05 275.59   1.00  -0.48  748.8580  2.7940  0.66   1023   1023   1023
  5.000  558.2970  1.0140  -0.14 272.77   1.02  -0.43  711.5510  2.5160  0.49   1023   1023   1023
  5.500  524.7770  1.0320  -0.34 269.96   1.05  -0.27  676.0210  2.2800  0.10   1023   1023   1023
  6.000  492.7720  1.0770  -0.49 267.12   1.07  -0.12  641.7130  2.1910 -0.30   1021   1021   1021
  6.500  461.9020  1.0630  -0.48 264.18   1.07  -0.16  608.4160  2.0380 -0.25   1021   1021   1021
  7.000  432.8860  1.0790  -0.51 261.20   1.12  -0.16  576.8360  1.9620 -0.26   1021   1021   1021
  7.500  405.6720  1.1240  -0.60 258.19   1.25  -0.17  546.9800  2.0590 -0.14   1021   1021   1021
  8.000  379.3740  1.1160  -0.38 254.79   1.27  -0.11  518.4330  1.9650 -0.07   1006   1006   1006
  8.500  354.3910  1.1140  -0.32 251.24   1.29  -0.08  491.2200  1.8130 -0.09   1005   1005   1005
  9.000  331.0120  1.1310  -0.31 247.63   1.36  -0.07  465.5360  1.7400 -0.06   1005   1005   1005
  9.500  309.1660  1.1590  -0.31 244.01   1.45  -0.00  441.3030  1.7340  0.00   1004   1004   1004
 10.000  288.3880  1.1750  -0.29 240.18   1.50   0.06  418.2660  1.6870 -0.07    985    985    985
 10.500  268.4060  1.1910  -0.32 236.10   1.54   0.08  396.0170  1.5440 -0.09    969    969    969
 11.000  249.7980  1.1960  -0.34 232.01   1.61   0.11  375.0760  1.5020  0.06    947    947    947
 11.500  231.6850  1.2360  -0.24 227.73   1.63   0.09  354.4270  1.3350  0.25    942    942    942
 12.000  214.8350  1.2270  -0.19 223.44   1.68   0.05  334.9650  1.2960  0.42    942    942    942
 12.500  199.2130  1.2520  -0.26 219.18   1.75   0.05  316.6440  1.3360  0.33    925    925    925
 13.000  183.8550  1.2640  -0.09 215.00   1.74   0.08  297.9040  1.2270  0.03    919    919    919
 13.500  169.6330  1.2490  -0.07 210.85   1.79   0.14  280.2730  1.2890 -0.43    918    918    918
 14.000  156.5060  1.2400  -0.05 206.73   1.88   0.24  263.7410  1.4850 -0.93    918    918    918
 14.500  144.1910  1.2200   0.05 203.52   1.79   0.36  246.8250  1.6270 -1.05    867    867    867
 15.000  132.4110  1.1440   0.06 201.25   2.08  -0.06  229.2140  1.9370 -0.36    866    866    866
 15.500  121.5850  1.0870   0.06 199.14   2.48  -0.08  212.7160  2.3490 -0.06    865    865    865
 16.000  111.6320  1.0460   0.07 197.30   2.75   0.13  197.1360  2.6410  0.06    865    865    865
 16.500  102.4900  1.0080   0.11 195.85   2.99   0.28  182.3370  2.9530  0.13    863    863    863
 17.000   93.9270  0.9320   0.18 196.77   2.83   0.28  166.3280  2.8720  0.21    749    749    749
 17.500   86.2480  0.8620   0.26 198.70   2.57   0.38  151.2340  2.2940  0.05    747    747    747
 18.000   79.2040  0.8050   0.33 200.74   2.43   0.34  137.4640  1.8960 -0.02    747    747    747
 18.500   72.7360  0.7590   0.42 202.78   2.51   0.18  124.9710  1.6730  0.01    747    747    747
 19.000   66.9280  0.7070   0.48 204.51   2.46   0.23  114.0150  1.4460  0.12    725    725    725
 19.500   61.6360  0.6780   0.51 206.05   2.25   0.26  104.2150  1.2050  0.02    725    725    725
 20.000   56.7720  0.6470   0.55 207.60   2.23   0.25   95.2710  1.0580 -0.05    725    725    725
 20.500   52.2920  0.6180   0.61 209.13   2.37   0.19   87.1110  1.0010 -0.01    725    725    725
 21.000   48.2860  0.5750   0.61 210.53   2.38   0.28   79.9030  0.9420 -0.01    668    668    668
 21.500   44.5840  0.5580   0.66 211.69   2.25   0.35   73.3720  0.8280 -0.05    667    667    667
 22.000   41.1740  0.5320   0.71 212.86   2.21   0.37   67.3860  0.7400 -0.03    666    666    666
 22.500   38.0280  0.5100   0.76 214.06   2.21   0.35   61.8890  0.6770  0.01    664    664    664
 23.000   35.1230  0.4890   0.78 215.25   2.25   0.35   56.8460  0.6320  0.06    663    663    663
 23.500   32.4380  0.4690   0.80 216.43   2.32   0.30   52.2140  0.6020  0.19    663    663    663
 24.000   30.0140  0.4280   0.93 217.67   2.47   0.28   48.0360  0.5740  0.29    619    619    619
 24.500   27.7960  0.4160   0.86 218.67   2.31   0.36   44.2830  0.5330  0.35    589    589    589
 25.000   25.7290  0.3990   0.89 219.75   2.24   0.27   40.7890  0.4890  0.33    589    589    589
 25.500   23.8190  0.3810   0.90 220.81   2.22   0.17   37.5780  0.4610  0.32    588    588    588
 26.000   22.0490  0.3650   0.92 221.87   2.31   0.09   34.6200  0.4470  0.28    588    588    588
 26.500   20.4290  0.3340   1.23 223.01   2.45   0.14   31.9120  0.4330  0.37    573    573    573
 27.000   18.9650  0.3560   1.28 223.92   2.55   0.09   29.5050  0.4550  0.39    262    262    262
 27.500   17.5620  0.2740   0.58 224.50   2.28  -0.19   27.2520  0.3680  0.25    250    250    250
 28.000   16.2930  0.2620   0.55 225.22   2.21  -0.27   25.2020  0.3290  0.37    247    247    247
 28.500   15.1160  0.2500   0.53 225.96   2.25  -0.25   23.3040  0.3030  0.39    243    243    243
 29.000   14.0220  0.2400   0.49 226.71   2.32  -0.18   21.5470  0.2850  0.38    241    241    241
 29.500   13.0090  0.2290   0.52 227.45   2.40  -0.19   19.9240  0.2730  0.27    238    238    238
 30.000   12.0680  0.2190   0.49 228.16   2.49  -0.23   18.4260  0.2550  0.42    237    237    237
     T A B L E  II -   8.  T H E R M O D Y N A M I C  S T A T I S T I C A L  P A R A M E T E R S
                                    August
 STATION =   913660     KWAJLEIN MISSILE RANGE
    Z      MEAN P   SD P   SKEWP  MEAN T  SD T  SKEWT    MEAN D   SD D  SKEWD  NOBSP  NOBST  NOBSD
    KM       MB       MB             K      K             G/M3    G/M3                           
  0.000 1020.0000  5.0000   0.00 290.00   5.00   0.00 1221.0000 25.0000  0.00    100    100    100
  0.004 1005.0580  5.7330   0.13 301.00   1.35   0.01 1149.8810  7.3390  0.41   1020   1020   1020
  0.500  955.4150  1.2670  -0.18 297.66   0.92  -0.33 1107.7810  5.8680  1.16   1023   1023   1023
  1.000  902.3550  1.1710  -0.14 294.44   0.84  -0.28 1058.9709  4.8730  1.07   1025   1025   1025
  1.500  851.9920  1.1740  -0.21 291.53   0.94  -0.10 1010.9590  4.5190  0.69   1026   1026   1026
  2.000  803.1610  1.0840  -0.13 289.00   0.89  -0.11  962.4180  4.0200  0.61   1027   1027   1027
  2.500  757.1850  1.0370  -0.17 286.50   0.92  -0.13  916.0090  3.5030  0.44   1027   1027   1027
  3.000  713.7770  1.0090  -0.25 283.97   1.00  -0.17  871.8420  3.2840  0.32   1027   1027   1027
  3.500  671.7120  1.0460  -0.18 281.25   0.99  -0.05  828.9980  3.1350  0.36   1027   1027   1027
  4.000  631.6670  1.0900   0.01 278.45   0.96   0.02  787.8730  2.9640  0.50   1026   1026   1026
  4.500  593.9430  1.0920   0.02 275.64   0.94   0.07  748.7260  2.7950  0.49   1026   1026   1026
  5.000  558.3930  1.0410  -0.10 272.85   0.95   0.03  711.3850  2.5600  0.35   1026   1026   1026
  5.500  524.8800  0.9920  -0.22 270.08   0.99   0.06  675.7730  2.2860 -0.06   1026   1026   1026
  6.000  492.8820  1.0740  -0.33 267.26   1.02   0.09  641.4680  2.2980 -0.32   1024   1024   1024
  6.500  462.0330  1.0550  -0.25 264.34   1.01   0.03  608.1770  2.1320 -0.26   1024   1024   1024
  7.000  433.0330  1.0310  -0.23 261.40   1.07  -0.01  576.5840  2.0880 -0.23   1024   1024   1024
  7.500  405.8260  1.0320  -0.21 258.42   1.18   0.05  546.6950  2.1350 -0.25   1023   1023   1023
  8.000  379.5170  1.0590  -0.07 255.02   1.22   0.12  518.1610  2.0310 -0.25   1005   1005   1005
  8.500  354.5580  1.0550  -0.01 251.47   1.27   0.10  490.9920  1.9240 -0.21   1005   1005   1005
  9.000  331.1870  1.0570  -0.03 247.88   1.35   0.07  465.3110  1.8770 -0.17   1004   1004   1004
  9.500  309.3490  1.0740  -0.08 244.27   1.47   0.10  441.0900  1.8790 -0.20   1003   1003   1003
 10.000  288.5600  1.1070  -0.07 240.44   1.53   0.19  418.0610  1.8370 -0.27    981    981    981
 10.500  268.5760  1.1240  -0.05 236.34   1.58   0.22  395.8650  1.7370 -0.23    967    967    967
 11.000  249.9800  1.1150  -0.05 232.24   1.66   0.23  374.9750  1.7330 -0.06    951    951    951
 11.500  231.8760  1.1570   0.01 227.94   1.64   0.20  354.3940  1.4910 -0.04    945    945    945
 12.000  215.0200  1.1540   0.05 223.63   1.68   0.20  334.9640  1.3930 -0.03    945    945    945
 12.500  199.3950  1.1730  -0.02 219.35   1.74   0.19  316.6780  1.3960 -0.02    931    931    931
 13.000  184.0270  1.1880   0.09 215.17   1.74   0.26  297.9540  1.3020 -0.15    926    926    926
 13.500  169.8020  1.1740   0.13 211.01   1.77   0.33  280.3380  1.3120 -0.30    926    926    926
 14.000  156.6730  1.1640   0.16 206.87   1.87   0.35  263.8430  1.4480 -0.43    926    926    926
 14.500  144.3420  1.1560   0.12 203.62   1.71   0.44  246.9560  1.5070 -0.38    877    877    877
 15.000  132.5610  1.0940   0.17 201.40   1.92   0.13  229.3020  1.7700  0.28    874    874    874
 15.500  121.7290  1.0480   0.20 199.35   2.28   0.06  212.7370  2.1310  0.34    871    871    871
 16.000  111.7770  1.0140   0.22 197.50   2.65   0.15  197.1880  2.4370  0.27    871    871    871
 16.500  102.6250  0.9870   0.26 196.02   3.00   0.15  182.4160  2.7600  0.18    868    868    868
 17.000   93.9960  0.8950   0.32 196.87   2.72   0.11  166.3590  2.6570  0.36    733    733    733
 17.500   86.3120  0.8440   0.36 198.84   2.49   0.35  151.2380  2.1250  0.04    732    732    732
 18.000   79.2650  0.7980   0.42 200.82   2.44   0.33  137.5170  1.7820  0.02    732    732    732
 18.500   72.7980  0.7550   0.54 202.80   2.53   0.21  125.0660  1.6170  0.04    731    731    731
 19.000   67.0150  0.6950   0.73 204.51   2.53   0.40  114.1660  1.3990 -0.12    701    701    701
 19.500   61.7160  0.6720   0.77 205.99   2.39   0.41  104.3820  1.1490 -0.23    701    701    701
 20.000   56.8410  0.6480   0.80 207.46   2.32   0.47   95.4530  0.9540 -0.09    701    701    701
 20.500   52.3530  0.6290   0.81 208.92   2.40   0.40   87.3010  0.8830  0.05    701    701    701
 21.000   48.3210  0.5960   0.77 210.24   2.52   0.44   80.0720  0.8460  0.11    649    649    649
 21.500   44.6080  0.5840   0.87 211.38   2.41   0.46   73.5190  0.7580  0.06    648    648    648
 22.000   41.1890  0.5690   0.88 212.51   2.40   0.44   67.5210  0.7040 -0.13    645    645    645
 22.500   38.0360  0.5490   0.91 213.64   2.42   0.42   62.0240  0.6330 -0.06    644    644    644
 23.000   35.1240  0.5310   0.91 214.78   2.47   0.39   56.9690  0.5870  0.13    644    644    644
 23.500   32.4340  0.5130   0.91 215.90   2.56   0.38   52.3340  0.5660  0.22    644    644    644
 24.000   30.0030  0.4650   1.15 217.12   2.71   0.35   48.1410  0.5570  0.20    616    616    616
 24.500   27.7610  0.4350   1.00 217.96   2.43   0.24   44.3710  0.5200  0.24    582    582    582
 25.000   25.6890  0.4190   1.01 218.97   2.40   0.20   40.8700  0.4810  0.27    582    582    582
 25.500   23.7740  0.4030   1.01 219.99   2.43   0.19   37.6470  0.4550  0.33    582    582    582
 26.000   22.0000  0.3880   1.01 221.01   2.57   0.19   34.6770  0.4500  0.29    582    582    582
 26.500   20.3870  0.3540   1.31 222.15   2.74   0.37   31.9710  0.4430  0.31    557    557    557
 27.000   18.8930  0.3580   1.20 222.77   2.74   0.58   29.5450  0.4280  0.01    244    244    244
 27.500   17.4950  0.2980   0.69 223.42   2.45   0.31   27.2800  0.3790 -0.28    237    237    237
 28.000   16.2300  0.2820   0.73 224.22   2.36   0.28   25.2160  0.3450 -0.30    233    233    233
 28.500   15.0530  0.2680   0.77 224.98   2.29   0.27   23.3080  0.3120 -0.10    230    230    230
 29.000   13.9580  0.2570   0.79 225.75   2.26   0.16   21.5390  0.2960 -0.01    229    229    229
 29.500   12.9460  0.2440   0.81 226.54   2.30   0.11   19.9080  0.2790  0.27    227    227    227
 30.000   12.0010  0.2300   0.80 227.30   2.38   0.14   18.3920  0.2700  0.24    224    224    224
     T A B L E  II -   9.  T H E R M O D Y N A M I C  S T A T I S T I C A L  P A R A M E T E R S
                                 September
 STATION =   913660     KWAJLEIN MISSILE RANGE
    Z      MEAN P   SD P   SKEWP  MEAN T  SD T  SKEWT    MEAN D   SD D  SKEWD  NOBSP  NOBST  NOBSD
    KM       MB       MB             K      K             G/M3    G/M3                           
  0.000 1020.0000  5.0000   0.00 290.00   5.00   0.00 1221.0000 25.0000  0.00    100    100    100
  0.004 1006.2990  5.6600  -0.29 301.21   1.37   0.10 1150.4950  7.3340  0.35    977    977    977
  0.500  955.5000  1.3860  -0.56 297.77   0.94  -0.15 1108.4110  6.2380  0.85    982    982    982
  1.000  902.4220  1.3270  -0.60 294.50   0.85  -0.34 1059.6300  5.1840  0.85    982    982    982
  1.500  852.0730  1.3280  -0.60 291.54   0.92  -0.09 1011.6550  4.6570  0.51    984    984    984
  2.000  803.2820  1.2420  -0.45 288.97   0.90  -0.41  963.2020  4.3010  0.63    985    985    985
  2.500  757.2870  1.1930  -0.49 286.42   0.92  -0.54  916.8430  3.8160  0.58    986    986    986
  3.000  713.8490  1.1580  -0.71 283.84   1.00  -0.50  872.6900  3.4970  0.38    986    986    986
  3.500  671.7590  1.1650  -0.48 281.10   0.99  -0.45  829.8930  3.3250  0.32    986    986    986
  4.000  631.7490  1.2230  -0.12 278.28   0.98  -0.48  788.7620  3.1850  0.40    986    986    986
  4.500  594.0210  1.2360  -0.11 275.45   0.96  -0.44  749.5850  2.9730  0.39    986    986    986
  5.000  558.4310  1.1860  -0.27 272.65   0.97  -0.36  712.1680  2.6710  0.29    986    986    986
  5.500  524.8310  1.1080  -0.59 269.86   1.00  -0.31  676.4420  2.3270  0.07    986    986    986
  6.000  492.7780  1.1110  -0.59 267.02   1.03  -0.29  642.0520  2.2750 -0.11    982    982    982
  6.500  461.9380  1.1070  -0.49 264.07   1.03  -0.32  608.7650  2.0900 -0.03    982    982    982
  7.000  432.9000  1.0940  -0.54 261.12   1.06  -0.30  577.0840  1.9430 -0.04    982    982    982
  7.500  405.6480  1.0870  -0.56 258.11   1.16  -0.30  547.1470  1.9600 -0.05    982    982    982
  8.000  379.3370  1.1080  -0.53 254.72   1.18  -0.25  518.5580  1.8480 -0.17    966    966    966
  8.500  354.3730  1.1130  -0.46 251.18   1.20  -0.22  491.3230  1.7200 -0.23    966    966    966
  9.000  330.9870  1.1030  -0.47 247.58   1.25  -0.13  465.6130  1.6600 -0.29    966    966    966
  9.500  309.1200  1.1140  -0.48 243.95   1.33  -0.09  441.3600  1.6810 -0.19    965    965    965
 10.000  288.2970  1.1200  -0.54 240.08   1.39  -0.07  418.3080  1.6450 -0.25    953    953    953
 10.500  268.2980  1.1350  -0.55 235.98   1.44  -0.05  396.0590  1.5350 -0.28    946    946    946
 11.000  249.6710  1.1380  -0.62 231.87   1.51  -0.07  375.1090  1.5170 -0.04    927    927    927
 11.500  231.5450  1.1760  -0.50 227.57   1.50  -0.06  354.4600  1.3470 -0.20    916    916    916
 12.000  214.6930  1.1700  -0.52 223.27   1.52  -0.03  334.9890  1.3000 -0.57    916    916    916
 12.500  199.0620  1.1950  -0.63 219.00   1.55   0.05  316.6520  1.3750 -1.09    904    904    904
 13.000  183.7160  1.1950  -0.44 214.83   1.55   0.03  297.9180  1.3170 -1.37    900    900    900
 13.500  169.4900  1.1650  -0.36 210.67   1.62   0.05  280.2830  1.3770 -1.57    899    899    899
 14.000  156.3590  1.1420  -0.30 206.55   1.74   0.11  263.7220  1.5520 -1.57    899    899    899
 14.500  144.0420  1.1440  -0.31 203.31   1.70   0.37  246.8160  1.6970 -1.06    860    860    860
 15.000  132.2830  1.0780  -0.24 200.99   1.99   0.15  229.2930  1.9520 -0.06    858    858    858
 15.500  121.4840  1.0300  -0.17 198.87   2.42   0.09  212.8310  2.3380  0.18    856    856    856
 16.000  111.5410  0.9980  -0.10 197.07   2.72   0.20  197.2010  2.5350  0.19    855    855    855
 16.500  102.3840  0.9640  -0.01 195.78   2.94   0.30  182.2100  2.6840  0.11    851    851    851
 17.000   93.8210  0.8850   0.03 196.57   2.76   0.21  166.2960  2.4710  0.16    724    724    724
 17.500   86.1320  0.8440   0.11 198.26   2.61   0.24  151.3680  2.0290  0.10    723    723    723
 18.000   79.0890  0.8050   0.22 200.12   2.64   0.33  137.6970  1.7830 -0.05    723    723    723
 18.500   72.6210  0.7780   0.32 202.00   2.76   0.22  125.2570  1.6370  0.05    723    723    723
 19.000   66.7910  0.7080   0.38 203.71   2.68   0.28  114.2340  1.4540  0.17    704    704    704
 19.500   61.4940  0.6790   0.45 205.30   2.53   0.39  104.3570  1.2220 -0.04    703    703    703
 20.000   56.6250  0.6560   0.51 206.82   2.44   0.33   95.3840  1.0700 -0.03    701    701    701
 20.500   52.1450  0.6360   0.56 208.32   2.54   0.22   87.2070  1.0100 -0.11    701    701    701
 21.000   48.1300  0.6050   0.67 209.70   2.61   0.20   79.9610  0.9500 -0.09    673    673    673
 21.500   44.4230  0.5820   0.72 210.87   2.50   0.22   73.3940  0.8320 -0.14    673    673    673
 22.000   41.0140  0.5640   0.75 212.01   2.43   0.26   67.3940  0.7520 -0.13    673    673    673
 22.500   37.8730  0.5440   0.75 213.14   2.41   0.22   61.9010  0.6810  0.06    672    672    672
 23.000   34.9680  0.5260   0.76 214.30   2.49   0.22   56.8470  0.6360  0.11    672    672    672
 23.500   32.2860  0.5090   0.76 215.45   2.59   0.17   52.2060  0.6140  0.09    672    672    672
 24.000   29.8660  0.4690   0.82 216.65   2.78   0.14   48.0260  0.6060  0.06    633    633    633
 24.500   27.6400  0.4630   0.76 217.74   2.56   0.04   44.2230  0.5610  0.20    618    618    618
 25.000   25.5780  0.4410   0.75 218.86   2.50  -0.01   40.7130  0.5260  0.25    617    617    617
 25.500   23.6740  0.4230   0.74 219.96   2.48  -0.05   37.4940  0.5040  0.32    616    616    616
 26.000   21.9090  0.4080   0.74 221.08   2.58  -0.10   34.5240  0.4990  0.35    616    616    616
 26.500   20.3360  0.3570   1.11 222.49   2.68  -0.05   31.8420  0.4890  0.38    555    555    555
 27.000   18.8030  0.3470   1.35 222.74   2.65   0.25   29.4090  0.4650  0.45    237    237    237
 27.500   17.4110  0.2760   0.61 223.52   2.37   0.04   27.1360  0.3870  0.16    231    231    231
 28.000   16.1470  0.2620   0.60 224.35   2.27   0.02   25.0730  0.3470  0.38    227    227    227
 28.500   14.9730  0.2440   0.52 225.27   2.34   0.42   23.1560  0.3190  0.20    221    221    221
 29.000   13.8880  0.2340   0.49 226.13   2.31   0.39   21.3960  0.2970  0.32    220    220    220
 29.500   12.8810  0.2240   0.49 226.96   2.25   0.10   19.7710  0.2710  0.68    219    219    219
 30.000   11.9460  0.2150   0.48 227.82   2.30  -0.09   18.2660  0.2630  0.71    218    218    218
     T A B L E  II -  10.  T H E R M O D Y N A M I C  S T A T I S T I C A L  P A R A M E T E R S
                                   October
 STATION =   913660     KWAJLEIN MISSILE RANGE
    Z      MEAN P   SD P   SKEWP  MEAN T  SD T  SKEWT    MEAN D   SD D  SKEWD  NOBSP  NOBST  NOBSD
    KM       MB       MB             K      K             G/M3    G/M3                           
  0.000 1020.0000  5.0000   0.00 290.00   5.00   0.00 1221.0000 25.0000  0.00    100    100    100
  0.004 1005.1380  5.4250   0.02 301.18   1.37   0.05 1149.2590  7.1990  0.23    986    986    986
  0.500  955.0310  1.4360  -0.29 297.80   0.95   0.11 1107.0090  6.1170  0.89    993    993    993
  1.000  901.9870  1.3580  -0.29 294.57   0.88   0.18 1058.2260  5.0200  0.75    996    996    996
  1.500  851.6590  1.3750  -0.37 291.61   0.96   0.19 1010.4260  4.4930  0.44    998    998    998
  2.000  802.8390  1.2690  -0.38 289.04   0.91  -0.02  961.9640  3.9230  0.43    999    999    999
  2.500  756.8780  1.2370  -0.42 286.49   0.93  -0.32  915.7620  3.4780  0.43    999    999    999
  3.000  713.4880  1.2300  -0.47 283.92   1.03  -0.43  871.7370  3.3080  0.44    999    999    999
  3.500  671.4180  1.2190  -0.38 281.20   1.03  -0.34  828.9520  3.1930  0.33    999    999    999
  4.000  631.3860  1.2390  -0.25 278.40   0.99  -0.19  787.7590  2.9570  0.29    999    999    999
  4.500  593.6730  1.2270  -0.22 275.58   0.98  -0.10  748.6250  2.7890  0.29    999    999    999
  5.000  558.1180  1.2090  -0.32 272.79   0.99   0.06  711.2600  2.5410  0.16    999    999    999
  5.500  524.6080  1.1780  -0.36 269.99   1.04   0.07  675.7060  2.3610  0.01    999    999    999
  6.000  492.6360  1.1910  -0.26 267.17   1.07   0.10  641.4150  2.3420 -0.12    993    993    993
  6.500  461.7910  1.1680  -0.19 264.26   1.05   0.06  608.0770  2.1540 -0.14    993    993    993
  7.000  432.8010  1.1560  -0.14 261.31   1.09   0.05  576.4710  2.0520 -0.21    993    993    993
  7.500  405.5930  1.1570  -0.08 258.32   1.20   0.02  546.5940  2.1130 -0.17    993    993    993
  8.000  379.2880  1.1520  -0.13 254.91   1.23   0.03  518.0670  2.0110 -0.30    977    977    977
  8.500  354.3310  1.1390  -0.04 251.37   1.26   0.14  490.8750  1.8880 -0.36    977    977    977
  9.000  330.9630  1.1460   0.01 247.79   1.34   0.24  465.1700  1.8200 -0.46    977    977    977
  9.500  309.1260  1.1610   0.03 244.18   1.45   0.35  440.9310  1.8470 -0.50    977    977    977
 10.000  288.3500  1.1790   0.02 240.36   1.53   0.40  417.8990  1.8210 -0.61    961    961    961
 10.500  268.3750  1.1870   0.03 236.29   1.59   0.39  395.6550  1.7110 -0.59    961    961    961
 11.000  249.7810  1.1830   0.00 232.23   1.66   0.46  374.6910  1.6680 -0.66    952    952    952
 11.500  231.6840  1.2190   0.09 227.96   1.68   0.54  354.0730  1.4640 -0.79    947    947    947
 12.000  214.8490  1.2130   0.13 223.67   1.73   0.60  334.6410  1.3900 -0.82    947    947    947
 12.500  199.2390  1.2310   0.06 219.41   1.80   0.67  316.3430  1.4140 -0.94    933    933    933
 13.000  183.9130  1.2510   0.19 215.23   1.80   0.68  297.6840  1.2900 -0.92    931    931    931
 13.500  169.6900  1.2400   0.29 211.07   1.85   0.68  280.0830  1.3190 -0.83    930    930    930
 14.000  156.5690  1.2340   0.35 206.93   1.95   0.68  263.5860  1.4460 -0.85    929    929    929
 14.500  144.2610  1.2430   0.40 203.53   1.90   0.81  246.9250  1.5460 -0.70    877    877    877
 15.000  132.4340  1.1930   0.47 200.84   2.10   0.50  229.7210  1.7270 -0.21    873    873    873
 15.500  121.5660  1.1550   0.53 198.28   2.38   0.41  213.6010  2.0140 -0.13    872    872    872
 16.000  111.5670  1.1240   0.56 195.96   2.62   0.65  198.3570  2.1930 -0.33    872    872    872
 16.500  102.3810  1.1010   0.59 194.06   2.91   0.68  183.8180  2.5580 -0.14    869    869    869
 17.000   93.8700  1.0470   0.62 194.63   2.75   0.63  168.0440  2.4300 -0.00    733    733    733
 17.500   86.1000  1.0010   0.69 196.24   2.61   0.47  152.8660  2.0390 -0.07    732    732    732
 18.000   78.9840  0.9650   0.73 198.04   2.66   0.37  138.9540  1.8390 -0.10    729    729    729
 18.500   72.4560  0.9320   0.78 199.92   2.90   0.17  126.2730  1.7760  0.06    728    728    728
 19.000   66.5710  0.8590   0.79 201.89   2.85   0.30  114.8840  1.6010  0.17    707    707    707
 19.500   61.2520  0.8290   0.83 203.75   2.69   0.44  104.7360  1.3660  0.06    706    706    706
 20.000   56.3680  0.7990   0.88 205.55   2.63   0.36   95.5380  1.2140  0.03    706    706    706
 20.500   51.8730  0.7710   0.93 207.33   2.71   0.21   87.1660  1.1390  0.03    706    706    706
 21.000   47.8590  0.7280   0.91 208.88   2.69   0.36   79.8220  1.0460  0.04    668    668    668
 21.500   44.1550  0.6930   0.92 210.22   2.61   0.50   73.1730  0.9500  0.04    666    666    666
 22.000   40.7540  0.6690   0.94 211.57   2.61   0.60   67.1070  0.8660  0.07    665    665    665
 22.500   37.6230  0.6450   0.93 212.87   2.65   0.63   61.5730  0.7910  0.13    662    662    662
 23.000   34.7340  0.6190   0.93 214.16   2.73   0.61   56.5010  0.7400  0.18    662    662    662
 23.500   32.0650  0.5970   0.93 215.49   2.84   0.43   51.8380  0.7140  0.28    662    662    662
 24.000   29.6670  0.5540   0.99 216.86   3.04   0.44   47.6600  0.7150  0.07    620    620    620
 24.500   27.4480  0.5360   1.02 218.05   2.89   0.55   43.8530  0.6790  0.13    607    607    607
 25.000   25.4050  0.5120   1.04 219.32   2.84   0.54   40.3530  0.6420  0.09    604    604    604
 25.500   23.5150  0.4910   1.04 220.53   2.86   0.46   37.1460  0.6120  0.14    604    604    604
 26.000   21.7650  0.4720   1.05 221.75   2.95   0.23   34.1920  0.5960  0.16    602    602    602
 26.500   20.2400  0.4330   1.17 223.26   3.13   0.16   31.5820  0.5670  0.19    497    497    497
 27.000   18.6390  0.4010   1.53 223.55   3.06   0.25   29.0460  0.5300  0.43    239    239    239
 27.500   17.2550  0.3110   0.92 224.37   2.72  -0.03   26.7920  0.4380  0.14    224    224    224
 28.000   16.0070  0.3010   0.92 225.35   2.70   0.08   24.7460  0.4070  0.19    216    216    216
 28.500   14.8530  0.2890   0.89 226.44   2.73   0.07   22.8510  0.3790  0.33    211    211    211
 29.000   13.7770  0.2800   0.90 227.39   2.71   0.03   21.1070  0.3570  0.49    203    203    203
 29.500   12.7800  0.2680   0.89 228.36   2.74   0.01   19.4960  0.3370  0.59    201    201    201
 30.000   11.8560  0.2570   0.89 229.33   2.81  -0.04   18.0100  0.3230  0.66    198    198    198
     T A B L E  II -  11.  T H E R M O D Y N A M I C  S T A T I S T I C A L  P A R A M E T E R S
                                  November
 STATION =   913660     KWAJLEIN MISSILE RANGE
    Z      MEAN P   SD P   SKEWP  MEAN T  SD T  SKEWT    MEAN D   SD D  SKEWD  NOBSP  NOBST  NOBSD
    KM       MB       MB             K      K             G/M3    G/M3                           
  0.000 1020.0000  5.0000   0.00 290.00   5.00   0.00 1221.0000 25.0000  0.00    100    100    100
  0.004 1005.8200  5.0660  -0.13 301.15   1.33   0.05 1150.1210  7.2670  0.25    906    906    906
  0.500  954.5330  1.5320  -0.17 297.67   0.97   0.01 1107.2340  6.7570  0.88    910    910    910
  1.000  901.5020  1.4410  -0.17 294.43   0.91   0.04 1058.4310  5.6740  0.82    910    910    910
  1.500  851.1320  1.4350  -0.23 291.57   1.00   0.20 1010.2990  5.1000  0.60    911    911    911
  2.000  802.4170  1.3250  -0.21 289.11   0.97  -0.08  961.6100  4.4250  0.64    912    912    912
  2.500  756.4900  1.2940  -0.32 286.67   1.01  -0.34  915.0860  3.8600  0.71    912    912    912
  3.000  713.1080  1.2730  -0.44 284.19   1.10  -0.29  870.7700  3.4680  0.53    912    912    912
  3.500  671.1320  1.2990  -0.24 281.50   1.13  -0.10  828.0020  3.4100  0.55    912    912    912
  4.000  631.1730  1.3080  -0.22 278.70   1.11  -0.09  786.9440  3.2600  0.64    912    912    912
  4.500  593.5250  1.3080  -0.21 275.90   1.11  -0.08  747.8330  3.0860  0.67    912    912    912
  5.000  558.0050  1.2700  -0.32 273.13   1.12   0.01  710.4650  2.7420  0.39    911    911    911
  5.500  524.5050  1.2220  -0.41 270.35   1.16   0.04  674.8520  2.5380  0.16    911    911    911
  6.000  492.5790  1.2700  -0.24 267.51   1.20   0.13  640.6640  2.5190  0.09    909    909    909
  6.500  461.7570  1.2470  -0.22 264.53   1.18   0.14  607.4940  2.3490  0.12    909    909    909
  7.000  432.7790  1.2380  -0.19 261.54   1.23   0.05  576.0160  2.3100  0.16    909    909    909
  7.500  405.5930  1.2410  -0.14 258.49   1.35   0.01  546.2730  2.3920  0.11    909    909    909
  8.000  379.3020  1.2450  -0.01 255.10   1.40   0.06  517.7460  2.3300  0.18    896    896    896
  8.500  354.3610  1.2370   0.09 251.57   1.44   0.13  490.5390  2.1910  0.25    896    896    896
  9.000  331.0080  1.2410   0.15 248.01   1.49   0.16  464.8290  2.0660  0.23    896    896    896
  9.500  309.1840  1.2560   0.14 244.43   1.59   0.15  440.5750  2.0480  0.18    896    896    896
 10.000  288.4210  1.2550   0.17 240.64   1.65   0.22  417.5080  2.0010  0.10    883    883    883
 10.500  268.4500  1.2790   0.17 236.61   1.70   0.28  395.2260  1.8200 -0.23    882    882    882
 11.000  249.8730  1.2730   0.17 232.57   1.77   0.39  374.2890  1.7980 -0.54    878    878    878
 11.500  231.8110  1.3150   0.27 228.35   1.79   0.48  353.6630  1.6400 -0.78    875    875    875
 12.000  214.9890  1.3120   0.29 224.11   1.84   0.56  334.1990  1.5620 -1.03    874    874    874
 12.500  199.4010  1.3180   0.23 219.91   1.89   0.67  315.8830  1.5570 -1.14    860    860    860
 13.000  184.1040  1.3320   0.32 215.76   1.87   0.68  297.2600  1.4350 -1.01    854    854    854
 13.500  169.8860  1.3240   0.39 211.63   1.90   0.64  279.6570  1.4080 -0.91    854    854    854
 14.000  156.7720  1.3150   0.40 207.51   2.00   0.56  263.1970  1.5440 -0.71    854    854    854
 14.500  144.4580  1.3350   0.45 203.92   2.00   0.58  246.7900  1.6570 -0.58    818    818    818
 15.000  132.6050  1.2690   0.53 200.85   2.14   0.58  230.0070  1.7190 -0.28    816    816    816
 15.500  121.7020  1.2220   0.58 197.88   2.38   0.62  214.2640  1.9270 -0.23    815    815    815
 16.000  111.6700  1.1940   0.63 195.11   2.64   0.80  199.4080  2.1300 -0.38    814    814    814
 16.500  102.4460  1.1590   0.72 192.58   2.94   0.96  185.3490  2.4420 -0.48    811    811    811
 17.000   93.9280  1.1310   0.69 192.66   2.89   0.98  169.8660  2.4530 -0.17    695    695    695
 17.500   86.0690  1.0820   0.75 193.98   3.01   0.53  154.5950  2.2760  0.03    692    692    692
 18.000   78.8850  1.0310   0.83 195.66   3.13   0.59  140.4780  2.1890  0.16    691    691    691
 18.500   72.2910  0.9960   0.84 197.45   3.44   0.46  127.5730  2.2130  0.22    691    691    691
 19.000   66.2500  0.8810   0.85 199.63   3.23   0.28  115.6300  1.9210  0.35    677    677    677
 19.500   60.9160  0.8490   0.87 201.96   2.98   0.38  105.0890  1.5410  0.27    676    676    676
 20.000   56.0180  0.8110   0.85 204.20   2.85   0.48   95.5740  1.3220  0.22    675    675    675
 20.500   51.5210  0.7770   0.92 206.45   2.82   0.47   86.9450  1.2110  0.19    674    674    674
 21.000   47.5370  0.7310   0.95 208.26   2.79   0.49   79.5230  1.1050  0.18    646    646    646
 21.500   43.8650  0.7000   0.99 209.80   2.69   0.54   72.8410  0.9980  0.13    646    646    646
 22.000   40.4890  0.6690   1.00 211.27   2.63   0.53   66.7670  0.9100  0.08    645    645    645
 22.500   37.3750  0.6420   1.01 212.76   2.63   0.52   61.1980  0.8420  0.13    644    644    644
 23.000   34.5020  0.6160   0.99 214.23   2.66   0.50   56.1060  0.7930  0.14    644    644    644
 23.500   31.8500  0.5920   0.98 215.69   2.79   0.42   51.4420  0.7650  0.19    644    644    644
 24.000   29.4800  0.5560   0.87 217.21   3.02   0.46   47.2840  0.7490  0.05    589    589    589
 24.500   27.2770  0.5310   0.91 218.47   2.84   0.48   43.4970  0.6870  0.11    579    579    579
 25.000   25.2500  0.5070   0.92 219.84   2.90   0.51   40.0140  0.6420  0.06    579    579    579
 25.500   23.3780  0.4880   0.91 221.16   2.94   0.31   36.8250  0.6020  0.12    577    577    577
 26.000   21.6420  0.4690   0.91 222.48   3.08   0.10   33.8880  0.5740  0.21    576    576    576
 26.500   20.1480  0.4390   0.90 224.23   3.19  -0.09   31.3020  0.5510  0.19    446    446    446
 27.000   18.4930  0.3680   1.38 224.06   3.19   0.20   28.7540  0.4980  0.15    208    208    208
 27.500   17.1360  0.2950   0.14 224.92   2.89   0.11   26.5430  0.4370  0.09    199    199    199
 28.000   15.8930  0.2850   0.17 225.94   2.74  -0.01   24.5070  0.4070  0.01    185    185    185
 28.500   14.7400  0.2690   0.04 226.92   2.74   0.09   22.6290  0.3730 -0.07    175    175    175
 29.000   13.6750  0.2630   0.10 227.76   2.63   0.03   20.9160  0.3440  0.08    164    164    164
 29.500   12.6850  0.2520   0.11 228.68   2.55  -0.28   19.3230  0.3240  0.02    161    161    161
 30.000   11.7650  0.2410   0.13 229.64   2.66  -0.27   17.8470  0.3100 -0.02    157    157    157
     T A B L E  II -  12.  T H E R M O D Y N A M I C  S T A T I S T I C A L  P A R A M E T E R S
                                  December
 STATION =   913660     KWAJLEIN MISSILE RANGE
    Z      MEAN P   SD P   SKEWP  MEAN T  SD T  SKEWT    MEAN D   SD D  SKEWD  NOBSP  NOBST  NOBSD
    KM       MB       MB             K      K             G/M3    G/M3                           
  0.000 1020.0000  5.0000   0.00 290.00   5.00   0.00 1221.0000 25.0000  0.00    100    100    100
  0.004 1005.6610  5.1240  -0.51 300.86   1.13   0.30 1151.5520  6.4250  0.10    930    930    930
  0.500  954.4590  1.5150  -0.61 297.30   0.92   0.26 1109.9960  6.5480  0.47    935    935    935
  1.000  901.3750  1.4810  -0.26 294.02   1.00   0.03 1061.0660  5.7950  0.32    938    938    938
  1.500  850.9380  1.4530  -0.21 291.23   1.25  -0.18 1012.4750  5.3790  0.18    938    938    938
  2.000  802.2370  1.3420  -0.38 289.07   1.09  -0.06  962.8480  4.3950  0.21    938    938    938
  2.500  756.3020  1.3320  -0.44 286.88   1.08  -0.21  915.4000  3.6390  0.44    938    938    938
  3.000  712.9210  1.3230  -0.49 284.64   1.24  -0.25  870.2310  3.5890  0.44    938    938    938
  3.500  671.0620  1.3090  -0.37 282.06   1.25  -0.12  827.1640  3.4340  0.27    938    938    938
  4.000  631.2460  1.3550  -0.28 279.28   1.23  -0.10  786.1410  3.3100  0.37    938    938    938
  4.500  593.6640  1.3640  -0.26 276.53   1.20  -0.18  746.9120  3.0700  0.44    938    938    938
  5.000  558.1670  1.3250  -0.32 273.76   1.17  -0.14  709.5340  2.7880  0.30    938    938    938
  5.500  524.6540  1.2750  -0.42 270.98   1.21  -0.10  673.9150  2.6210  0.00    938    938    938
  6.000  492.7480  1.2270  -0.19 268.14   1.26  -0.05  639.6860  2.6890 -0.05    934    934    934
  6.500  461.9910  1.2050  -0.13 265.14   1.23  -0.20  606.6610  2.5250  0.19    934    934    934
  7.000  433.0460  1.2010  -0.13 262.10   1.27  -0.26  575.3170  2.4100  0.19    933    933    933
  7.500  405.8750  1.2170  -0.14 259.03   1.37  -0.10  545.6660  2.4340 -0.02    933    933    933
  8.000  379.6410  1.2260  -0.10 255.66   1.40  -0.08  517.1730  2.3020 -0.09    922    922    922
  8.500  354.7430  1.2340  -0.03 252.19   1.44  -0.08  489.9410  2.1420 -0.14    922    922    922
  9.000  331.4060  1.2350   0.01 248.64   1.53   0.00  464.2730  2.0850 -0.27    922    922    922
  9.500  309.5810  1.2480   0.03 245.01   1.64   0.14  440.1270  2.0800 -0.34    921    921    921
 10.000  288.8600  1.2560   0.05 241.21   1.73   0.26  417.1620  2.0230 -0.36    911    911    911
 10.500  268.9240  1.2740   0.06 237.20   1.77   0.25  394.9450  1.8840 -0.29    910    910    910
 11.000  250.3150  1.2690   0.11 233.20   1.83   0.26  373.9380  1.7690 -0.25    907    907    907
 11.500  232.2980  1.3370   0.11 229.03   1.84   0.30  353.3480  1.5490 -0.35    901    901    901
 12.000  215.4770  1.3350   0.08 224.83   1.86   0.30  333.8840  1.4610 -0.51    901    901    901
 12.500  199.8900  1.3270   0.02 220.65   1.91   0.31  315.5960  1.4700 -0.68    891    891    891
 13.000  184.6240  1.3670   0.12 216.48   1.97   0.33  297.1100  1.3900 -0.77    884    884    884
 13.500  170.4060  1.3660   0.18 212.35   2.03   0.43  279.5700  1.3560 -0.93    883    883    883
 14.000  157.2790  1.3510   0.21 208.21   2.12   0.48  263.1580  1.4500 -0.88    883    883    883
 14.500  144.9710  1.3720   0.17 204.38   2.09   0.58  247.1090  1.5250 -0.71    844    844    844
 15.000  133.0740  1.3180   0.25 200.88   2.21   0.57  230.7830  1.6110 -0.21    837    837    837
 15.500  122.1090  1.2830   0.28 197.42   2.42   0.56  215.4800  1.8040 -0.24    836    836    836
 16.000  112.0320  1.2620   0.33 194.14   2.67   0.61  201.0520  1.9890 -0.37    834    834    834
 16.500  102.7240  1.2330   0.41 191.14   2.96   0.62  187.2410  2.2150 -0.50    829    829    829
 17.000   94.1530  1.2070   0.47 190.46   3.06   0.30  172.2360  2.4180 -0.38    737    737    737
 17.500   86.1720  1.1560   0.55 191.30   3.41  -0.14  156.9570  2.5190 -0.20    733    733    733
 18.000   78.8990  1.1080   0.63 192.99   3.54   0.05  142.4500  2.5060 -0.23    732    732    732
 18.500   72.2400  1.0670   0.69 195.26   3.78   0.26  128.9230  2.5990 -0.09    732    732    732
 19.000   66.1440  0.9660   0.80 197.97   3.77   0.24  116.4270  2.4220  0.16    699    699    699
 19.500   60.7940  0.9240   0.84 200.79   3.57   0.39  105.4980  1.9500  0.14    699    699    699
 20.000   55.8940  0.8890   0.91 203.29   3.38   0.51   95.7950  1.5360  0.09    698    698    698
 20.500   51.3920  0.8560   0.99 205.70   3.36   0.42   87.0440  1.3040  0.16    696    696    696
 21.000   47.4030  0.8260   0.93 207.71   3.37   0.38   79.5100  1.2070  0.14    658    658    658
 21.500   43.7360  0.7810   0.92 209.35   3.23   0.36   72.7850  1.1170  0.04    657    657    657
 22.000   40.3710  0.7460   0.96 210.96   3.09   0.45   66.6690  1.0220  0.04    657    657    657
 22.500   37.2680  0.7120   0.99 212.53   2.97   0.45   61.0900  0.9540  0.07    657    657    657
 23.000   34.4070  0.6810   1.02 214.03   2.88   0.50   56.0060  0.8960  0.17    657    657    657
 23.500   31.7610  0.6530   1.03 215.51   2.87   0.51   51.3430  0.8680  0.23    657    657    657
 24.000   29.3900  0.6260   0.93 216.94   2.96   0.58   47.1950  0.8490  0.21    600    600    600
 24.500   27.1700  0.5840   0.95 218.02   2.70   0.59   43.4150  0.7880  0.38    584    584    584
 25.000   25.1480  0.5510   0.99 219.18   2.63   0.47   39.9710  0.7210  0.38    583    583    583
 25.500   23.2770  0.5250   1.01 220.27   2.58   0.30   36.8140  0.6730  0.36    583    583    583
 26.000   21.5430  0.5010   1.02 221.35   2.71   0.29   33.9040  0.6420  0.33    583    583    583
 26.500   20.1310  0.5080   0.59 223.23   2.97   0.24   31.4150  0.6460  0.15    349    349    349
 27.000   18.4150  0.3850   1.12 223.33   2.91   0.67   28.7260  0.5260  0.29    182    182    182
 27.500   17.0500  0.3230   0.44 224.07   2.56  -0.10   26.5090  0.4660  0.29    174    174    174
 28.000   15.8200  0.3060   0.48 224.98   2.58  -0.05   24.4960  0.4200  0.39    168    168    168
 28.500   14.6690  0.2870   0.53 225.72   2.59   0.00   22.6390  0.3690  0.38    159    159    159
 29.000   13.6020  0.2700   0.51 226.54   2.65  -0.01   20.9160  0.3400  0.45    151    151    151
 29.500   12.6110  0.2580   0.52 227.30   2.65  -0.09   19.3280  0.3200  0.44    144    144    144
 30.000   11.6920  0.2440   0.55 228.20   2.73  -0.15   17.8480  0.3000  0.40    142    142    142
     T A B L E  II -  13.  T H E R M O D Y N A M I C  S T A T I S T I C A L  P A R A M E T E R S
                                    Annual
 STATION =   913660     KWAJLEIN MISSILE RANGE
    Z      MEAN P   SD P   SKEWP  MEAN T  SD T  SKEWT    MEAN D   SD D  SKEWD  NOBSP  NOBST  NOBSD
    KM       MB       MB             K      K             G/M3    G/M3                           
  0.000 1020.0000  5.0000   0.00 290.00   5.00   0.00 1221.0000 25.0000  0.00    100    100    100
  0.004 1005.8210  5.6310  -0.07 300.89   1.29   0.17 1151.4720  7.0960  0.28  11712  11712  11712
  0.500  955.3250  1.5210  -0.24 297.36   1.01  -0.08 1109.7550  6.6270  0.73  11779  11779  11779
  1.000  902.1760  1.4450  -0.26 294.09   1.04  -0.29 1060.9080  5.8560  0.65  11812  11812  11812
  1.500  851.7380  1.4370  -0.31 291.23   1.20  -0.37 1012.5500  5.4530  0.59  11834  11834  11834
  2.000  802.9300  1.3190  -0.31 288.94   1.05  -0.15  963.2590  4.4630  0.58  11846  11846  11846
  2.500  756.9380  1.2840  -0.36 286.63   1.06  -0.07  916.2040  3.7470  0.53  11847  11847  11847
  3.000  713.5060  1.2670  -0.47 284.28   1.21   0.05  871.4120  3.5690  0.31  11847  11847  11847
  3.500  671.5220  1.2680  -0.33 281.63   1.24   0.13  828.4270  3.4920  0.25  11843  11843  11843
  4.000  631.5530  1.2830  -0.17 278.83   1.20   0.12  787.2790  3.2620  0.33  11842  11842  11842
  4.500  593.8710  1.2830  -0.11 276.04   1.19   0.10  748.0920  3.0790  0.33  11842  11842  11842
  5.000  558.3370  1.2470  -0.18 273.24   1.19   0.08  710.7320  2.8520  0.19  11841  11841  11841
  5.500  524.8230  1.2090  -0.31 270.45   1.23   0.10  675.1350  2.6900 -0.07  11841  11841  11841
  6.000  492.8860  1.2230  -0.26 267.62   1.26   0.14  640.8940  2.6730 -0.26  11789  11789  11789
  6.500  462.0670  1.2020  -0.21 264.67   1.23   0.06  607.6580  2.4390 -0.18  11787  11787  11787
  7.000  433.0830  1.1950  -0.21 261.70   1.27   0.01  576.1210  2.3290 -0.16  11783  11783  11783
  7.500  405.8850  1.2060  -0.23 258.69   1.38  -0.01  546.3090  2.3670 -0.14  11782  11782  11782
  8.000  379.6190  1.2210  -0.15 255.31   1.40   0.02  517.7740  2.2290 -0.13  11608  11608  11608
  8.500  354.6760  1.2240  -0.07 251.79   1.43   0.03  490.5810  2.0680 -0.12  11603  11603  11603
  9.000  331.3150  1.2270  -0.09 248.21   1.49   0.05  464.9050  1.9760 -0.16  11602  11602  11602
  9.500  309.4780  1.2420  -0.12 244.60   1.57   0.10  440.7130  1.9620 -0.20  11598  11598  11598
 10.000  288.7250  1.2580  -0.09 240.77   1.63   0.17  417.7290  1.9020 -0.27  11420  11420  11420
 10.500  268.7580  1.2720  -0.09 236.71   1.67   0.19  395.5170  1.7650 -0.31  11369  11369  11369
 11.000  250.1590  1.2570  -0.11 232.65   1.73   0.23  374.5780  1.7290 -0.31  11236  11236  11236
 11.500  232.0870  1.3110  -0.01 228.42   1.76   0.27  353.9680  1.5500 -0.38  11148  11148  11148
 12.000  215.2480  1.3030   0.01 224.18   1.81   0.30  334.4990  1.4830 -0.49  11146  11146  11146
 12.500  199.6390  1.3090  -0.07 219.96   1.87   0.34  316.1920  1.5080 -0.61  11005  11005  11005
 13.000  184.3290  1.3420   0.07 215.80   1.88   0.37  297.5720  1.3890 -0.69  10928  10928  10928
 13.500  170.1020  1.3280   0.14 211.65   1.94   0.43  279.9860  1.3820 -0.81  10923  10923  10923
 14.000  156.9730  1.3130   0.16 207.53   2.03   0.47  263.5120  1.4940 -0.90  10920  10920  10920
 14.500  144.6560  1.3270   0.22 203.97   1.93   0.61  247.0660  1.5860 -0.91  10403  10403  10403
 15.000  132.7970  1.2510   0.29 201.04   2.06   0.41  230.1240  1.8460 -0.43  10372  10372  10372
 15.500  121.8930  1.1930   0.35 198.23   2.42   0.36  214.2350  2.2850 -0.34  10357  10357  10357
 16.000  111.8630  1.1520   0.38 195.61   2.87   0.41  199.2480  2.7130 -0.33  10342  10342  10342
 16.500  102.6330  1.1120   0.40 193.31   3.43   0.39  185.0050  3.2080 -0.29  10303  10303  10303
 17.000   94.0620  1.0700   0.46 193.38   3.74   0.21  169.5040  3.4660 -0.13   8852   8852   8852
 17.500   86.2210  1.0120   0.49 194.75   4.07  -0.06  154.2900  3.2150  0.08   8825   8825   8825
 18.000   79.0480  0.9690   0.50 196.49   4.24  -0.10  140.2010  2.9040  0.21   8817   8817   8817
 18.500   72.4720  0.9410   0.50 198.42   4.38  -0.12  127.2890  2.6390  0.34   8812   8812   8812
 19.000   66.5000  0.8880   0.46 200.58   4.08  -0.09  115.5320  2.1400  0.47   8566   8566   8566
 19.500   61.1670  0.8630   0.47 202.76   3.63  -0.04  105.1120  1.6570  0.38   8557   8557   8557
 20.000   56.2730  0.8390   0.49 204.87   3.31  -0.02   95.6990  1.3430  0.30   8551   8551   8551
 20.500   51.7710  0.8190   0.50 206.94   3.18  -0.04   87.1630  1.2170  0.16   8545   8545   8545
 21.000   47.7580  0.7760   0.49 208.61   3.12   0.06   79.7600  1.1240  0.02   8067   8067   8067
 21.500   44.0670  0.7420   0.51 210.02   2.93   0.10   73.0990  1.0130 -0.09   8050   8050   8050
 22.000   40.6760  0.7120   0.54 211.42   2.82   0.17   67.0250  0.9310 -0.13   8040   8040   8040
 22.500   37.5510  0.6820   0.56 212.81   2.76   0.20   61.4730  0.8690 -0.14   8027   8027   8027
 23.000   34.6660  0.6530   0.57 214.17   2.76   0.20   56.3880  0.8280 -0.11   8023   8023   8023
 23.500   32.0020  0.6280   0.58 215.54   2.83   0.15   51.7260  0.8090 -0.07   8023   8023   8023
 24.000   29.6160  0.5830   0.56 216.92   2.95   0.20   47.5650  0.7850 -0.10   7443   7443   7443
 24.500   27.3960  0.5590   0.58 218.02   2.76   0.21   43.7750  0.7350  0.01   7238   7238   7238
 25.000   25.3550  0.5310   0.61 219.20   2.72   0.20   40.2950  0.6850  0.04   7225   7225   7225
 25.500   23.4690  0.5070   0.61 220.37   2.72   0.15   37.1000  0.6470  0.09   7210   7210   7210
 26.000   21.7210  0.4840   0.62 221.54   2.84   0.07   34.1560  0.6230  0.13   7206   7206   7206
 26.500   20.2240  0.4300   0.70 223.08   2.98   0.05   31.5830  0.5730  0.15   5718   5718   5718
 27.000   18.6250  0.4250   0.95 223.36   2.99   0.28   29.0500  0.5610  0.30   2797   2797   2797
 27.500   17.2470  0.3520   0.33 224.13   2.73   0.03   26.8070  0.4910  0.11   2696   2696   2696
 28.000   16.0000  0.3360   0.32 225.03   2.69   0.05   24.7690  0.4580  0.12   2618   2618   2618
 28.500   14.8440  0.3190   0.33 225.92   2.70   0.06   22.8900  0.4250  0.16   2543   2543   2543
 29.000   13.7710  0.3050   0.32 226.77   2.69   0.03   21.1560  0.3980  0.22   2476   2476   2476
 29.500   12.7740  0.2910   0.32 227.65   2.73  -0.02   19.5480  0.3760  0.26   2442   2442   2442
 30.000   11.8480  0.2770   0.32 228.52   2.83  -0.03   18.0610  0.3600  0.28   2411   2411   2411
