      72269      32.94N  106.42W
     T A B L E  II -   1.  T H E R M O D Y N A M I C  S T A T I S T I C A L  P A R A M E T E R S
                                   January
 Station =   72269      White Sands Missile Range
    Z      MEAN P   SD P   SKEWP  MEAN T  SD T  SKEWT    MEAN D   SD D  SKEWD  NOBSP  NOBST  NOBSD
    KM       MB       MB             K      K             G/M3    G/M3                           
  0.000 1020.0000  5.0000   0.00 290.00   5.00   0.00 1221.0000 25.0000  0.00    100    100    100
  1.219  878.7360  5.5610  -0.56 278.95   6.80  -0.03 1096.1090 29.3100  0.15    530    530    530
  1.500  851.6240  4.7610  -0.57 279.09   4.96  -0.31 1061.5439 21.2540  0.35    588    588    588
  2.000  801.1930  4.4270  -0.38 276.84   4.44  -0.30 1006.8260 16.7240  0.29    654    654    654
  2.500  753.1930  4.3480  -0.39 274.42   4.35  -0.33  955.0000 13.9890  0.31    654    654    654
  3.000  707.6590  4.4530  -0.38 272.00   4.45  -0.41  905.5310 12.2450  0.42    654    654    654
  3.500  664.5030  4.6520  -0.39 269.48   4.50  -0.36  858.4660 10.8370  0.34    654    654    654
  4.000  623.5950  4.8730  -0.40 266.71   4.49  -0.32  814.1070  9.6330  0.28    653    653    653
  4.500  584.7690  5.0630  -0.40 263.65   4.44  -0.39  772.3640  8.6330  0.32    652    652    652
  5.000  548.0080  5.2510  -0.43 260.37   4.44  -0.47  732.9880  7.8310  0.28    640    640    640
  5.500  513.1790  5.4980  -0.46 257.10   4.51  -0.61  695.1580  7.0840  0.30    600    600    600
  6.000  479.9960  5.6380  -0.48 253.54   4.51  -0.60  659.3880  6.3970  0.18    595    595    595
  6.500  448.6150  5.7640  -0.50 249.95   4.56  -0.51  625.1740  5.8010  0.07    589    589    589
  7.000  418.8370  5.8590  -0.51 246.39   4.61  -0.38  592.1380  5.5800 -0.04    585    585    585
  7.500  390.5420  5.9920  -0.49 242.69   4.50  -0.22  560.5770  5.3620 -0.20    549    549    549
  8.000  363.7960  5.9820  -0.47 239.07   4.21  -0.06  530.1080  5.5630 -0.43    509    509    509
  8.500  338.5530  5.8780  -0.44 235.57   3.94   0.15  500.6670  6.3990 -0.96    501    501    501
  9.000  314.8130  5.6800  -0.40 232.13   3.71   0.33  472.4850  7.3160 -1.27    489    489    489
  9.500  292.5480  5.4670  -0.36 228.88   3.72   0.46  445.3360  8.4110 -1.41    469    469    469
 10.000  271.4250  5.1830  -0.27 225.82   3.95   0.85  418.8240  9.5790 -1.36    462    462    462
 10.500  251.6450  4.8310  -0.18 223.07   4.32   1.09  393.1390 10.4670 -1.14    454    454    454
 11.000  233.0740  4.4650  -0.08 220.91   4.78   0.99  367.7310 11.0890 -0.86    442    442    442
 11.500  215.7020  4.0730   0.01 219.13   5.09   0.74  343.1260 11.2090 -0.56    431    431    431
 12.000  199.5260  3.6750   0.09 217.93   5.19   0.46  319.1670 10.7640 -0.25    427    427    427
 12.500  184.5990  3.2950   0.15 217.07   5.14   0.10  296.4520  9.8960  0.03    414    414    414
 13.000  170.6950  2.9690   0.17 216.52   4.67  -0.19  274.7930  8.6470  0.22    399    399    399
 13.500  157.7960  2.6780   0.21 215.88   4.07  -0.30  254.7520  7.3680  0.22    388    388    388
 14.000  145.8680  2.3980   0.26 214.68   3.62  -0.19  236.7900  6.3730  0.15    367    367    367
 14.500  134.7460  2.2060   0.28 213.34   3.57  -0.23  220.1110  6.0850  0.17    342    342    342
 15.000  124.4150  1.9790   0.27 211.92   3.58  -0.11  204.6040  5.6760  0.17    330    330    330
 15.500  114.7880  1.7710   0.26 210.42   3.70   0.03  190.1210  5.4000  0.12    326    326    326
 16.000  105.8880  1.5450   0.28 209.09   3.80   0.04  176.5080  5.0520  0.18    307    307    307
 16.500   97.7180  1.3200   0.26 207.90   3.77   0.06  163.8120  4.5440  0.21    254    254    254
 17.000   90.0290  1.1490   0.21 207.12   3.76   0.23  151.4930  4.0600  0.09    247    247    247
 17.500   82.9200  1.0080   0.18 206.73   3.78   0.41  139.7890  3.6630  0.05    231    231    231
 18.000   76.3990  0.8830   0.12 206.55   3.81   0.26  128.9090  3.3140  0.09    219    219    219
 18.500   70.3520  0.7450   0.33 206.92   3.67   0.11  118.4880  2.8550  0.23    192    192    192
 19.000   64.8330  0.6670   0.20 207.07   3.35  -0.09  109.1070  2.3800  0.39    166    166    166
 19.500   59.7240  0.6040   0.10 207.20   3.47  -0.16  100.4460  2.0830  0.37    162    162    162
 20.000   55.0520  0.5470   0.06 207.79   3.63  -0.15   92.3240  1.7830  0.36    158    158    158
 20.500   50.7470  0.5050  -0.04 208.51   3.66  -0.55   84.8100  1.5490  0.66    152    152    152
 21.000   46.7490  0.4850  -0.07 209.51   3.55  -0.56   77.7480  1.3170  0.44    148    148    148
 21.500   43.1350  0.4670  -0.14 210.67   3.29  -0.53   71.3420  1.0660  0.14    143    143    143
 22.000   39.8220  0.4620  -0.18 211.49   3.33  -0.76   65.6060  0.8950  0.04    140    140    140
 22.500   36.7220  0.4450  -0.23 211.97   3.56  -0.54   60.3600  0.8030  0.14    140    140    140
 23.000   33.9200  0.4480  -0.29 212.50   3.55  -0.63   55.6140  0.6850 -0.16    137    137    137
 23.500   31.3380  0.4450  -0.35 212.96   3.66  -0.75   51.2690  0.6310 -0.25    137    137    137
 24.000   28.9140  0.4330  -0.35 213.57   3.80  -0.72   47.1700  0.6020 -0.46    136    136    136
 24.500   26.7290  0.4310  -0.42 214.36   3.77  -0.65   43.4440  0.5650 -0.50    132    132    132
 25.000   24.7130  0.4270  -0.49 215.00   3.57  -0.59   40.0460  0.5410 -0.40    129    129    129
 25.500   22.8230  0.4060  -0.54 215.68   3.13  -0.66   36.8650  0.4430 -0.02    127    127    127
 26.000   21.1210  0.3890  -0.60 216.41   2.99  -0.58   34.0010  0.4070  0.14    126    126    126
 26.500   19.5010  0.3780  -0.62 217.18   2.96  -0.27   31.2800  0.4190 -0.18    123    123    123
 27.000   18.0520  0.3690  -0.59 217.97   2.77  -0.45   28.8510  0.4140 -0.34    119    119    119
 27.500   16.7250  0.3540  -0.60 218.74   2.69  -0.23   26.6360  0.4640 -0.38    116    116    116
 28.000   15.4520  0.3340  -0.65 219.43   2.73  -0.23   24.5330  0.4960 -0.60    113    113    113
 28.500   14.3230  0.3200  -0.61 219.82   2.68  -0.45   22.7000  0.4860 -0.91    109    109    109
 29.000   13.2860  0.2960  -0.57 220.71   2.96  -0.42   20.9720  0.4740 -1.23    108    108    108
 29.500   12.2900  0.2700  -0.46 221.69   3.24  -0.18   19.3150  0.4440 -1.29    105    105    105
 30.000   11.4000  0.2450  -0.29 222.44   3.53  -0.24   17.8570  0.4110 -1.10     90     90     90
     T A B L E  II -   2.  T H E R M O D Y N A M I C  S T A T I S T I C A L  P A R A M E T E R S
                                  February
 Station =   72269      White Sands Missile Range
    Z      MEAN P   SD P   SKEWP  MEAN T  SD T  SKEWT    MEAN D   SD D  SKEWD  NOBSP  NOBST  NOBSD
    KM       MB       MB             K      K             G/M3    G/M3                           
  0.000 1020.0000  5.0000   0.00 290.00   5.00   0.00 1221.0000 25.0000  0.00    100    100    100
  1.219  878.4240  5.4780  -0.03 280.08   6.93  -0.01 1091.3621 29.9860  0.08    689    689    689
  1.500  851.0280  4.6800  -0.23 280.34   5.47  -0.30 1056.2250 23.0710  0.51    762    762    762
  2.000  800.6320  4.4860  -0.22 277.95   4.83  -0.06 1002.2280 17.9920  0.31    883    883    883
  2.500  752.8210  4.3850  -0.26 275.25   4.43   0.01  951.7060 14.1940  0.26    883    883    883
  3.000  707.4190  4.4870  -0.27 272.53   4.35  -0.12  903.4230 11.7610  0.29    883    883    883
  3.500  664.3290  4.6790  -0.26 269.67   4.23  -0.14  857.5680  9.7740  0.23    883    883    883
  4.000  623.4580  4.8890  -0.26 266.70   4.17  -0.16  813.9190  8.3710  0.19    881    881    881
  4.500  584.6260  5.0830  -0.26 263.62   4.06  -0.15  772.2460  7.1670  0.04    880    880    880
  5.000  547.8120  5.3120  -0.26 260.40   4.12  -0.27  732.6360  6.5350  0.03    842    842    842
  5.500  513.0200  5.4260  -0.31 257.05   4.21  -0.35  695.1060  6.2780 -0.07    822    822    822
  6.000  479.8890  5.5500  -0.35 253.57   4.26  -0.40  659.1900  5.8610 -0.17    810    810    810
  6.500  448.4350  5.6200  -0.37 249.98   4.20  -0.43  624.8530  5.4050 -0.22    793    793    793
  7.000  418.6650  5.6660  -0.39 246.29   4.15  -0.41  592.1260  5.0870 -0.40    788    788    788
  7.500  390.5010  5.7220  -0.41 242.58   4.16  -0.32  560.7610  4.9340 -0.64    772    772    772
  8.000  363.7340  5.6830  -0.41 238.78   4.07  -0.18  530.6560  5.0070 -0.73    741    741    741
  8.500  338.4940  5.6190  -0.41 235.13   4.06   0.03  501.5220  5.6540 -1.20    732    732    732
  9.000  314.7060  5.5230  -0.39 231.62   3.91   0.09  473.3550  6.1700 -1.21    726    726    726
  9.500  292.2420  5.4070  -0.36 228.29   3.67   0.14  445.9900  6.9620 -1.13    705    705    705
 10.000  271.1050  5.1630  -0.31 225.29   3.65   0.46  419.2650  8.3050 -1.15    704    704    704
 10.500  251.2750  4.8700  -0.25 222.68   3.90   0.65  393.2050  9.4210 -1.01    696    696    696
 11.000  232.7170  4.5350  -0.20 220.59   4.58   0.62  367.6730 10.5380 -0.71    689    689    689
 11.500  215.3620  4.1650  -0.16 219.28   5.29   0.42  342.3610 11.2830 -0.33    685    685    685
 12.000  199.2630  3.7860  -0.14 218.47   5.56   0.19  317.9780 11.0200 -0.04    676    676    676
 12.500  184.2930  3.4470  -0.13 217.75   5.36  -0.11  295.0460 10.0580  0.24    660    660    660
 13.000  170.4000  3.1190  -0.13 217.11   4.74  -0.46  273.5780  8.7770  0.37    654    654    654
 13.500  157.5430  2.8240  -0.12 216.07   4.18  -0.83  254.1280  7.6280  0.35    648    648    648
 14.000  145.5840  2.5530  -0.11 214.75   3.83  -0.73  236.2710  6.8500  0.16    624    624    624
 14.500  134.5070  2.3090  -0.10 213.31   3.58  -0.29  219.7580  6.2440 -0.02    590    590    590
 15.000  124.1690  2.0560  -0.09 211.81   3.45  -0.05  204.2980  5.7220 -0.10    581    581    581
 15.500  114.5340  1.8020  -0.06 210.32   3.49   0.03  189.7810  5.2640 -0.09    569    569    569
 16.000  105.5950  1.5860  -0.02 209.02   3.47   0.16  176.0630  4.7790 -0.13    542    542    542
 16.500   97.3280  1.4160   0.01 208.02   3.56   0.35  163.0580  4.3970 -0.17    486    486    486
 17.000   89.6580  1.2600   0.02 207.36   3.74   0.44  150.6930  4.0710 -0.15    470    470    470
 17.500   82.6150  1.1150  -0.00 206.97   3.75   0.21  139.1160  3.7480  0.03    462    462    462
 18.000   76.1130  0.9740  -0.02 206.89   3.87  -0.01  128.2210  3.4450  0.13    452    452    452
 18.500   70.1030  0.8530   0.00 207.12   3.81  -0.23  117.9640  3.0860  0.25    410    410    410
 19.000   64.5950  0.7460   0.00 207.21   3.82  -0.42  108.6470  2.7610  0.29    390    390    390
 19.500   59.4990  0.6560  -0.01 207.28   3.62  -0.39  100.0340  2.3440  0.23    383    383    383
 20.000   54.8240  0.5880   0.08 208.01   3.54  -0.31   91.8460  1.9720  0.22    377    377    377
 20.500   50.5520  0.5410   0.10 208.74   3.28  -0.51   84.3900  1.6250  0.35    367    367    367
 21.000   46.5840  0.4960   0.15 209.52   3.04  -0.58   77.4720  1.3740  0.41    363    363    363
 21.500   42.9810  0.4640   0.22 210.25   2.84  -0.47   71.2260  1.1000  0.22    353    353    353
 22.000   39.6650  0.4500   0.23 210.94   2.84  -0.57   65.5160  0.9390  0.25    340    340    340
 22.500   36.5790  0.4250   0.26 211.73   2.65  -0.49   60.1930  0.8200  0.08    336    336    336
 23.000   33.7840  0.4060   0.30 212.33   2.59  -0.50   55.4330  0.7030 -0.06    334    334    334
 23.500   31.2130  0.3930   0.24 212.96   2.63  -0.42   51.0620  0.6560 -0.11    331    331    331
 24.000   28.8010  0.3710   0.24 213.77   2.63  -0.56   46.9380  0.6300 -0.14    326    326    326
 24.500   26.6220  0.3570   0.19 214.47   2.57  -0.44   43.2450  0.5900 -0.17    320    320    320
 25.000   24.6220  0.3410   0.24 215.31   2.64  -0.07   39.8420  0.5640 -0.37    312    312    312
 25.500   22.7250  0.3250   0.20 216.04   2.65  -0.09   36.6470  0.5420 -0.42    306    306    306
 26.000   21.0290  0.3040   0.13 216.68   2.68  -0.04   33.8130  0.5000 -0.23    303    303    303
 26.500   19.4180  0.2900   0.12 217.37   2.76   0.08   31.1220  0.4920 -0.06    303    303    303
 27.000   17.9880  0.2740   0.05 218.17   2.52   0.19   28.7250  0.4490  0.03    299    299    299
 27.500   16.6620  0.2620   0.03 218.90   2.59   0.40   26.5180  0.4240 -0.05    294    294    294
 28.000   15.3890  0.2460  -0.06 219.79   2.71   0.59   24.3930  0.4280 -0.02    291    291    291
 28.500   14.2650  0.2380  -0.06 220.63   2.78   0.52   22.5270  0.4250  0.03    284    284    284
 29.000   13.2330  0.2190  -0.04 221.69   3.02   0.41   20.7980  0.4010  0.10    270    270    270
 29.500   12.2350  0.2030  -0.08 222.66   3.06   0.49   19.1460  0.3920 -0.07    259    259    259
 30.000   11.3570  0.2030  -0.08 223.66   3.20   0.51   17.6920  0.3860 -0.13    239    239    239
     T A B L E  II -   3.  T H E R M O D Y N A M I C  S T A T I S T I C A L  P A R A M E T E R S
                                     March
 Station =   72269      White Sands Missile Range
    Z      MEAN P   SD P   SKEWP  MEAN T  SD T  SKEWT    MEAN D   SD D  SKEWD  NOBSP  NOBST  NOBSD
    KM       MB       MB             K      K             G/M3    G/M3                           
  0.000 1020.0000  5.0000   0.00 290.00   5.00   0.00 1221.0000 25.0000  0.00    100    100    100
  1.219  876.9280  5.5760  -0.04 283.65   7.20   0.02 1075.8380 30.3610  0.16    722    722    722
  1.500  850.3280  4.8320   0.23 283.80   5.21  -0.33 1042.4050 22.2700  0.62    808    808    808
  2.000  800.5350  4.4280  -0.10 280.89   4.66  -0.23  991.5600 17.8810  0.56    935    935    935
  2.500  753.1710  4.2050  -0.35 277.55   4.41  -0.32  944.2060 15.0360  0.68    935    935    935
  3.000  708.0600  4.1690  -0.48 274.18   4.21  -0.46  898.7250 12.6980  0.88    935    935    935
  3.500  665.1600  4.2250  -0.52 271.01   4.05  -0.63  854.3870 10.7740  1.09    935    935    935
  4.000  624.4160  4.3340  -0.53 267.78   4.00  -0.62  811.8750  9.5000  1.08    935    935    935
  4.500  585.6570  4.4600  -0.52 264.51   3.96  -0.57  771.0210  8.4870  0.96    933    933    933
  5.000  548.9050  4.6180  -0.49 261.30   3.94  -0.68  731.6130  7.6210  0.97    893    893    893
  5.500  514.0910  4.7360  -0.52 257.93   3.77  -0.62  694.1970  6.4950  0.57    878    878    878
  6.000  480.9770  4.8120  -0.53 254.32   3.73  -0.59  658.7290  5.9170  0.25    870    870    870
  6.500  449.7240  4.8550  -0.57 250.81   3.71  -0.61  624.5850  5.5240 -0.23    829    829    829
  7.000  419.9850  4.8890  -0.58 247.09   3.78  -0.56  592.0790  5.3810 -0.60    824    824    824
  7.500  391.8220  4.8900  -0.59 243.42   3.76  -0.42  560.7240  5.2610 -0.75    811    811    811
  8.000  365.2590  4.7900  -0.57 239.77   3.65  -0.32  530.6770  5.2520 -1.03    778    778    778
  8.500  340.0030  4.7550  -0.53 236.01   3.58  -0.10  501.8660  5.4320 -1.42    771    771    771
  9.000  316.1640  4.6650  -0.49 232.34   3.47   0.28  474.0720  5.7600 -1.78    770    770    770
  9.500  293.6850  4.5270  -0.45 228.77   3.35   0.56  447.2460  6.2810 -1.80    758    758    758
 10.000  272.4560  4.3470  -0.37 225.35   3.34   0.74  421.2280  6.9090 -1.65    752    752    752
 10.500  252.5230  4.1360  -0.29 222.31   3.54   0.87  395.7880  7.9320 -1.47    745    745    745
 11.000  233.8280  3.8760  -0.19 219.82   4.01   0.93  370.6880  9.0770 -1.17    737    737    737
 11.500  216.3260  3.5460  -0.09 217.98   4.64   0.70  345.9000 10.0000 -0.75    733    733    733
 12.000  200.0810  3.1590   0.04 216.84   5.17   0.40  321.6630 10.1700 -0.34    720    720    720
 12.500  184.9820  2.8170   0.11 216.29   5.28  -0.00  298.1430  9.5630  0.08    704    704    704
 13.000  170.9510  2.5150   0.14 216.06   4.64  -0.34  275.7870  8.0480  0.32    692    692    692
 13.500  157.9910  2.2660   0.14 215.48   3.78  -0.30  255.5240  6.4790  0.24    683    683    683
 14.000  145.9590  2.0520   0.13 214.58   3.26  -0.38  237.0350  5.5590  0.30    656    656    656
 14.500  134.8270  1.8500   0.10 213.19   3.13  -0.36  220.3750  5.0910  0.27    635    635    635
 15.000  124.4660  1.6590   0.06 211.69   3.13  -0.13  204.8830  4.7830  0.21    625    625    625
 15.500  114.8430  1.4700   0.06 210.49   3.18   0.05  190.1270  4.4740  0.17    610    610    610
 16.000  105.9300  1.2990   0.02 209.48   3.28   0.12  176.2240  4.2120  0.13    587    587    587
 16.500   97.6570  1.1460  -0.02 208.54   3.64   0.18  163.2030  4.1050  0.04    533    533    533
 17.000   89.9760  1.0050  -0.06 207.81   3.78   0.01  150.8980  3.8080  0.06    520    520    520
 17.500   82.9160  0.8640  -0.01 207.61   3.80   0.02  139.1920  3.4430  0.01    508    508    508
 18.000   76.4100  0.7510   0.03 207.62   3.77   0.17  128.2630  3.0880 -0.12    494    494    494
 18.500   70.4230  0.6370   0.14 207.63   3.46   0.07  118.1990  2.5590 -0.08    445    445    445
 19.000   64.9140  0.5600   0.17 207.75   3.11  -0.05  108.8810  2.0530  0.06    403    403    403
 19.500   59.8160  0.4990   0.22 208.13   2.91  -0.26  100.1400  1.6720  0.16    396    396    396
 20.000   55.1510  0.4550   0.17 208.70   2.69  -0.03   92.0760  1.3660  0.29    372    372    372
 20.500   50.8620  0.4200   0.10 209.52   2.65  -0.27   84.5810  1.2130  0.55    358    358    358
 21.000   46.8810  0.4000  -0.18 210.47   2.56  -0.46   77.6080  1.0920  0.57    354    354    354
 21.500   43.2730  0.3660   0.06 211.08   2.51  -0.62   71.4260  0.9540  0.51    349    349    349
 22.000   39.9580  0.3430   0.13 211.85   2.42  -0.43   65.7140  0.8090  0.41    336    336    336
 22.500   36.8530  0.3270   0.05 212.68   2.18  -0.23   60.3680  0.6870  0.22    333    333    333
 23.000   34.0470  0.3120   0.10 213.35   2.15  -0.00   55.5970  0.6080  0.06    325    325    325
 23.500   31.4690  0.2990   0.07 214.01   2.12  -0.19   51.2290  0.5380  0.06    322    322    322
 24.000   29.0400  0.2840   0.11 214.76   2.15  -0.11   47.1090  0.5150  0.19    320    320    320
 24.500   26.8550  0.2750   0.19 215.50   2.29  -0.17   43.4160  0.5020  0.27    316    316    316
 25.000   24.8500  0.2640   0.19 216.23   2.46  -0.07   40.0370  0.4720 -0.18    311    311    311
 25.500   22.9380  0.2500   0.21 217.15   2.45  -0.14   36.8030  0.4450 -0.32    309    309    309
 26.000   21.2450  0.2470   0.18 218.02   2.56   0.12   33.9490  0.4210 -0.33    305    305    305
 26.500   19.6190  0.2320   0.17 218.93   2.69   0.52   31.2210  0.4030 -0.28    301    301    301
 27.000   18.1800  0.2250   0.19 219.98   2.71   0.98   28.7920  0.3720 -0.07    296    296    296
 27.500   16.8540  0.2160   0.28 221.08   2.79   0.78   26.5600  0.3630  0.08    291    291    291
 28.000   15.5770  0.2020   0.24 222.25   2.94   0.61   24.4180  0.3590 -0.19    288    288    288
 28.500   14.4580  0.2010   0.30 223.44   3.31   0.95   22.5450  0.3650 -0.17    280    280    280
 29.000   13.4240  0.1920   0.31 224.61   3.67   1.15   20.8230  0.3480 -0.26    269    269    269
 29.500   12.4160  0.1850   0.28 225.81   3.62   0.98   19.1580  0.3180 -0.07    262    262    262
 30.000   11.5330  0.1740   0.04 226.93   3.67   0.86   17.7070  0.2900  0.18    243    243    243
     T A B L E  II -   4.  T H E R M O D Y N A M I C  S T A T I S T I C A L  P A R A M E T E R S
                                     April
 Station =   72269      White Sands Missile Range
    Z      MEAN P   SD P   SKEWP  MEAN T  SD T  SKEWT    MEAN D   SD D  SKEWD  NOBSP  NOBST  NOBSD
    KM       MB       MB             K      K             G/M3    G/M3                           
  0.000 1020.0000  5.0000   0.00 290.00   5.00   0.00 1221.0000 25.0000  0.00    100    100    100
  1.219  875.5410  4.8280   0.15 288.26   7.06   0.08 1056.7419 27.4410  0.06    703    703    703
  1.500  848.9940  4.3150  -0.01 288.46   4.99  -0.18 1023.7070 18.6920  0.30    738    738    738
  2.000  800.0870  4.1870  -0.23 285.15   4.65  -0.38  976.0200 15.3310  0.38    808    808    808
  2.500  753.4170  4.2700  -0.39 281.45   4.50  -0.55  931.2680 12.8560  0.50    808    808    808
  3.000  708.8680  4.4650  -0.50 277.58   4.41  -0.64  888.5940 11.0640  0.57    808    808    808
  3.500  666.3960  4.6940  -0.58 273.86   4.28  -0.75  846.8810  9.4430  0.68    808    808    808
  4.000  625.9750  4.8990  -0.64 270.30   4.17  -0.91  806.1480  8.3370  0.73    807    807    807
  4.500  587.4640  5.0820  -0.70 266.76   4.10  -0.99  766.7480  7.3890  0.63    804    804    804
  5.000  550.9100  5.2730  -0.76 263.31   4.07  -1.05  728.5960  6.6900  0.49    781    781    781
  5.500  516.1900  5.3930  -0.81 259.80   4.01  -1.08  691.9490  5.8780  0.37    773    773    773
  6.000  483.1820  5.4770  -0.85 256.35   3.92  -1.11  656.4790  5.3540  0.16    772    772    772
  6.500  451.9190  5.5710  -0.87 252.75   3.92  -1.10  622.7830  4.9850 -0.07    753    753    753
  7.000  422.2600  5.5950  -0.90 249.08   3.92  -1.03  590.5090  4.7330 -0.23    750    750    750
  7.500  394.1090  5.6020  -0.91 245.34   3.78  -0.88  559.5570  4.4890 -0.50    732    732    732
  8.000  367.4370  5.6010  -0.89 241.63   3.57  -0.54  529.7030  4.6170 -0.67    690    690    690
  8.500  342.2590  5.4980  -0.85 237.93   3.35  -0.29  501.0920  5.0600 -1.04    684    684    684
  9.000  318.4820  5.3450  -0.80 234.27   3.17  -0.13  473.5780  5.7190 -1.48    678    678    678
  9.500  295.9610  5.1680  -0.72 230.60   3.09  -0.03  447.1160  6.5150 -1.75    664    664    664
 10.000  274.7280  4.9480  -0.62 227.10   3.13   0.20  421.4680  7.4870 -1.82    661    661    661
 10.500  254.7450  4.6800  -0.51 223.74   3.26   0.52  396.7110  8.2790 -1.70    656    656    656
 11.000  235.9240  4.3430  -0.38 220.61   3.60   0.79  372.6590  9.2160 -1.52    642    642    642
 11.500  218.2620  3.9750  -0.23 217.92   4.14   0.94  349.0660 10.0130 -1.33    639    639    639
 12.000  201.7940  3.5730  -0.08 215.99   4.73   0.93  325.6690 10.4950 -1.00    632    632    632
 12.500  186.4740  3.1770   0.05 214.88   5.19   0.63  302.5460 10.4770 -0.56    620    620    620
 13.000  172.2330  2.7760   0.13 214.37   5.09   0.22  280.0920  9.5080 -0.14    614    614    614
 13.500  159.0970  2.4440   0.17 214.02   4.69  -0.08  259.1300  8.2100  0.10    606    606    606
 14.000  146.9400  2.1320   0.18 213.47   4.16  -0.22  239.9160  6.8620  0.18    583    583    583
 14.500  135.6800  1.8870   0.19 212.60   3.79  -0.32  222.4240  5.9620  0.23    560    560    560
 15.000  125.2370  1.6730   0.19 211.58   3.54  -0.10  206.2800  5.2660  0.13    548    548    548
 15.500  115.5410  1.4800   0.21 210.58   3.46   0.04  191.2110  4.7340  0.10    537    537    537
 16.000  106.5610  1.2970   0.21 209.70   3.58   0.17  177.0920  4.4050  0.09    512    512    512
 16.500   98.3390  1.1290   0.19 208.75   3.57   0.27  164.1730  3.9310  0.12    448    448    448
 17.000   90.6300  0.9930   0.15 207.93   3.60   0.22  151.8950  3.5710  0.13    438    438    438
 17.500   83.5300  0.8650   0.18 207.65   3.77   0.15  140.1930  3.4180  0.18    425    425    425
 18.000   76.9740  0.7490   0.16 207.71   3.72   0.12  129.1540  3.0630  0.10    411    411    411
 18.500   70.9080  0.6500   0.17 207.92   3.38  -0.27  118.8450  2.5520  0.46    387    387    387
 19.000   65.3580  0.5660   0.00 208.37   2.87  -0.40  109.2950  2.0290  0.54    362    362    362
 19.500   60.2360  0.5000  -0.13 209.02   3.01  -0.03  100.4180  1.8220  0.24    356    356    356
 20.000   55.5350  0.4450  -0.22 209.85   2.68   0.24   92.2100  1.4960  0.11    340    340    340
 20.500   51.2400  0.4110  -0.17 210.99   2.55   0.38   84.6170  1.2610  0.07    328    328    328
 21.000   47.2490  0.3790  -0.25 211.92   2.60   0.05   77.6820  1.1600  0.15    323    323    323
 21.500   43.6390  0.3510  -0.33 212.95   2.33   0.03   71.3990  0.9430 -0.17    317    317    317
 22.000   40.3260  0.3250  -0.29 214.07   2.07   0.22   65.6310  0.7820 -0.41    311    311    311
 22.500   37.2150  0.3040  -0.20 214.99   1.98  -0.22   60.3080  0.7060 -0.09    309    309    309
 23.000   34.4190  0.2910  -0.17 215.83   1.94   0.06   55.5600  0.6450 -0.39    306    306    306
 23.500   31.8440  0.2680  -0.09 216.64   2.07   0.25   51.2090  0.5770 -0.40    306    306    306
 24.000   29.4070  0.2540  -0.03 217.40   2.15   0.52   47.1260  0.5440 -0.66    306    306    306
 24.500   27.2280  0.2460   0.03 218.15   2.23   0.54   43.4840  0.4770 -0.73    293    293    293
 25.000   25.2200  0.2370   0.18 219.10   2.64   0.43   40.1030  0.4540 -0.46    288    288    288
 25.500   23.3050  0.2220   0.29 220.04   2.63   0.41   36.8990  0.4220 -0.67    284    284    284
 26.000   21.6040  0.2210   0.36 220.99   2.74   0.56   34.0610  0.3920 -1.25    279    279    279
 26.500   19.9760  0.2120   0.35 221.95   2.84   0.34   31.3580  0.3700 -0.90    275    275    275
 27.000   18.5290  0.2100   0.29 222.77   2.70   0.17   28.9770  0.3200 -0.49    270    270    270
 27.500   17.1980  0.2040   0.36 223.81   2.61   0.23   26.7710  0.3020 -0.39    265    265    265
 28.000   15.9100  0.1950   0.29 224.99   2.89   0.23   24.6360  0.3110 -0.07    258    258    258
 28.500   14.7850  0.1900   0.32 226.08   2.96   0.21   22.7830  0.2860 -0.14    249    249    249
 29.000   13.7380  0.1860   0.41 227.04   3.06   0.15   21.0810  0.2640  0.15    238    238    238
 29.500   12.7140  0.1800   0.31 228.29   3.30   0.36   19.4030  0.2600  0.21    231    231    231
 30.000   11.8250  0.1700   0.03 229.37   3.37   0.11   17.9600  0.2510  0.20    219    219    219
     T A B L E  II -   5.  T H E R M O D Y N A M I C  S T A T I S T I C A L  P A R A M E T E R S
                                       May
 Station =   72269      White Sands Missile Range
    Z      MEAN P   SD P   SKEWP  MEAN T  SD T  SKEWT    MEAN D   SD D  SKEWD  NOBSP  NOBST  NOBSD
    KM       MB       MB             K      K             G/M3    G/M3                           
  0.000 1020.0000  5.0000   0.00 290.00   5.00   0.00 1221.0000 25.0000  0.00    100    100    100
  1.219  875.9880  4.2660   0.06 293.54   6.73   0.21 1037.2910 25.4570 -0.07    669    669    669
  1.500  849.6800  3.3540   0.13 293.39   4.78  -0.09 1006.5640 17.5870  0.28    694    694    694
  2.000  801.5570  3.1240  -0.23 289.92   4.47  -0.27  961.0820 15.2520  0.48    761    761    761
  2.500  755.5880  2.9950  -0.51 286.13   4.12  -0.33  918.1170 12.7660  0.54    761    761    761
  3.000  711.6450  3.0260  -0.65 282.22   3.88  -0.37  876.8770 10.7580  0.51    761    761    761
  3.500  669.7050  3.1440  -0.69 278.31   3.58  -0.39  836.9400  8.8460  0.41    760    760    760
  4.000  629.7470  3.2430  -0.67 274.55   3.25  -0.39  797.9830  7.2090  0.23    757    757    757
  4.500  591.6040  3.3550  -0.67 270.87   2.94  -0.32  760.0290  5.9860  0.09    756    756    756
  5.000  555.3810  3.3620  -0.63 267.26   2.73  -0.25  723.2790  5.3800 -0.05    729    729    729
  5.500  520.8810  3.3870  -0.62 263.67   2.63  -0.25  687.7300  4.9870 -0.10    718    718    718
  6.000  488.0690  3.3900  -0.62 260.21   2.58  -0.21  653.0960  4.6410 -0.08    718    718    718
  6.500  456.9280  3.3880  -0.60 256.69   2.63  -0.23  619.9070  4.2910 -0.04    707    707    707
  7.000  427.3850  3.3860  -0.58 253.13   2.69  -0.26  588.0560  4.0230 -0.08    704    704    704
  7.500  399.3230  3.3900  -0.54 249.40   2.71  -0.26  557.6960  3.7320 -0.26    692    692    692
  8.000  372.7740  3.3930  -0.51 245.60   2.79  -0.29  528.6940  3.7110 -0.66    662    662    662
  8.500  347.6040  3.4040  -0.47 241.71   2.90  -0.31  500.9480  3.6130 -0.75    655    655    655
  9.000  323.7670  3.4070  -0.43 237.79   2.91  -0.33  474.3040  3.4480 -0.80    645    645    645
  9.500  301.1660  3.3290  -0.34 233.84   2.86  -0.27  448.6700  3.4170 -0.93    618    618    618
 10.000  279.8160  3.2930  -0.30 229.91   2.82  -0.16  424.0020  3.3490 -1.14    612    612    612
 10.500  259.7350  3.2140  -0.27 226.12   2.73  -0.07  400.1670  3.4930 -1.34    595    595    595
 11.000  240.7650  3.1410  -0.21 222.56   2.57   0.23  376.8740  3.9620 -1.49    571    571    571
 11.500  222.8760  3.0280  -0.14 219.29   2.58   0.44  354.0780  4.7400 -1.29    560    560    560
 12.000  206.1500  2.8640  -0.06 216.46   2.78   0.57  331.8090  5.4670 -1.11    551    551    551
 12.500  190.5070  2.6550   0.03 214.36   3.37   0.65  309.6720  6.4190 -0.93    544    544    544
 13.000  175.9050  2.4460   0.12 212.99   3.84   0.43  287.8100  6.8880 -0.59    539    539    539
 13.500  162.4250  2.2120   0.19 212.14   4.03   0.24  266.8400  6.7280 -0.27    522    522    522
 14.000  149.8930  2.0040   0.22 211.69   4.10   0.07  246.7740  6.3570  0.01    496    496    496
 14.500  138.3390  1.8240   0.21 211.08   3.81   0.05  228.3960  5.6130  0.14    472    472    472
 15.000  127.6270  1.6440   0.18 210.44   3.49   0.04  211.3470  5.0530  0.25    463    463    463
 15.500  117.6820  1.4760   0.15 209.49   3.31   0.10  195.7570  4.5910  0.30    453    453    453
 16.000  108.4690  1.2980   0.10 208.57   3.28  -0.08  181.2300  4.2080  0.39    434    434    434
 16.500  100.0100  1.1680  -0.07 207.92   3.26  -0.09  167.6200  3.9100  0.31    368    368    368
 17.000   92.1400  1.0100  -0.11 207.42   3.37  -0.10  154.8050  3.6140  0.22    348    348    348
 17.500   84.8980  0.8750  -0.18 207.11   3.34  -0.11  142.8480  3.2570  0.14    327    327    327
 18.000   78.2270  0.7630  -0.26 207.28   3.17   0.01  131.5110  2.7700 -0.02    312    312    312
 18.500   72.0670  0.6870  -0.24 207.65   3.00   0.01  120.9370  2.3920 -0.06    281    281    281
 19.000   66.4060  0.5890  -0.29 208.32   3.02  -0.13  111.0760  2.0690 -0.06    260    260    260
 19.500   61.1960  0.5420  -0.13 209.35   2.96  -0.43  101.8520  1.7710  0.03    256    256    256
 20.000   56.4580  0.4970   0.00 210.57   2.58  -0.07   93.4190  1.3860 -0.17    246    246    246
 20.500   52.1150  0.4670   0.04 211.91   2.36   0.16   85.6840  1.1680 -0.22    238    238    238
 21.000   48.0640  0.4320   0.15 212.93   2.17   0.19   78.6450  1.0430 -0.16    234    234    234
 21.500   44.4040  0.4120   0.15 213.78   1.85   0.21   72.3640  0.8400 -0.13    225    225    225
 22.000   41.0420  0.3820   0.13 214.66   1.92   0.21   66.6090  0.7300 -0.10    220    220    220
 22.500   37.8860  0.3630   0.19 215.95   1.83   0.17   61.1180  0.6320 -0.34    217    217    217
 23.000   35.0500  0.3500   0.23 216.97   1.65   0.29   56.2780  0.5670 -0.23    210    210    210
 23.500   32.4430  0.3310   0.20 217.99   1.68   0.07   51.8480  0.5530 -0.30    205    205    205
 24.000   29.9720  0.3110   0.26 219.07   1.83   0.07   47.6630  0.5530 -0.27    205    205    205
 24.500   27.7740  0.2950   0.28 220.14   1.69  -0.09   43.9530  0.5150 -0.09    202    202    202
 25.000   25.7460  0.2750   0.24 221.11   1.75  -0.19   40.5640  0.4740 -0.09    198    198    198
 25.500   23.8020  0.2560   0.27 222.14   1.87  -0.10   37.3280  0.4290 -0.01    195    195    195
 26.000   22.0750  0.2450   0.22 223.05   2.05   0.58   34.4790  0.4120 -0.13    192    192    192
 26.500   20.4150  0.2300   0.25 224.10   2.19   0.22   31.7370  0.3990 -0.08    191    191    191
 27.000   18.9550  0.2120   0.22 224.94   2.16   0.19   29.3580  0.3670 -0.12    186    186    186
 27.500   17.6100  0.2070   0.09 225.89   2.27   0.05   27.1600  0.3350 -0.24    183    183    183
 28.000   16.2940  0.1970   0.18 227.12   2.44   0.05   24.9940  0.3360 -0.05    178    178    178
 28.500   15.1470  0.1890   0.10 227.88   2.51  -0.02   23.1580  0.3180 -0.13    168    168    168
 29.000   14.0940  0.1800  -0.02 228.69   2.59  -0.02   21.4700  0.2820  0.02    163    163    163
 29.500   13.0470  0.1680   0.06 229.78   2.53   0.07   19.7820  0.2730  0.08    160    160    160
 30.000   12.1420  0.1620  -0.06 230.72   2.47  -0.16   18.3340  0.2520 -0.05    139    139    139
     T A B L E  II -   6.  T H E R M O D Y N A M I C  S T A T I S T I C A L  P A R A M E T E R S
                                      June
 Station =   72269      White Sands Missile Range
    Z      MEAN P   SD P   SKEWP  MEAN T  SD T  SKEWT    MEAN D   SD D  SKEWD  NOBSP  NOBST  NOBSD
    KM       MB       MB             K      K             G/M3    G/M3                           
  0.000 1020.0000  5.0000   0.00 290.00   5.00   0.00 1221.0000 25.0000  0.00    100    100    100
  1.219  875.7720  3.9320  -0.16 299.29   6.29   0.03 1015.9530 22.5300  0.03    782    782    782
  1.500  850.0940  3.0380  -0.12 298.16   4.26   0.06  989.9960 14.7590  0.08    849    849    849
  2.000  802.7770  2.7130  -0.17 294.98   3.67  -0.04  945.1960 11.8420  0.20    968    968    968
  2.500  757.5520  2.6370  -0.35 291.30   3.46  -0.18  903.4720 10.1800  0.30    968    968    968
  3.000  714.2940  2.6670  -0.46 287.38   3.28  -0.27  863.7390  8.7410  0.36    968    968    968
  3.500  672.9610  2.7610  -0.51 283.36   3.02  -0.29  825.5050  7.2620  0.34    968    968    968
  4.000  633.4950  2.8580  -0.53 279.29   2.77  -0.34  788.5980  6.0680  0.37    968    968    968
  4.500  595.7630  2.9390  -0.52 275.19   2.53  -0.34  752.8460  5.1290  0.33    968    968    968
  5.000  559.8540  2.9550  -0.48 271.27   2.36  -0.26  717.8720  4.5580 -0.08    943    943    943
  5.500  525.6210  2.9660  -0.47 267.52   2.25  -0.05  683.6240  4.3940 -0.42    924    924    924
  6.000  492.9940  2.9450  -0.48 264.03   2.22   0.04  649.9040  4.2580 -0.37    916    916    916
  6.500  462.0090  2.9390  -0.49 260.77   2.35  -0.11  616.8560  4.1490 -0.10    903    903    903
  7.000  432.6010  2.9360  -0.51 257.50   2.50  -0.28  585.0540  3.7480 -0.10    895    895    895
  7.500  404.8110  2.9230  -0.58 254.02   2.57  -0.29  555.0390  3.5700 -0.17    877    877    877
  8.000  378.4810  2.8830  -0.64 250.40   2.59  -0.39  526.4650  3.3500 -0.11    834    834    834
  8.500  353.4140  2.8890  -0.67 246.65   2.68  -0.36  499.0920  3.2090 -0.09    825    825    825
  9.000  329.6750  2.9050  -0.70 242.85   2.78  -0.31  472.8740  3.1330 -0.17    817    817    817
  9.500  307.2190  2.9170  -0.71 239.04   2.80  -0.28  447.7070  3.0190 -0.20    799    799    799
 10.000  285.9170  2.9310  -0.70 235.23   2.83  -0.20  423.4320  2.8150 -0.37    789    789    789
 10.500  265.7750  2.9310  -0.69 231.43   2.84  -0.10  400.0810  2.8260 -0.52    765    765    765
 11.000  246.7860  2.9240  -0.67 227.72   2.86  -0.02  377.5430  2.8840 -0.49    739    739    739
 11.500  228.8780  2.8950  -0.64 224.26   2.71   0.12  355.5550  3.0740 -0.61    726    726    726
 12.000  212.0720  2.8330  -0.59 221.00   2.60   0.11  334.3090  3.4760 -0.88    709    709    709
 12.500  196.3010  2.7420  -0.56 218.07   2.54  -0.14  313.6020  4.0360 -1.05    686    686    686
 13.000  181.4430  2.6070  -0.48 215.35   2.54  -0.17  293.5380  4.4580 -1.09    676    676    676
 13.500  167.5570  2.4290  -0.42 212.91   2.50  -0.21  274.1870  4.7600 -1.00    659    659    659
 14.000  154.6730  2.2410  -0.38 210.83   2.44   0.17  255.6190  5.0590 -0.85    624    624    624
 14.500  142.6260  2.0350  -0.31 208.95   2.59   0.47  237.8420  5.2660 -0.63    592    592    592
 15.000  131.4440  1.8180  -0.28 207.20   2.89   0.42  221.0660  5.3520 -0.39    576    576    576
 15.500  121.0450  1.5920  -0.27 205.82   3.26   0.19  204.9530  5.3240 -0.21    568    568    568
 16.000  111.4310  1.3800  -0.26 204.72   3.47   0.00  189.6970  5.0260 -0.14    547    547    547
 16.500  102.5790  1.1830  -0.26 203.94   3.54   0.01  175.2970  4.5490 -0.19    513    513    513
 17.000   94.3780  0.9990  -0.19 203.67   3.18   0.17  161.4830  3.7440 -0.27    497    497    497
 17.500   86.8680  0.8600  -0.11 203.97   2.76   0.22  148.4010  3.0000 -0.31    472    472    472
 18.000   79.9460  0.7530   0.00 204.91   2.66   0.15  135.9460  2.5820 -0.27    458    458    458
 18.500   73.6270  0.6690   0.04 206.34   2.45   0.05  124.3270  2.1180 -0.24    430    430    430
 19.000   67.8580  0.5960   0.15 207.82   2.18   0.18  113.7670  1.6680 -0.19    402    402    402
 19.500   62.5190  0.5440   0.24 209.32   2.04   0.10  104.0600  1.4280 -0.01    391    391    391
 20.000   57.6720  0.4990   0.28 210.96   1.85   0.07   95.2430  1.2090 -0.11    378    378    378
 20.500   53.2400  0.4620   0.30 212.25   1.77   0.22   87.3870  1.0460 -0.12    368    368    368
 21.000   49.1130  0.4310   0.33 213.35   1.81   0.26   80.2020  0.9630 -0.19    363    363    363
 21.500   45.3850  0.3990   0.47 214.40   1.68   0.08   73.7480  0.8320 -0.09    347    347    347
 22.000   41.9640  0.3790   0.44 215.46   1.62  -0.09   67.8540  0.7510  0.08    337    337    337
 22.500   38.7410  0.3550   0.53 216.51   1.63  -0.02   62.3380  0.6590  0.16    330    330    330
 23.000   35.8600  0.3340   0.48 217.52   1.57   0.02   57.4330  0.6030  0.18    323    323    323
 23.500   33.2070  0.3140   0.50 218.54   1.52  -0.06   52.9360  0.5220  0.16    320    320    320
 24.000   30.6760  0.2920   0.52 219.81   1.60   0.30   48.6180  0.4890  0.23    317    317    317
 24.500   28.4310  0.2800   0.50 220.76   1.55   0.67   44.8650  0.4440  0.29    306    306    306
 25.000   26.3720  0.2610   0.57 221.62   1.66   0.18   41.4570  0.4200  0.24    300    300    300
 25.500   24.3770  0.2490   0.52 222.45   1.63   0.14   38.1780  0.3970  0.32    296    296    296
 26.000   22.6260  0.2370   0.57 223.32   1.62   0.01   35.2950  0.3960  0.50    288    288    288
 26.500   20.9200  0.2180   0.26 224.29   1.71   0.14   32.4930  0.3750  0.01    287    287    287
 27.000   19.4270  0.2010   0.39 225.24   1.60   0.10   30.0460  0.3330  0.06    287    287    287
 27.500   18.0550  0.1940   0.36 226.08   1.54   0.09   27.8210  0.3120  0.18    275    275    275
 28.000   16.7000  0.1820   0.29 226.97   1.60   0.15   25.6330  0.3070  0.14    274    274    274
 28.500   15.5320  0.1690   0.41 227.97   1.47   0.05   23.7360  0.2790  0.18    268    268    268
 29.000   14.4500  0.1640   0.44 228.79   1.58  -0.08   22.0030  0.2890  0.29    256    256    256
 29.500   13.3720  0.1500   0.44 229.50   1.71   0.03   20.2990  0.2760  0.44    246    246    246
 30.000   12.4470  0.1460   0.36 230.28   1.78   0.10   18.8300  0.2690  0.45    229    229    229
     T A B L E  II -   7.  T H E R M O D Y N A M I C  S T A T I S T I C A L  P A R A M E T E R S
                                      July
 Station =   72269      White Sands Missile Range
    Z      MEAN P   SD P   SKEWP  MEAN T  SD T  SKEWT    MEAN D   SD D  SKEWD  NOBSP  NOBST  NOBSD
    KM       MB       MB             K      K             G/M3    G/M3                           
  0.000 1020.0000  5.0000   0.00 290.00   5.00   0.00 1221.0000 25.0000  0.00    100    100    100
  1.219  878.6250  3.4470  -0.34 299.11   5.41   0.34 1017.7190 18.8340 -0.24    862    862    862
  1.500  852.6450  2.4550   0.06 298.11   3.67   0.43  991.1320 12.6970 -0.34    982    982    982
  2.000  805.2630  2.1300   0.12 294.81   3.03   0.37  946.8570  9.9390 -0.28   1101   1101   1101
  2.500  759.9660  1.9420   0.12 291.28   2.72   0.28  904.7630  8.3150 -0.15   1101   1101   1101
  3.000  716.6650  1.8470   0.11 287.62   2.39   0.33  864.4250  6.8160 -0.16   1101   1101   1101
  3.500  675.3070  1.8030   0.11 283.80   2.08   0.35  825.8370  5.5410 -0.15   1101   1101   1101
  4.000  635.8340  1.7900   0.11 279.93   1.78   0.37  788.6190  4.3870 -0.17   1099   1099   1099
  4.500  598.1140  1.7830   0.11 276.18   1.51   0.20  752.2600  3.5470 -0.09   1098   1098   1098
  5.000  562.1910  1.7800   0.11 272.68   1.34   0.04  716.5260  3.1250 -0.09   1065   1065   1065
  5.500  528.0400  1.7660   0.15 269.44   1.35   0.02  681.4420  3.2640 -0.18   1044   1044   1044
  6.000  495.5120  1.7040   0.02 266.40   1.46  -0.27  647.0570  3.4780  0.13   1034   1034   1034
  6.500  464.7130  1.6710  -0.03 263.46   1.57  -0.52  613.8470  3.5290  0.43   1017   1017   1017
  7.000  435.4750  1.6410  -0.09 260.40   1.66  -0.70  582.1280  3.5130  0.55   1011   1011   1011
  7.500  407.7610  1.6180  -0.12 257.23   1.67  -0.54  551.9110  3.3280  0.29    995    995    995
  8.000  381.5230  1.5990  -0.22 253.93   1.70  -0.52  523.1850  3.1080  0.26    943    943    943
  8.500  356.6140  1.5850  -0.28 250.47   1.77  -0.57  495.8290  2.9650  0.39    937    937    937
  9.000  333.0370  1.5730  -0.33 246.88   1.77  -0.50  469.8360  2.7430  0.39    926    926    926
  9.500  310.7150  1.5640  -0.37 243.16   1.79  -0.42  445.0690  2.6280  0.16    909    909    909
 10.000  289.5310  1.5580  -0.38 239.36   1.78  -0.26  421.3290  2.4680 -0.49    903    903    903
 10.500  269.5170  1.5500  -0.38 235.50   1.77  -0.00  398.6740  2.3070 -1.04    897    897    897
 11.000  250.6120  1.5330  -0.36 231.58   1.76   0.24  376.9910  2.2420 -1.15    878    878    878
 11.500  232.6960  1.5130  -0.34 227.62   1.74   0.33  356.1360  2.2340 -1.17    864    864    864
 12.000  215.8150  1.4860  -0.31 223.74   1.73   0.37  336.0330  2.2590 -1.45    848    848    848
 12.500  199.9520  1.4270  -0.29 219.99   1.72   0.67  316.6400  2.4230 -1.57    807    807    807
 13.000  184.9290  1.3780  -0.25 216.30   1.76   0.79  297.8540  2.5100 -1.32    784    784    784
 13.500  170.8330  1.3050  -0.19 212.83   1.78   0.71  279.6440  2.6290 -0.98    752    752    752
 14.000  157.6520  1.2260  -0.16 209.69   1.87   0.48  261.9310  2.7960 -0.82    712    712    712
 14.500  145.3400  1.1380  -0.14 206.96   1.97   0.26  244.6630  2.9200 -0.64    676    676    676
 15.000  133.8430  1.0530  -0.11 204.65   2.08   0.29  227.8620  3.0180 -0.37    656    656    656
 15.500  123.1440  0.9490  -0.08 203.10   2.28   0.20  211.2480  3.0440 -0.20    643    643    643
 16.000  113.2660  0.8530  -0.04 202.14   2.42   0.11  195.2360  2.9940 -0.10    623    623    623
 16.500  104.1760  0.7520  -0.07 201.90   2.59  -0.10  179.7840  2.8580 -0.05    585    585    585
 17.000   95.7990  0.6480   0.14 202.53   2.33  -0.13  164.8080  2.3510 -0.04    551    551    551
 17.500   88.1320  0.5770   0.04 203.78   2.12   0.02  150.6780  1.9950 -0.06    515    515    515
 18.000   81.1170  0.5170  -0.01 205.11   2.00  -0.19  137.7860  1.7190  0.12    503    503    503
 18.500   74.6970  0.4680  -0.07 206.71   1.83   0.06  125.8970  1.4120 -0.05    473    473    473
 19.000   68.8380  0.4360  -0.07 208.25   1.78  -0.02  115.1650  1.2590  0.03    431    431    431
 19.500   63.4380  0.4020  -0.05 209.57   1.72   0.04  105.4590  1.1090  0.01    405    405    405
 20.000   58.5140  0.3790  -0.03 210.93   1.51  -0.10   96.6440  0.9630 -0.02    370    370    370
 20.500   54.0220  0.3460  -0.00 212.18   1.46   0.06   88.7020  0.8520 -0.03    354    354    354
 21.000   49.8320  0.3250   0.01 213.45   1.54  -0.15   81.3350  0.7880  0.03    344    344    344
 21.500   46.0500  0.2980  -0.11 214.62   1.40  -0.01   74.7500  0.6670 -0.01    335    335    335
 22.000   42.5920  0.2780  -0.13 215.62   1.39   0.09   68.8170  0.6020 -0.08    326    326    326
 22.500   39.3220  0.2570  -0.11 216.60   1.46  -0.13   63.2470  0.5630  0.06    324    324    324
 23.000   36.3930  0.2430  -0.15 217.68   1.52  -0.09   58.2450  0.5230  0.12    312    312    312
 23.500   33.7000  0.2300  -0.22 218.58   1.51  -0.11   53.7120  0.4530  0.11    307    307    307
 24.000   31.1320  0.2160  -0.16 219.51   1.46  -0.02   49.4090  0.4200  0.26    304    304    304
 24.500   28.8550  0.2050  -0.19 220.35   1.40  -0.01   45.6210  0.3860 -0.09    294    294    294
 25.000   26.7550  0.1910  -0.02 221.09   1.62  -0.01   42.1580  0.3820  0.09    278    278    278
 25.500   24.7310  0.1850  -0.08 222.12   1.60   0.16   38.7890  0.3560 -0.02    275    275    275
 26.000   22.9450  0.1790  -0.13 223.04   1.62   0.08   35.8390  0.3290  0.17    270    270    270
 26.500   21.2140  0.1720  -0.06 223.94   1.75   0.16   33.0030  0.3240 -0.04    267    267    267
 27.000   19.7030  0.1600  -0.03 224.75   1.59   0.16   30.5420  0.2840 -0.11    257    257    257
 27.500   18.3050  0.1500  -0.03 225.59   1.62  -0.09   28.2680  0.2640  0.08    245    245    245
 28.000   16.9320  0.1470  -0.08 226.50   1.77   0.29   26.0430  0.2700  0.11    239    239    239
 28.500   15.7410  0.1360  -0.17 227.32   1.66   0.67   24.1240  0.2310 -0.16    232    232    232
 29.000   14.6410  0.1280  -0.09 228.21   1.61   0.31   22.3500  0.2020 -0.19    223    223    223
 29.500   13.5510  0.1250  -0.15 228.93   1.83   0.12   20.6210  0.2090 -0.19    221    221    221
 30.000   12.6080  0.1180  -0.18 229.81   1.91   0.13   19.1130  0.2110 -0.28    210    210    210
     T A B L E  II -   8.  T H E R M O D Y N A M I C  S T A T I S T I C A L  P A R A M E T E R S
                                    August
 Station =   72269      White Sands Missile Range
    Z      MEAN P   SD P   SKEWP  MEAN T  SD T  SKEWT    MEAN D   SD D  SKEWD  NOBSP  NOBST  NOBSD
    KM       MB       MB             K      K             G/M3    G/M3                           
  0.000 1020.0000  5.0000   0.00 290.00   5.00   0.00 1221.0000 25.0000  0.00    100    100    100
  1.219  879.1450  3.6140  -0.16 297.70   5.48   0.47 1022.8380 19.4870 -0.41    877    877    877
  1.500  852.8910  2.4860  -0.04 296.74   3.63   0.25  995.7520 12.6480 -0.28   1013   1013   1013
  2.000  805.3280  2.3230   0.22 293.86   2.89   0.08  949.8220  9.7310 -0.04   1149   1149   1149
  2.500  759.8990  2.1660   0.20 290.41   2.50   0.03  907.2580  7.9810  0.00   1149   1149   1149
  3.000  716.4770  2.0680   0.16 286.70   2.23   0.00  866.8580  6.6620 -0.03   1149   1149   1149
  3.500  675.0080  2.0130   0.10 282.88   1.98  -0.01  828.0780  5.5430 -0.04   1149   1149   1149
  4.000  635.4430  1.9850   0.03 279.12   1.76  -0.12  790.4240  4.6270  0.04   1143   1143   1143
  4.500  597.6410  1.9610  -0.02 275.51   1.56  -0.20  753.5740  3.8670  0.14   1141   1141   1141
  5.000  561.7260  1.9190  -0.10 272.32   1.40  -0.17  717.0060  3.4600  0.32   1092   1092   1092
  5.500  527.5800  1.8510  -0.11 269.26   1.49  -0.21  681.4060  3.5970  0.37   1064   1064   1064
  6.000  495.0780  1.8020  -0.13 266.36   1.49  -0.45  646.6430  3.4890  0.51   1058   1058   1058
  6.500  464.2990  1.7640  -0.16 263.53   1.49  -0.63  613.1670  3.2900  0.59   1039   1039   1039
  7.000  435.0970  1.7250  -0.18 260.59   1.53  -0.82  581.2190  3.1630  0.60   1036   1036   1036
  7.500  407.4280  1.7030  -0.23 257.35   1.60  -0.85  551.2130  3.0600  0.47   1020   1020   1020
  8.000  381.1870  1.6830  -0.29 253.94   1.67  -0.72  522.7090  2.8890  0.34    978    978    978
  8.500  356.2960  1.6630  -0.35 250.36   1.75  -0.81  495.6110  2.7530  0.46    967    967    967
  9.000  332.7130  1.6600  -0.41 246.69   1.77  -0.98  469.7380  2.5400  0.46    959    959    959
  9.500  310.3850  1.6670  -0.48 242.94   1.82  -0.96  444.9970  2.4010  0.41    936    936    936
 10.000  289.2050  1.6680  -0.52 239.09   1.82  -1.00  421.3380  2.1940  0.36    922    922    922
 10.500  269.1860  1.6650  -0.58 235.17   1.78  -0.99  398.7390  2.0180  0.25    918    918    918
 11.000  250.2730  1.6610  -0.62 231.24   1.71  -0.95  377.0370  1.9110  0.04    903    903    903
 11.500  232.3670  1.6380  -0.67 227.42   1.63  -0.90  355.9510  1.8750 -0.30    895    895    895
 12.000  215.4980  1.5980  -0.69 223.66   1.50  -0.60  335.6470  2.0010 -0.67    890    890    890
 12.500  199.6310  1.5300  -0.67 220.04   1.43  -0.35  316.0610  2.3160 -0.82    870    870    870
 13.000  184.6440  1.4510  -0.65 216.56   1.44  -0.02  297.0400  2.6100 -0.97    863    863    863
 13.500  170.6110  1.3550  -0.57 213.30   1.56   0.35  278.6610  2.8940 -1.10    852    852    852
 14.000  157.4500  1.2610  -0.50 210.21   1.77   0.61  260.9580  3.2560 -1.09    800    800    800
 14.500  145.1390  1.1440  -0.40 207.36   2.01   0.81  243.8600  3.3660 -1.07    764    764    764
 15.000  133.6670  1.0240  -0.26 204.88   2.19   0.60  227.3160  3.3050 -0.89    752    752    752
 15.500  122.9810  0.9090  -0.16 203.00   2.28   0.37  211.0770  3.1290 -0.60    730    730    730
 16.000  113.0950  0.8090  -0.07 202.09   2.29   0.41  194.9890  2.9390 -0.33    695    695    695
 16.500  103.9810  0.7070  -0.14 202.07   2.34   0.13  179.2930  2.7400 -0.06    666    666    666
 17.000   95.6160  0.6160  -0.21 202.73   2.29   0.04  164.3270  2.4400 -0.04    610    610    610
 17.500   87.9700  0.5400  -0.19 203.98   2.09  -0.02  150.2600  2.0020 -0.05    569    569    569
 18.000   80.9720  0.4840  -0.20 205.55   2.12   0.04  137.2450  1.7340 -0.11    546    546    546
 18.500   74.5650  0.4330  -0.14 207.15   1.91  -0.11  125.4090  1.4300 -0.10    509    509    509
 19.000   68.7100  0.4060  -0.09 208.69   1.77  -0.17  114.7060  1.1970 -0.03    450    450    450
 19.500   63.3310  0.3830  -0.09 209.92   1.72  -0.36  105.1050  1.1080  0.22    421    421    421
 20.000   58.4200  0.3530  -0.09 211.12   1.51  -0.35   96.4040  0.9050  0.22    381    381    381
 20.500   53.9330  0.3270  -0.04 212.23   1.55  -0.49   88.5330  0.8210  0.22    366    366    366
 21.000   49.7460  0.3050  -0.05 213.27   1.49  -0.62   81.2640  0.7450  0.26    360    360    360
 21.500   45.9750  0.2870  -0.04 214.28   1.39  -0.13   74.7470  0.6630  0.03    347    347    347
 22.000   42.5100  0.2670  -0.02 215.31   1.44  -0.13   68.7840  0.5830  0.04    335    335    335
 22.500   39.2450  0.2530  -0.04 216.17   1.44  -0.12   63.2460  0.5390  0.08    331    331    331
 23.000   36.3140  0.2370  -0.03 217.13   1.36  -0.20   58.2650  0.4930  0.17    327    327    327
 23.500   33.6220  0.2270  -0.08 218.05   1.38  -0.11   53.7180  0.4340  0.19    323    323    323
 24.000   31.0580  0.2080  -0.09 218.85   1.44  -0.04   49.4380  0.4220 -0.16    322    322    322
 24.500   28.7770  0.2010  -0.16 219.71   1.44  -0.02   45.6280  0.3960 -0.22    309    309    309
 25.000   26.6740  0.1880  -0.00 220.57   1.47  -0.13   42.1300  0.3640  0.08    303    303    303
 25.500   24.6540  0.1750  -0.11 221.47   1.51   0.02   38.7810  0.3500  0.14    301    301    301
 26.000   22.8750  0.1610   0.00 222.38   1.52   0.07   35.8360  0.3180  0.17    289    289    289
 26.500   21.1530  0.1550  -0.12 223.25   1.50   0.11   33.0100  0.3050 -0.01    286    286    286
 27.000   19.6380  0.1440   0.14 224.05   1.51   0.14   30.5360  0.2800  0.03    277    277    277
 27.500   18.2350  0.1420   0.03 224.87   1.65  -0.02   28.2500  0.2670 -0.13    271    271    271
 28.000   16.8670  0.1300   0.10 225.73   1.81  -0.06   26.0330  0.2670 -0.25    269    269    269
 28.500   15.6730  0.1220  -0.15 226.60   1.85  -0.09   24.0960  0.2400 -0.22    255    255    255
 29.000   14.5760  0.1150   0.00 227.50   1.86  -0.02   22.3200  0.2220 -0.32    240    240    240
 29.500   13.4940  0.1100  -0.07 228.38   1.91   0.01   20.5830  0.2120 -0.06    235    235    235
 30.000   12.5550  0.1000   0.36 229.12   1.92   0.17   19.0910  0.1880 -0.07    223    223    223
     T A B L E  II -   9.  T H E R M O D Y N A M I C  S T A T I S T I C A L  P A R A M E T E R S
                                 September
 Station =   72269      White Sands Missile Range
    Z      MEAN P   SD P   SKEWP  MEAN T  SD T  SKEWT    MEAN D   SD D  SKEWD  NOBSP  NOBST  NOBSD
    KM       MB       MB             K      K             G/M3    G/M3                           
  0.000 1020.0000  5.0000   0.00 290.00   5.00   0.00 1221.0000 25.0000  0.00    100    100    100
  1.219  878.4830  3.9770  -0.01 293.96   5.32   0.34 1035.9170 20.4320 -0.11    878    878    878
  1.500  852.5080  3.0610   0.09 293.85   3.60   0.04 1005.7740 13.8010  0.22    890    890    890
  2.000  804.5670  2.8250   0.07 290.98   3.26  -0.19  958.8620 11.6350  0.44   1050   1050   1050
  2.500  758.7430  2.6170  -0.05 287.80   2.88  -0.19  914.6330  9.5090  0.37   1050   1050   1050
  3.000  714.9960  2.5000  -0.20 284.35   2.50  -0.22  872.7630  7.6650  0.33   1050   1050   1050
  3.500  673.2660  2.4490  -0.33 280.71   2.21  -0.37  832.8610  6.3370  0.37   1050   1050   1050
  4.000  633.4820  2.4260  -0.44 277.11   2.07  -0.61  794.2110  5.5100  0.41   1047   1047   1047
  4.500  595.5250  2.4140  -0.53 273.66   1.97  -0.71  756.4310  4.9880  0.32   1042   1042   1042
  5.000  559.4330  2.3970  -0.62 270.50   2.00  -0.60  719.2580  4.7880  0.19   1030   1030   1030
  5.500  525.1810  2.3810  -0.69 267.68   2.18  -0.53  682.6670  4.8610  0.24   1024   1024   1024
  6.000  492.6350  2.3890  -0.76 264.80   2.26  -0.54  647.5490  4.6070  0.12   1023   1023   1023
  6.500  461.7930  2.3900  -0.83 261.70   2.33  -0.47  614.3310  4.3630  0.05   1014   1014   1014
  7.000  432.5320  2.4110  -0.85 258.42   2.48  -0.37  582.8140  4.2730  0.02   1013   1013   1013
  7.500  404.7710  2.4530  -0.85 254.98   2.60  -0.33  552.8390  4.1250  0.03   1000   1000   1000
  8.000  378.4540  2.5250  -0.82 251.50   2.73  -0.27  524.0830  3.9760 -0.05    958    958    958
  8.500  353.5060  2.5650  -0.80 247.95   2.88  -0.23  496.5830  3.8960 -0.08    949    949    949
  9.000  329.8920  2.6120  -0.75 244.36   2.99  -0.20  470.2540  3.8150 -0.01    941    941    941
  9.500  307.5820  2.6500  -0.73 240.80   3.07  -0.22  444.9550  3.7600 -0.04    917    917    917
 10.000  286.4350  2.6690  -0.68 237.17   2.98  -0.22  420.7170  3.5380 -0.24    910    910    910
 10.500  266.4730  2.6670  -0.62 233.55   2.85  -0.28  397.4800  3.4050 -0.37    901    901    901
 11.000  247.6810  2.6230  -0.59 230.03   2.65  -0.33  375.1080  3.3320 -0.47    880    880    880
 11.500  229.8710  2.5600  -0.55 226.62   2.38  -0.36  353.3780  3.3650 -0.64    875    875    875
 12.000  213.1550  2.4690  -0.51 223.36   2.18  -0.32  332.4570  3.5370 -0.71    869    869    869
 12.500  197.4480  2.3520  -0.47 220.14   1.99  -0.56  312.4700  3.7150 -0.64    826    826    826
 13.000  182.6420  2.2180  -0.45 216.91   1.86  -0.50  293.3400  3.8500 -0.60    811    811    811
 13.500  168.7950  2.0720  -0.44 213.77   1.76  -0.14  275.0900  3.9840 -0.61    798    798    798
 14.000  155.8630  1.9020  -0.45 210.82   1.76   0.19  257.5750  4.0670 -0.64    754    754    754
 14.500  143.7800  1.7180  -0.46 208.11   1.86   0.35  240.7080  4.0950 -0.68    711    711    711
 15.000  132.4650  1.5460  -0.45 205.61   2.13   0.38  224.4730  4.1530 -0.62    687    687    687
 15.500  121.9130  1.3640  -0.43 203.62   2.48   0.25  208.6190  4.1830 -0.38    665    665    665
 16.000  112.1410  1.1970  -0.45 202.38   2.66   0.07  193.0760  3.9880 -0.22    627    627    627
 16.500  103.1330  1.0410  -0.44 201.85   2.78  -0.18  178.0350  3.6530 -0.07    594    594    594
 17.000   94.8130  0.9060  -0.43 201.96   2.86  -0.10  163.5890  3.2440 -0.25    563    563    563
 17.500   87.1950  0.8050  -0.34 202.76   2.75   0.05  149.8420  2.7900 -0.26    553    553    553
 18.000   80.2260  0.7240  -0.25 204.20   2.56   0.24  136.8940  2.3500 -0.40    530    530    530
 18.500   73.8550  0.6540  -0.21 205.97   2.37   0.10  124.9300  1.9550 -0.23    499    499    499
 19.000   68.0370  0.6060  -0.11 207.70   2.16  -0.12  114.1290  1.6480 -0.22    450    450    450
 19.500   62.6750  0.5640   0.01 209.17   2.02  -0.33  104.3930  1.4170 -0.06    426    426    426
 20.000   57.7960  0.5190   0.09 210.63   1.84  -0.44   95.6010  1.1940 -0.10    398    398    398
 20.500   53.3510  0.4810   0.19 211.84   1.67  -0.08   87.7390  1.0540 -0.08    377    377    377
 21.000   49.2100  0.4480   0.28 212.78   1.63   0.26   80.5700  0.9310 -0.19    369    369    369
 21.500   45.4670  0.4240   0.26 213.75   1.51   0.17   74.1050  0.8050 -0.20    353    353    353
 22.000   42.0260  0.3910   0.21 214.67   1.56   0.06   68.2020  0.7240 -0.11    342    342    342
 22.500   38.7820  0.3690   0.25 215.65   1.69   0.15   62.6530  0.6690 -0.06    334    334    334
 23.000   35.8810  0.3510   0.29 216.67   1.71   0.02   57.6920  0.6260  0.07    328    328    328
 23.500   33.2190  0.3320   0.25 217.58   1.74  -0.01   53.1890  0.5930 -0.05    324    324    324
 24.000   30.6750  0.3150   0.32 218.38   1.63   0.19   48.9350  0.5430  0.23    321    321    321
 24.500   28.4210  0.2960   0.25 219.23   1.59   0.26   45.1630  0.5140  0.38    310    310    310
 25.000   26.3380  0.2790   0.05 220.18   1.63   0.29   41.6730  0.4720  0.21    303    303    303
 25.500   24.3410  0.2670   0.04 221.10   1.80   0.37   38.3540  0.4420  0.08    301    301    301
 26.000   22.5700  0.2490   0.10 221.80   1.75   0.34   35.4490  0.3760  0.08    289    289    289
 26.500   20.8710  0.2380   0.19 222.61   1.76   0.19   32.6630  0.3540  0.19    283    283    283
 27.000   19.3610  0.2310   0.02 223.39   1.75  -0.03   30.1930  0.3280 -0.01    277    277    277
 27.500   17.9760  0.2150   0.07 224.16   1.83  -0.12   27.9360  0.2980 -0.13    271    271    271
 28.000   16.6280  0.2040   0.06 224.98   1.91  -0.22   25.7480  0.2810 -0.13    269    269    269
 28.500   15.4490  0.1930   0.08 225.56   1.87  -0.32   23.8610  0.2750  0.03    258    258    258
 29.000   14.3570  0.1850   0.00 226.13   1.93  -0.37   22.1180  0.2680 -0.08    251    251    251
 29.500   13.2850  0.1750   0.05 226.80   1.92  -0.18   20.4060  0.2650  0.07    245    245    245
 30.000   12.3520  0.1720   0.13 227.45   2.03  -0.09   18.9180  0.2550  0.18    221    221    221
     T A B L E  II -  10.  T H E R M O D Y N A M I C  S T A T I S T I C A L  P A R A M E T E R S
                                   October
 Station =   72269      White Sands Missile Range
    Z      MEAN P   SD P   SKEWP  MEAN T  SD T  SKEWT    MEAN D   SD D  SKEWD  NOBSP  NOBST  NOBSD
    KM       MB       MB             K      K             G/M3    G/M3                           
  0.000 1020.0000  5.0000   0.00 290.00   5.00   0.00 1221.0000 25.0000  0.00    100    100    100
  1.219  878.4030  5.3370   0.32 287.48   6.30   0.03 1061.4210 25.7840  0.32    910    910    910
  1.500  852.0070  4.6700   0.58 289.12   4.49  -0.45 1023.6050 18.1730  0.68    952    952    952
  2.000  803.2080  4.1990   0.06 286.72   4.21  -0.61  973.2470 15.1730  0.79   1055   1055   1055
  2.500  756.7170  4.0720  -0.10 283.65   3.84  -0.61  927.0410 12.2550  0.76   1055   1055   1055
  3.000  712.4170  4.0660  -0.23 280.46   3.46  -0.64  882.9900  9.5980  0.71   1055   1055   1055
  3.500  670.2330  4.1100  -0.32 277.20   3.26  -0.67  840.8220  7.9810  0.56   1055   1055   1055
  4.000  630.1230  4.1590  -0.40 274.25   3.29  -0.59  799.3510  7.2520  0.31   1054   1054   1054
  4.500  591.9740  4.2100  -0.45 271.41   3.32  -0.60  759.1400  6.8440  0.26   1051   1051   1051
  5.000  555.7800  4.2720  -0.50 268.31   3.23  -0.58  721.1140  6.2090  0.12   1028   1028   1028
  5.500  521.4540  4.2800  -0.55 265.15   3.18  -0.58  684.7610  5.6530  0.04   1020   1020   1020
  6.000  488.7860  4.2960  -0.58 261.79   3.18  -0.61  650.1710  5.1520  0.10   1017   1017   1017
  6.500  457.8400  4.3110  -0.63 258.30   3.20  -0.68  617.2950  4.8860  0.11    998    998    998
  7.000  428.4400  4.3110  -0.66 254.66   3.25  -0.60  585.9620  4.7280  0.04    995    995    995
  7.500  400.5090  4.3100  -0.67 250.95   3.24  -0.50  555.8860  4.4760 -0.16    985    985    985
  8.000  374.0760  4.3000  -0.65 247.24   3.25  -0.49  527.0300  4.3920 -0.37    942    942    942
  8.500  349.0070  4.2620  -0.67 243.51   3.26  -0.42  499.2540  4.3440 -0.44    935    935    935
  9.000  325.2880  4.2130  -0.66 239.82   3.24  -0.25  472.4950  4.5400 -0.68    921    921    921
  9.500  302.8690  4.1540  -0.64 236.18   3.22  -0.12  446.7470  4.8730 -0.89    894    894    894
 10.000  281.6130  4.0470  -0.60 232.58   3.24   0.08  421.8370  5.2430 -1.06    884    884    884
 10.500  261.6060  3.9220  -0.55 229.15   3.26   0.18  397.7340  5.5630 -1.12    871    871    871
 11.000  242.8460  3.7330  -0.53 225.93   3.22   0.20  374.4860  5.6840 -1.06    846    846    846
 11.500  225.1020  3.5600  -0.49 222.91   3.18   0.14  351.8250  5.9610 -0.86    840    840    840
 12.000  208.4810  3.3630  -0.44 220.08   3.12  -0.05  330.0460  6.1510 -0.70    831    831    831
 12.500  192.9350  3.0430  -0.24 217.44   3.14  -0.32  309.1540  6.0860 -0.37    803    803    803
 13.000  178.3130  2.8270  -0.20 215.08   2.92  -0.44  288.8610  5.8310 -0.41    786    786    786
 13.500  164.7160  2.6090  -0.18 212.85   2.72  -0.13  269.6360  5.6180 -0.39    771    771    771
 14.000  152.0050  2.4190  -0.15 210.66   2.66   0.17  251.4190  5.6060 -0.37    723    723    723
 14.500  140.1610  2.1990  -0.12 208.63   2.89   0.55  234.1020  5.7120 -0.42    654    654    654
 15.000  129.1280  1.9780  -0.03 206.78   3.15   0.53  217.6140  5.6070 -0.34    623    623    623
 15.500  118.8760  1.7560   0.00 205.24   3.33   0.35  201.8520  5.3650 -0.23    602    602    602
 16.000  109.3960  1.5630   0.03 204.11   3.31   0.11  186.7880  4.9600 -0.03    571    571    571
 16.500  100.6630  1.3750   0.04 203.49   3.41  -0.08  172.3980  4.6040  0.14    525    525    525
 17.000   92.5900  1.1980  -0.03 203.50   3.56   0.03  158.5720  4.2170  0.17    509    509    509
 17.500   85.2010  1.0560  -0.10 203.79   3.57  -0.08  145.7030  3.7630  0.19    471    471    471
 18.000   78.4100  0.8980  -0.07 204.46   3.40   0.15  133.6480  3.2190 -0.02    450    450    450
 18.500   72.1640  0.7970  -0.08 205.63   3.01   0.06  122.2910  2.6140  0.01    413    413    413
 19.000   66.4530  0.7190  -0.19 207.22   2.86   0.19  111.7430  2.1420 -0.09    346    346    346
 19.500   61.1910  0.6500  -0.25 208.56   2.69   0.51  102.2290  1.7650 -0.27    324    324    324
 20.000   56.3980  0.5780  -0.31 209.82   2.22   0.45   93.6480  1.4060 -0.33    296    296    296
 20.500   52.0240  0.5330  -0.34 211.05   2.20   0.12   85.8810  1.2740 -0.28    275    275    275
 21.000   47.9610  0.4970  -0.30 212.25   2.16   0.02   78.7280  1.1430 -0.22    270    270    270
 21.500   44.3170  0.4600  -0.31 213.20   2.06  -0.24   72.4190  0.9790 -0.33    260    260    260
 22.000   40.9600  0.4300  -0.27 214.13   2.17   0.11   66.6440  0.9400 -0.61    258    258    258
 22.500   37.7880  0.4000  -0.27 214.91   1.95  -0.11   61.2590  0.8420 -0.57    253    253    253
 23.000   34.9560  0.3720  -0.28 215.91   1.98   0.03   56.4050  0.7650 -0.61    249    249    249
 23.500   32.3470  0.3470  -0.24 216.78   2.04  -0.26   51.9840  0.6790 -0.42    245    245    245
 24.000   29.8700  0.3260  -0.20 217.74   2.00  -0.12   47.7930  0.6170 -0.37    243    243    243
 24.500   27.6710  0.3120  -0.27 218.62   2.13  -0.16   44.0960  0.5770 -0.44    233    233    233
 25.000   25.6380  0.2950  -0.20 219.58   2.08  -0.22   40.6760  0.5170 -0.29    223    223    223
 25.500   23.6850  0.2710  -0.30 220.16   1.98  -0.26   37.4810  0.4740 -0.25    219    219    219
 26.000   21.9650  0.2630  -0.32 220.82   2.11  -0.25   34.6550  0.4660 -0.16    214    214    214
 26.500   20.2950  0.2470  -0.33 221.61   2.28  -0.10   31.9050  0.4470 -0.42    213    213    213
 27.000   18.8290  0.2350  -0.46 222.30   2.35   0.07   29.5090  0.4080 -0.32    208    208    208
 27.500   17.4780  0.2180  -0.61 222.97   2.45   0.11   27.3100  0.3650 -0.36    206    206    206
 28.000   16.1600  0.2080  -0.54 223.65   2.45   0.06   25.1730  0.3300 -0.37    201    201    201
 28.500   15.0040  0.2010  -0.62 224.26   2.50  -0.07   23.3080  0.3100 -0.26    198    198    198
 29.000   13.9330  0.1930  -0.73 224.98   2.41  -0.58   21.5750  0.2670  0.03    195    195    195
 29.500   12.9020  0.1790  -0.74 225.55   2.41  -0.73   19.9280  0.2550  0.04    189    189    189
 30.000   11.9800  0.1710  -0.88 226.01   2.47  -0.64   18.4660  0.2300  0.11    179    179    179
     T A B L E  II -  11.  T H E R M O D Y N A M I C  S T A T I S T I C A L  P A R A M E T E R S
                                  November
 Station =   72269      White Sands Missile Range
    Z      MEAN P   SD P   SKEWP  MEAN T  SD T  SKEWT    MEAN D   SD D  SKEWD  NOBSP  NOBST  NOBSD
    KM       MB       MB             K      K             G/M3    G/M3                           
  0.000 1020.0000  5.0000   0.00 290.00   5.00   0.00 1221.0000 25.0000  0.00    100    100    100
  1.219  880.4180  5.6740  -0.22 282.42   7.24  -0.04 1084.4340 31.2410  0.17    757    757    757
  1.500  852.8620  4.9830  -0.27 283.79   5.27  -0.43 1045.1230 22.5650  0.45    783    783    783
  2.000  803.2500  4.4090  -0.48 281.61   5.13  -0.58  992.0810 19.4790  0.62    907    907    907
  2.500  755.9320  4.2450  -0.63 279.20   4.88  -0.67  941.8680 16.3120  0.72    907    907    907
  3.000  711.0030  4.2960  -0.73 276.77   4.67  -0.85  893.8600 13.5050  0.90    907    907    907
  3.500  668.3790  4.4380  -0.82 274.18   4.46  -1.00  848.4400 11.3300  1.00    907    907    907
  4.000  627.9440  4.6030  -0.89 271.48   4.28  -1.09  805.2200  9.6390  0.95    907    907    907
  4.500  589.5320  4.7670  -0.95 268.61   4.27  -1.16  764.1780  8.7480  1.01    906    906    906
  5.000  553.1170  4.8910  -1.01 265.50   4.21  -1.24  725.4500  7.7930  1.00    895    895    895
  5.500  518.5390  5.0060  -1.07 262.22   4.20  -1.11  688.6750  7.0630  0.76    888    888    888
  6.000  485.6890  5.1110  -1.09 258.84   4.12  -0.95  653.5210  6.2940  0.51    886    886    886
  6.500  454.5480  5.1800  -1.10 255.35   4.05  -0.88  619.9960  5.8060  0.22    873    873    873
  7.000  425.0110  5.2190  -1.09 251.72   3.96  -0.83  588.0860  5.4020  0.09    871    871    871
  7.500  397.0580  5.2150  -1.10 248.04   3.90  -0.83  557.5880  5.1640 -0.11    856    856    856
  8.000  370.5040  5.2280  -1.06 244.29   3.89  -0.82  528.3160  5.1470 -0.46    836    836    836
  8.500  345.3700  5.1860  -1.04 240.56   3.87  -0.69  500.1180  5.2800 -0.78    827    827    827
  9.000  321.6840  5.0340  -0.98 236.94   3.78  -0.52  472.9540  5.3980 -1.06    820    820    820
  9.500  299.1660  4.9580  -0.91 233.28   3.72  -0.30  446.7670  5.6720 -1.33    797    797    797
 10.000  277.9380  4.8370  -0.85 229.79   3.64  -0.01  421.3910  6.1170 -1.48    792    792    792
 10.500  257.9370  4.6540  -0.78 226.40   3.53   0.22  396.9300  6.5860 -1.41    782    782    782
 11.000  239.1270  4.4560  -0.71 223.19   3.49   0.28  373.2920  7.2350 -1.38    769    769    769
 11.500  221.4080  4.2060  -0.62 220.27   3.58   0.33  350.2320  7.9070 -1.29    757    757    757
 12.000  204.8770  3.9050  -0.51 217.77   3.74   0.31  327.8450  8.3590 -1.04    750    750    750
 12.500  189.3960  3.6100  -0.40 215.59   3.87   0.21  306.1630  8.5600 -0.78    727    727    727
 13.000  174.8950  3.2520  -0.32 213.78   3.84   0.10  285.1150  8.2760 -0.65    709    709    709
 13.500  161.4760  2.9330  -0.25 212.21   3.63   0.15  265.1940  7.6830 -0.60    697    697    697
 14.000  149.0050  2.6270  -0.17 210.78   3.52   0.18  246.3720  7.1090 -0.46    670    670    670
 14.500  137.4240  2.3450  -0.11 209.32   3.41   0.37  228.8000  6.5550 -0.47    645    645    645
 15.000  126.6690  2.0710  -0.05 207.91   3.40   0.49  212.3330  6.0560 -0.42    627    627    627
 15.500  116.6800  1.8140   0.00 206.69   3.48   0.41  196.7460  5.6610 -0.29    616    616    616
 16.000  107.4840  1.6030   0.02 205.67   3.58   0.40  182.1440  5.2640 -0.25    587    587    587
 16.500   99.0290  1.3820   0.08 204.85   3.78   0.27  168.4890  4.8850 -0.17    529    529    529
 17.000   91.1380  1.1870   0.13 204.64   3.85   0.36  155.2280  4.4020 -0.11    517    517    517
 17.500   83.8960  1.0200   0.12 204.78   4.00   0.35  142.8000  4.0590 -0.08    492    492    492
 18.000   77.2260  0.8670   0.08 205.18   3.94   0.22  131.1800  3.5330  0.03    471    471    471
 18.500   71.1090  0.7420   0.00 205.74   3.51   0.13  120.4490  2.8660  0.17    432    432    432
 19.000   65.4910  0.6430  -0.06 206.45   3.34   0.15  110.5460  2.4190  0.19    388    388    388
 19.500   60.3040  0.5650  -0.08 207.34   3.23   0.12  101.3500  2.0530  0.21    383    383    383
 20.000   55.5730  0.5100  -0.11 208.28   2.89  -0.12   92.9730  1.6760  0.41    360    360    360
 20.500   51.2380  0.4620  -0.09 209.37   2.79  -0.01   85.2690  1.3680  0.30    348    348    348
 21.000   47.2180  0.4300  -0.09 210.35   2.78   0.00   78.2120  1.1810  0.23    342    342    342
 21.500   43.5780  0.4100  -0.06 211.48   2.56  -0.16   71.7950  1.0170  0.12    334    334    334
 22.000   40.2440  0.3880  -0.01 212.43   2.56  -0.01   66.0050  0.9170  0.04    326    326    326
 22.500   37.1220  0.3600   0.05 213.27   2.39  -0.11   60.6420  0.7980 -0.03    324    324    324
 23.000   34.3150  0.3460   0.05 214.09   2.37  -0.12   55.8440  0.6970 -0.02    317    317    317
 23.500   31.7350  0.3290   0.06 215.05   2.29  -0.19   51.4110  0.5780 -0.01    314    314    314
 24.000   29.2820  0.3130   0.05 215.82   2.26  -0.13   47.2690  0.5050 -0.00    312    312    312
 24.500   27.1020  0.3080   0.03 216.61   2.41  -0.01   43.5910  0.4960  0.03    302    302    302
 25.000   25.0930  0.2960  -0.01 217.50   2.69   0.05   40.1940  0.4780  0.02    297    297    297
 25.500   23.1640  0.2840   0.03 218.15   2.69   0.01   36.9940  0.4460 -0.26    293    293    293
 26.000   21.4630  0.2760  -0.04 218.80   2.91   0.05   34.1760  0.4410 -0.24    288    288    288
 26.500   19.8260  0.2650   0.02 219.32   3.02   0.06   31.4940  0.4460 -0.15    287    287    287
 27.000   18.3770  0.2590   0.03 219.80   3.03   0.20   29.1280  0.4230  0.01    281    281    281
 27.500   17.0360  0.2480  -0.11 220.22   3.16   0.48   26.9510  0.4120 -0.18    279    279    279
 28.000   15.7390  0.2350  -0.00 220.61   3.29   0.41   24.8560  0.4120 -0.02    274    274    274
 28.500   14.6010  0.2240  -0.08 221.18   3.30   0.37   23.0000  0.3900 -0.01    261    261    261
 29.000   13.5500  0.2140  -0.03 221.80   3.34   0.36   21.2840  0.3690 -0.05    250    250    250
 29.500   12.5270  0.2020   0.13 222.25   3.47   0.34   19.6380  0.3590  0.09    238    238    238
 30.000   11.6240  0.1780  -0.16 222.97   3.60   0.43   18.1640  0.3190 -0.31    216    216    216
     T A B L E  II -  12.  T H E R M O D Y N A M I C  S T A T I S T I C A L  P A R A M E T E R S
                                  December
 Station =   72269      White Sands Missile Range
    Z      MEAN P   SD P   SKEWP  MEAN T  SD T  SKEWT    MEAN D   SD D  SKEWD  NOBSP  NOBST  NOBSD
    KM       MB       MB             K      K             G/M3    G/M3                           
  0.000 1020.0000  5.0000   0.00 290.00   5.00   0.00 1221.0000 25.0000  0.00    100    100    100
  1.219  880.4140  5.7770  -0.21 278.41   6.28  -0.01 1100.2410 27.9270  0.08    589    589    589
  1.500  852.6020  4.7710  -0.13 279.56   4.88  -0.36 1060.9530 21.1100  0.45    639    639    639
  2.000  802.1080  4.5440  -0.08 277.89   4.68  -0.17 1004.2050 17.9310  0.34    719    719    719
  2.500  754.2660  4.4150  -0.19 275.93   4.69  -0.30  951.2120 15.3450  0.54    719    719    719
  3.000  708.9220  4.5200  -0.25 273.68   4.74  -0.52  901.5920 13.1950  0.85    718    718    718
  3.500  665.9410  4.7210  -0.31 271.13   4.66  -0.63  855.0760 11.3850  0.98    718    718    718
  4.000  625.2070  4.9350  -0.35 268.55   4.54  -0.79  810.6530  9.8870  1.11    717    717    717
  4.500  586.5410  5.1270  -0.41 265.68   4.41  -0.91  768.8010  8.6290  1.28    717    717    717
  5.000  549.9210  5.3020  -0.46 262.52   4.38  -0.96  729.5410  7.7080  1.21    709    709    709
  5.500  515.1640  5.4460  -0.49 259.20   4.40  -0.98  692.2260  7.0920  0.93    704    704    704
  6.000  482.1560  5.5650  -0.53 255.76   4.47  -0.92  656.6120  6.6300  0.57    700    700    700
  6.500  450.8610  5.6780  -0.55 252.22   4.53  -0.84  622.6510  6.1830  0.24    682    682    682
  7.000  421.2240  5.7550  -0.59 248.63   4.51  -0.81  590.1500  5.7740 -0.06    681    681    681
  7.500  393.2670  5.6920  -0.60 245.07   4.32  -0.58  558.9770  5.3320 -0.33    668    668    668
  8.000  366.7890  5.6300  -0.62 241.52   4.04  -0.34  529.0230  5.1980 -0.29    641    641    641
  8.500  341.6440  5.5730  -0.61 237.93   3.89  -0.15  500.2120  5.5390 -0.41    636    636    636
  9.000  317.8760  5.4680  -0.56 234.41   3.85   0.00  472.4270  6.3730 -0.90    630    630    630
  9.500  295.4820  5.3570  -0.52 230.94   3.99   0.28  445.7610  7.3490 -1.32    611    611    611
 10.000  274.3150  5.1650  -0.46 227.53   4.05   0.59  420.0670  7.9950 -1.40    607    607    607
 10.500  254.3870  4.9520  -0.39 224.42   4.08   0.86  394.9720  8.6980 -1.28    597    597    597
 11.000  235.7080  4.6770  -0.35 221.49   4.05   0.98  370.8370  9.2020 -1.08    579    579    579
 11.500  218.1530  4.3490  -0.29 218.93   4.23   0.85  347.2590  9.8070 -0.82    574    574    574
 12.000  201.7390  3.9900  -0.24 216.73   4.48   0.61  324.4370 10.1710 -0.57    566    566    566
 12.500  186.4630  3.6280  -0.20 215.11   4.68   0.31  302.1680 10.3090 -0.30    544    544    544
 13.000  172.2330  3.2270  -0.20 213.81   4.81   0.10  280.8180  9.8780 -0.10    542    542    542
 13.500  159.0450  2.8550  -0.19 212.89   4.64  -0.09  260.4290  9.0600  0.08    535    535    535
 14.000  146.7640  2.5110  -0.18 212.12   4.36  -0.19  241.1830  8.0580  0.13    522    522    522
 14.500  135.4250  2.1910  -0.21 211.08   4.16  -0.10  223.6270  7.0970  0.05    504    504    504
 15.000  124.9270  1.9100  -0.21 209.88   4.02   0.16  207.4700  6.3030 -0.09    496    496    496
 15.500  115.1480  1.6620  -0.17 208.70   3.88   0.30  192.3060  5.6020 -0.17    481    481    481
 16.000  106.0990  1.4430  -0.16 207.69   3.87   0.39  178.0520  5.0190 -0.21    452    452    452
 16.500   97.7580  1.2580  -0.18 206.99   3.89   0.38  164.6070  4.5210 -0.16    394    394    394
 17.000   90.0270  1.1060  -0.16 206.61   4.05   0.33  151.8700  4.1800 -0.16    375    375    375
 17.500   82.9200  0.9450  -0.16 206.57   4.15   0.41  139.9150  3.8140 -0.27    355    355    355
 18.000   76.3770  0.8150  -0.14 206.77   4.25   0.32  128.7480  3.4380 -0.25    349    349    349
 18.500   70.3810  0.6970  -0.20 207.00   3.88  -0.03  118.4960  2.8000  0.04    309    309    309
 19.000   64.8760  0.6110  -0.18 207.37   3.50  -0.09  109.0190  2.2570 -0.01    278    278    278
 19.500   59.7610  0.5610  -0.17 207.92   3.27  -0.02  100.1540  1.8970 -0.06    264    264    264
 20.000   55.0780  0.5200  -0.14 208.48   3.16  -0.24   92.0540  1.5450 -0.06    249    249    249
 20.500   50.7860  0.4930  -0.17 209.14   3.18  -0.44   84.6100  1.3180 -0.06    237    237    237
 21.000   46.8090  0.4760  -0.16 210.02   3.03  -0.43   77.6570  1.1450 -0.03    234    234    234
 21.500   43.1960  0.4580  -0.25 210.75   2.80  -0.23   71.4120  0.9320 -0.12    228    228    228
 22.000   39.8890  0.4330  -0.34 211.68   2.83  -0.29   65.6540  0.8570 -0.15    223    223    223
 22.500   36.7810  0.4180  -0.32 212.42   2.67   0.10   60.3270  0.7830 -0.38    219    219    219
 23.000   33.9820  0.4030  -0.27 213.15   2.59   0.17   55.5450  0.7040 -0.34    219    219    219
 23.500   31.4060  0.3880  -0.30 213.89   2.87   0.14   51.1570  0.7070 -0.62    215    215    215
 24.000   28.9880  0.3660  -0.26 214.66   3.12   0.20   47.0520  0.7120 -0.70    212    212    212
 24.500   26.8100  0.3480  -0.26 215.41   3.38   0.40   43.3650  0.7120 -0.82    211    211    211
 25.000   24.8080  0.3310  -0.19 215.95   3.78   0.53   40.0280  0.7030 -0.82    206    206    206
 25.500   22.8920  0.3020  -0.26 216.65   4.04   0.42   36.8180  0.6520 -0.87    204    204    204
 26.000   21.1950  0.3000  -0.24 217.23   4.26   0.42   33.9990  0.6120 -0.71    201    201    201
 26.500   19.5730  0.2880  -0.25 217.93   4.20   0.44   31.2960  0.5860 -0.57    199    199    199
 27.000   18.1280  0.2850  -0.19 218.66   4.17   0.58   28.8880  0.5540 -0.73    193    193    193
 27.500   16.8090  0.2740  -0.17 219.51   4.49   0.65   26.6830  0.5350 -0.98    186    186    186
 28.000   15.5300  0.2570   0.01 220.21   4.75   0.67   24.5760  0.5060 -1.01    181    181    181
 28.500   14.3920  0.2460   0.07 220.67   4.80   0.62   22.7270  0.4530 -0.91    173    173    173
 29.000   13.3560  0.2490   0.15 221.32   4.83   0.71   21.0270  0.4100 -0.61    160    160    160
 29.500   12.3410  0.2280   0.02 222.13   5.02   0.66   19.3600  0.4060 -0.85    152    152    152
 30.000   11.4550  0.2140   0.20 222.63   4.63   0.57   17.9270  0.3450 -0.47    136    136    136
     T A B L E  II -  13.  T H E R M O D Y N A M I C  S T A T I S T I C A L  P A R A M E T E R S
                                    Annual
 Station =   72269      White Sands Missile Range
    Z      MEAN P   SD P   SKEWP  MEAN T  SD T  SKEWT    MEAN D   SD D  SKEWD  NOBSP  NOBST  NOBSD
    KM       MB       MB             K      K             G/M3    G/M3                           
  0.000 1020.0000  5.0000   0.00 290.00   5.00   0.00 1221.0000 25.0000  0.00    100    100    100
  1.219  878.0750  5.0330   0.01 289.37   9.84  -0.13 1054.8210 39.1570  0.35   8968   8968   8968
  1.500  851.5120  4.1850  -0.08 289.51   8.27  -0.31 1022.2460 31.5570  0.51   9698   9698   9698
  2.000  802.7610  4.0910  -0.51 286.73   7.73  -0.34  973.1330 26.5460  0.49  10990  10990  10990
  2.500  756.2710  4.3980  -0.67 283.59   7.26  -0.36  927.0830 22.1690  0.47  10990  10990  10990
  3.000  711.9630  4.8980  -0.68 280.30   6.80  -0.42  883.1940 18.2770  0.49  10989  10989  10989
  3.500  669.7720  5.4200  -0.67 276.93   6.33  -0.49  841.1670 14.8670  0.53  10988  10988  10988
  4.000  629.6240  5.8830  -0.65 273.57   5.94  -0.59  800.6530 12.0800  0.62  10968  10968  10968
  4.500  591.3820  6.2700  -0.65 270.20   5.67  -0.68  761.5790  9.9680  0.74  10948  10948  10948
  5.000  555.0730  6.5870  -0.66 266.88   5.57  -0.74  723.8940  8.5160  0.78  10647  10647  10647
  5.500  520.6150  6.8270  -0.67 263.60   5.61  -0.71  687.5540  7.5780  0.64  10459  10459  10459
  6.000  487.8200  7.0470  -0.68 260.30   5.76  -0.66  652.5550  6.9590  0.51  10399  10399  10399
  6.500  456.7720  7.2430  -0.68 256.99   5.97  -0.58  619.0100  6.4650  0.38  10197  10197  10197
  7.000  427.2890  7.4190  -0.68 253.55   6.18  -0.50  586.9770  6.0430  0.27  10153  10153  10153
  7.500  399.3810  7.5630  -0.66 250.03   6.30  -0.42  556.4080  5.5540  0.15   9957   9957   9957
  8.000  372.9190  7.6810  -0.63 246.42   6.36  -0.33  527.1610  5.1780  0.03   9512   9512   9512
  8.500  347.8380  7.7590  -0.60 242.77   6.38  -0.25  499.1130  5.0160 -0.26   9419   9419   9419
  9.000  324.1250  7.7810  -0.56 239.13   6.34  -0.18  472.1900  5.0270 -0.79   9322   9322   9322
  9.500  301.7200  7.7760  -0.51 235.51   6.24  -0.13  446.3050  5.3100 -1.42   9077   9077   9077
 10.000  280.4970  7.7090  -0.45 231.93   6.07  -0.10  421.3160  5.8310 -1.92   8998   8998   8998
 10.500  260.5200  7.5900  -0.39 228.50   5.81  -0.09  397.1870  6.5470 -2.08   8877   8877   8877
 11.000  241.7070  7.4240  -0.33 225.27   5.48  -0.15  373.7930  7.4870 -1.96   8675   8675   8675
 11.500  223.9850  7.1730  -0.27 222.34   5.10  -0.26  350.9590  8.5400 -1.67   8579   8579   8579
 12.000  207.4110  6.8490  -0.21 219.75   4.67  -0.35  328.8320  9.4720 -1.35   8469   8469   8469
 12.500  191.8810  6.4680  -0.15 217.48   4.25  -0.41  307.4150 10.2540 -1.00   8205   8205   8205
 13.000  177.3490  6.0200  -0.09 215.49   3.80  -0.30  286.7890 10.7380 -0.71   8069   8069   8069
 13.500  163.8220  5.5380  -0.06 213.62   3.54   0.07  267.2670 10.9380 -0.48   7911   7911   7911
 14.000  151.2060  5.0520  -0.02 211.82   3.59   0.38  248.8140 10.9420 -0.29   7531   7531   7531
 14.500  139.4950  4.5630   0.01 210.04   3.83   0.48  231.5280 10.6940 -0.17   7145   7145   7145
 15.000  128.6010  4.0850   0.02 208.34   4.12   0.43  215.2130 10.2490 -0.09   6964   6964   6964
 15.500  118.4720  3.6280   0.04 206.91   4.34   0.34  199.6430  9.5690 -0.03   6800   6800   6800
 16.000  109.1150  3.2120   0.04 205.85   4.38   0.32  184.8260  8.6920 -0.02   6484   6484   6484
 16.500  100.5700  2.8410  -0.01 205.10   4.28   0.34  170.9640  7.6800 -0.08   5895   5895   5895
 17.000   92.5290  2.5200   0.01 204.96   4.03   0.40  157.3840  6.6000 -0.12   5645   5645   5645
 17.500   85.1700  2.2520   0.03 205.26   3.75   0.44  144.6330  5.6110 -0.20   5380   5380   5380
 18.000   78.4190  2.0270   0.06 205.90   3.49   0.37  132.7400  4.7120 -0.27   5195   5195   5195
 18.500   72.2490  1.8420   0.07 206.77   3.10   0.04  121.7630  3.8550 -0.28   4780   4780   4780
 19.000   66.5650  1.6910   0.10 207.72   2.88  -0.32  111.6540  3.1670 -0.25   4326   4326   4326
 19.500   61.3050  1.5580   0.14 208.65   2.86  -0.48  102.3670  2.6730 -0.19   4167   4167   4167
 20.000   56.5040  1.4480   0.17 209.70   2.78  -0.65   93.8720  2.2730 -0.13   3925   3925   3925
 20.500   52.1300  1.3620   0.17 210.77   2.79  -0.78   86.1660  2.0210 -0.04   3768   3768   3768
 21.000   48.0620  1.2750   0.17 211.77   2.78  -0.78   79.0630  1.8290  0.00   3704   3704   3704
 21.500   44.3810  1.2030   0.17 212.71   2.69  -0.80   72.6830  1.6410  0.05   3591   3591   3591
 22.000   41.0080  1.1380   0.15 213.64   2.73  -0.79   66.8650  1.5100  0.09   3494   3494   3494
 22.500   37.8360  1.0670   0.15 214.53   2.74  -0.73   61.4370  1.3820  0.13   3450   3450   3450
 23.000   34.9850  1.0130   0.13 215.39   2.82  -0.70   56.5790  1.2660  0.17   3387   3387   3387
 23.500   32.3650  0.9650   0.12 216.23   2.94  -0.75   52.1380  1.1780  0.17   3349   3349   3349
 24.000   29.8840  0.9040   0.10 217.10   3.04  -0.71   47.9480  1.0940  0.17   3324   3324   3324
 24.500   27.6630  0.8640   0.08 217.91   3.13  -0.68   44.2200  1.0380  0.15   3228   3228   3228
 25.000   25.6200  0.8230   0.07 218.74   3.28  -0.61   40.7980  0.9880  0.14   3148   3148   3148
 25.500   23.6680  0.7750   0.05 219.57   3.34  -0.58   37.5470  0.9200  0.12   3110   3110   3110
 26.000   21.9340  0.7400   0.04 220.35   3.46  -0.54   34.6720  0.8700  0.10   3044   3044   3044
 26.500   20.2700  0.6960   0.03 221.17   3.57  -0.48   31.9220  0.8200  0.08   3015   3015   3015
 27.000   18.7990  0.6640   0.01 221.97   3.55  -0.43   29.4990  0.7770  0.07   2950   2950   2950
 27.500   17.4410  0.6330   0.00 222.78   3.64  -0.41   27.2690  0.7460  0.02   2882   2882   2882
 28.000   16.1270  0.5950  -0.01 223.66   3.80  -0.39   25.1160  0.7120 -0.04   2835   2835   2835
 28.500   14.9750  0.5690  -0.04 224.45   3.90  -0.41   23.2380  0.6820 -0.09   2735   2735   2735
 29.000   13.9130  0.5420  -0.04 225.31   3.97  -0.40   21.5080  0.6550 -0.10   2623   2623   2623
 29.500   12.8760  0.5080  -0.05 226.18   4.05  -0.39   19.8280  0.6270 -0.12   2543   2543   2543
 30.000   11.9710  0.4840  -0.06 227.04   4.09  -0.41   18.3670  0.6020 -0.12   2344   2344   2344
