      72293      32.87N  117.14W
     T A B L E  II -   1.  T H E R M O D Y N A M I C  S T A T I S T I C A L  P A R A M E T E R S
                                   January
 STATION =   722930     YUMA PROVING GROUNDS, AZ
    Z      MEAN P   SD P   SKEWP  MEAN T  SD T  SKEWT    MEAN D   SD D  SKEWD  NOBSP  NOBST  NOBSD
    KM       MB       MB             K      K             G/M3    G/M3                           
  0.000 1020.0000  5.0000   0.00 290.00   5.00   0.00 1221.0000 25.0000  0.00    100    100    100
  0.098 1003.4840  5.1140  -0.58 284.53   5.25   0.41 1226.5470 24.5890 -0.16    640    640    640
  0.500  955.0750  6.2640  -0.26 287.32   3.85  -0.59 1155.8490 18.9840  0.74   1820   1820   1820
  1.000  905.4150  4.3340  -0.24 285.30   4.12  -0.64 1103.7190 16.3370  0.76   1825   1825   1825
  1.500  852.7490  4.0680  -0.34 282.80   4.47  -0.66 1049.0040 15.7730  0.81   1849   1849   1849
  2.000  802.6290  4.2380  -0.47 280.31   4.61  -0.79  996.4370 14.3060  0.95   1854   1854   1854
  2.500  755.0350  4.5420  -0.43 277.72   4.55  -0.91  946.2850 12.2490  1.08   1854   1854   1854
  3.000  709.8380  4.7710  -0.60 275.00   4.43  -0.96  898.5660 10.4910  1.10   1853   1853   1853
  3.500  666.9950  5.0520  -0.67 272.11   4.35  -0.95  853.3940  9.1230  1.02   1853   1853   1853
  4.000  626.1980  5.2790  -0.69 269.05   4.32  -0.98  810.3980  8.1430  0.94   1853   1853   1853
  4.500  587.4680  5.4610  -0.76 265.81   4.32  -1.03  769.6070  7.3150  0.84   1853   1853   1853
  5.000  550.7010  5.6620  -0.77 262.46   4.32  -1.06  730.7020  6.6790  0.75   1853   1853   1853
  5.500  515.9200  5.9670  -0.53 259.01   4.36  -1.10  693.7350  6.3760  0.71   1853   1853   1853
  6.000  482.9520  6.0840  -0.58 255.45   4.36  -1.09  658.4720  6.0230  0.52   1851   1851   1851
  6.500  451.5390  6.2970  -0.31 251.81   4.33  -0.98  624.5790  5.7850  0.44   1849   1849   1849
  7.000  421.7220  6.1740  -0.63 248.11   4.25  -0.81  592.0510  5.5620  0.11   1844   1844   1844
  7.500  393.5690  6.1740  -0.64 244.37   4.09  -0.58  561.0180  5.5430 -0.05   1836   1836   1836
  8.000  366.8110  6.1370  -0.60 240.55   3.90  -0.38  531.1870  5.6670 -0.19   1831   1831   1831
  8.500  341.5220  6.0850  -0.44 236.73   3.70  -0.20  502.5520  6.0070 -0.35   1822   1822   1822
  9.000  317.5640  5.7950  -0.61 232.95   3.45   0.01  474.8970  6.2550 -0.81   1809   1809   1809
  9.500  295.1220  5.7060  -0.43 229.29   3.21   0.12  448.3920  7.1020 -0.88   1800   1800   1800
 10.000  273.7160  5.3760  -0.53 225.76   3.11   0.21  422.3940  7.9570 -1.27   1782   1782   1782
 10.500  253.8090  5.1190  -0.28 222.49   3.30   0.45  397.4620  8.9470 -1.26   1761   1761   1761
 11.000  235.1110  4.9560   0.03 219.71   3.63   0.70  372.8820  9.9730 -1.08   1715   1715   1715
 11.500  217.6840  4.9830   0.52 217.62   4.20   0.71  348.6240 11.1780 -0.64   1683   1683   1683
 12.000  201.0450  4.3030   0.59 216.16   4.98   0.48  324.2240 11.5010 -0.38   1602   1602   1602
 12.500  185.6420  3.5370   0.22 215.36   5.30   0.14  300.5260 10.8220 -0.17   1499   1499   1499
 13.000  171.4970  3.1710   0.45 214.90   5.18  -0.24  278.2190  9.8030  0.15   1407   1407   1407
 13.500  158.4150  2.8360   0.62 214.47   4.64  -0.45  257.4670  8.3220  0.28   1361   1361   1361
 14.000  146.3180  2.5190   0.68 213.73   3.94  -0.27  238.5930  6.8690  0.24   1248   1248   1248
 14.500  135.0350  2.2600   0.76 212.65   3.42  -0.12  221.2910  5.8730  0.18   1178   1178   1178
 15.000  124.6860  2.0910   1.12 211.36   3.08   0.00  205.5660  5.2010  0.17   1130   1130   1130
 15.500  114.9930  1.8390   1.02 210.08   2.94   0.10  190.7460  4.7500  0.15   1083   1083   1083
 16.000  105.9830  1.5940   1.09 208.75   2.95   0.12  176.9230  4.3950  0.21   1044   1044   1044
 16.500   97.8570  1.5750   1.46 207.47   2.99   0.16  164.3650  4.1630  0.34    847    847    847
 17.000   90.1980  1.5920   1.77 206.77   3.09   0.25  152.0070  3.8860  0.41    810    810    810
 17.500   83.1720  1.6720   2.17 206.37   3.07   0.33  140.4370  3.6950  0.60    773    773    773
 18.000   76.6060  1.4610   1.84 206.26   2.92   0.22  129.4150  3.3140  0.65    715    715    715
 18.500   70.6380  1.5150   1.67 206.51   2.79  -0.07  119.1930  3.2870  0.88    660    660    660
 19.000   65.0950  1.3830   1.62 207.01   2.54  -0.08  109.5660  2.8320  0.95    586    586    586
 19.500   60.1590  1.4130   1.44 207.57   2.37  -0.14  100.9830  2.7950  1.03    519    519    519
 20.000   55.5350  1.3320   1.24 208.23   2.38  -0.17   92.9240  2.5530  1.00    430    430    430
 20.500   50.3490  0.3860  -1.71 205.43   2.96   0.40   85.3990  1.3760 -0.19     10     10     10
 21.000 -999.9900 -9.9900  99.99 999.90 999.90  99.99 -999.9900 99.9900 99.99      0      0      0
 21.500 -999.9900 -9.9900  99.99 999.90 999.90  99.99 -999.9900 99.9900 99.99      0      0      0
 22.000 -999.9900 -9.9900  99.99 999.90 999.90  99.99 -999.9900 99.9900 99.99      0      0      0
 22.500 -999.9900 -9.9900  99.99 999.90 999.90  99.99 -999.9900 99.9900 99.99      0      0      0
 23.000 -999.9900 -9.9900  99.99 999.90 999.90  99.99 -999.9900 99.9900 99.99      0      0      0
 23.500 -999.9900 -9.9900  99.99 999.90 999.90  99.99 -999.9900 99.9900 99.99      0      0      0
 24.000 -999.9900 -9.9900  99.99 999.90 999.90  99.99 -999.9900 99.9900 99.99      0      0      0
 24.500 -999.9900 -9.9900  99.99 999.90 999.90  99.99 -999.9900 99.9900 99.99      0      0      0
 25.000 -999.9900 -9.9900  99.99 999.90 999.90  99.99 -999.9900 99.9900 99.99      0      0      0
 25.500 -999.9900 -9.9900  99.99 999.90 999.90  99.99 -999.9900 99.9900 99.99      0      0      0
 26.000 -999.9900 -9.9900  99.99 999.90 999.90  99.99 -999.9900 99.9900 99.99      0      0      0
 26.500 -999.9900 -9.9900  99.99 999.90 999.90  99.99 -999.9900 99.9900 99.99      0      0      0
 27.000 -999.9900 -9.9900  99.99 999.90 999.90  99.99 -999.9900 99.9900 99.99      0      0      0
 27.500 -999.9900 -9.9900  99.99 999.90 999.90  99.99 -999.9900 99.9900 99.99      0      0      0
 28.000 -999.9900 -9.9900  99.99 999.90 999.90  99.99 -999.9900 99.9900 99.99      0      0      0
 28.500 -999.9900 -9.9900  99.99 999.90 999.90  99.99 -999.9900 99.9900 99.99      0      0      0
 29.000 -999.9900 -9.9900  99.99 999.90 999.90  99.99 -999.9900 99.9900 99.99      0      0      0
 29.500 -999.9900 -9.9900  99.99 999.90 999.90  99.99 -999.9900 99.9900 99.99      0      0      0
 30.000 -999.9900 -9.9900  99.99 999.90 999.90  99.99 -999.9900 99.9900 99.99      0      0      0
     T A B L E  II -   2.  T H E R M O D Y N A M I C  S T A T I S T I C A L  P A R A M E T E R S
                                  February
 STATION =   722930     YUMA PROVING GROUNDS, AZ
    Z      MEAN P   SD P   SKEWP  MEAN T  SD T  SKEWT    MEAN D   SD D  SKEWD  NOBSP  NOBST  NOBSD
    KM       MB       MB             K      K             G/M3    G/M3                           
  0.000 1020.0000  5.0000   0.00 290.00   5.00   0.00 1221.0000 25.0000  0.00    100    100    100
  0.098 1000.8830  5.5280  -0.32 286.34   5.57   0.52 1215.4500 25.4150 -0.17    623    623    623
  0.500  952.4800  6.3110  -0.22 288.18   4.81  -0.26 1149.2729 21.8600  0.37   1978   1978   1978
  1.000  903.5450  4.3520  -0.35 285.58   5.12  -0.23 1100.3920 19.5120  0.41   1986   1986   1986
  1.500  851.0630  4.2580  -0.47 282.45   5.47  -0.22 1048.2500 18.6440  0.37   2008   2008   2008
  2.000  800.9270  4.5100  -0.44 279.60   5.65  -0.31  996.9310 17.1930  0.45   2015   2015   2015
  2.500  753.2710  4.9840  -0.41 276.94   5.64  -0.45  946.8860 15.1940  0.59   2015   2015   2015
  3.000  708.1370  5.3270  -0.35 274.35   5.42  -0.56  898.6940 12.8150  0.68   2015   2015   2015
  3.500  665.2750  5.7350  -0.33 271.58   5.12  -0.66  853.0050 10.5450  0.76   2016   2016   2016
  4.000  624.4960  5.9740  -0.43 268.54   4.98  -0.78  809.8540  9.0440  0.87   2015   2015   2015
  4.500  585.7690  6.2770  -0.47 265.27   4.91  -0.85  769.0200  7.8440  0.87   2014   2014   2014
  5.000  549.0660  6.5030  -0.49 261.90   4.83  -0.84  730.1680  6.7910  0.64   2013   2013   2013
  5.500  514.3720  6.7310  -0.45 258.48   4.76  -0.79  693.0980  6.0820  0.50   2012   2012   2012
  6.000  481.4760  7.0230  -0.32 254.99   4.71  -0.73  657.6730  5.7780  0.61   2008   2008   2008
  6.500  450.0990  7.0640  -0.32 251.37   4.64  -0.69  623.6990  5.4580  0.36   1996   1996   1996
  7.000  420.3840  7.0850  -0.26 247.68   4.58  -0.65  591.2100  5.5940  0.26   1984   1984   1984
  7.500  392.2110  6.9270  -0.47 243.98   4.51  -0.52  559.9710  5.5940 -0.43   1968   1968   1968
  8.000  365.3590  6.7470  -0.57 240.23   4.37  -0.29  529.7790  5.4290 -0.81   1955   1955   1955
  8.500  340.1960  6.6850  -0.46 236.53   4.19  -0.15  501.0320  5.7680 -0.95   1949   1949   1949
  9.000  316.5040  6.7070  -0.32 232.84   4.03  -0.10  473.5210  6.6610 -1.01   1943   1943   1943
  9.500  294.0530  6.3590  -0.39 229.24   3.87   0.02  446.8590  7.4520 -1.31   1918   1918   1918
 10.000  272.8180  6.0050  -0.37 225.90   3.78   0.26  420.7540  8.2530 -1.35   1893   1893   1893
 10.500  252.9780  5.7470  -0.22 222.88   3.97   0.60  395.4670  9.2840 -1.18   1869   1869   1869
 11.000  234.3200  5.6080  -0.05 220.33   4.32   0.78  370.5920 10.4780 -0.93   1822   1822   1822
 11.500  217.0120  5.3820   0.23 218.40   4.82   0.72  346.3120 11.3930 -0.58   1791   1791   1791
 12.000  200.7500  4.9990   0.23 217.07   5.22   0.44  322.3930 11.8060 -0.34   1699   1699   1699
 12.500  185.3650  4.4680   0.34 216.17   5.24   0.04  298.9440 11.4330 -0.01   1575   1575   1575
 13.000  171.2320  3.8410   0.21 215.66   4.88  -0.30  276.7780  9.9990  0.04   1502   1502   1502
 13.500  158.3090  3.5090   0.32 215.10   4.11  -0.37  256.5280  8.7050  0.05   1464   1464   1464
 14.000  146.2600  3.0640   0.16 214.08   3.53  -0.30  238.1060  7.5510 -0.08   1349   1349   1349
 14.500  135.0380  2.8380   0.29 212.69   3.27  -0.19  221.2660  7.0190 -0.03   1313   1313   1313
 15.000  124.6420  2.6180   0.82 211.21   3.19   0.05  205.6670  6.5800  0.09   1290   1290   1290
 15.500  114.9310  2.1790   0.45 209.72   3.28   0.14  190.9940  5.9980  0.06   1247   1247   1247
 16.000  106.0430  2.1520   1.17 208.34   3.40   0.12  177.4000  5.7710  0.28   1225   1225   1225
 16.500   97.7780  1.8520   0.93 207.01   3.53   0.20  164.6240  5.2790  0.21    964    964    964
 17.000   90.0060  1.5440   0.74 206.18   3.60   0.11  152.1490  4.6680  0.19    934    934    934
 17.500   82.9160  1.4420   1.09 205.51   3.53   0.04  140.6170  4.2060  0.31    910    910    910
 18.000   76.4250  1.5000   1.64 205.35   3.45   0.10  129.7080  3.9570  0.45    885    885    885
 18.500   70.3620  1.3690   1.79 205.56   3.35   0.17  119.2920  3.4980  0.48    835    835    835
 19.000   64.7760  1.2670   1.90 205.89   3.20   0.21  109.6400  3.1510  0.83    781    781    781
 19.500   59.7670  1.2460   1.64 206.49   3.09   0.37  100.8630  2.8830  0.74    723    723    723
 20.000   55.2620  1.3590   1.38 207.43   3.20   0.37   92.8390  2.8730  0.85    661    661    661
 20.500   50.2710  0.5430   0.18 209.19   2.40   0.10   83.7350  1.6580  0.10     18     18     18
 21.000   46.2560  0.4480   0.20 210.51   3.20  -0.16   76.5690  1.7260  0.19     12     12     12
 21.500 -999.9900 -9.9900  99.99 999.90 999.90  99.99 -999.9900 99.9900 99.99      0      0      0
 22.000 -999.9900 -9.9900  99.99 999.90 999.90  99.99 -999.9900 99.9900 99.99      0      0      0
 22.500 -999.9900 -9.9900  99.99 999.90 999.90  99.99 -999.9900 99.9900 99.99      0      0      0
 23.000 -999.9900 -9.9900  99.99 999.90 999.90  99.99 -999.9900 99.9900 99.99      0      0      0
 23.500 -999.9900 -9.9900  99.99 999.90 999.90  99.99 -999.9900 99.9900 99.99      0      0      0
 24.000 -999.9900 -9.9900  99.99 999.90 999.90  99.99 -999.9900 99.9900 99.99      0      0      0
 24.500 -999.9900 -9.9900  99.99 999.90 999.90  99.99 -999.9900 99.9900 99.99      0      0      0
 25.000 -999.9900 -9.9900  99.99 999.90 999.90  99.99 -999.9900 99.9900 99.99      0      0      0
 25.500 -999.9900 -9.9900  99.99 999.90 999.90  99.99 -999.9900 99.9900 99.99      0      0      0
 26.000 -999.9900 -9.9900  99.99 999.90 999.90  99.99 -999.9900 99.9900 99.99      0      0      0
 26.500 -999.9900 -9.9900  99.99 999.90 999.90  99.99 -999.9900 99.9900 99.99      0      0      0
 27.000 -999.9900 -9.9900  99.99 999.90 999.90  99.99 -999.9900 99.9900 99.99      0      0      0
 27.500 -999.9900 -9.9900  99.99 999.90 999.90  99.99 -999.9900 99.9900 99.99      0      0      0
 28.000 -999.9900 -9.9900  99.99 999.90 999.90  99.99 -999.9900 99.9900 99.99      0      0      0
 28.500 -999.9900 -9.9900  99.99 999.90 999.90  99.99 -999.9900 99.9900 99.99      0      0      0
 29.000 -999.9900 -9.9900  99.99 999.90 999.90  99.99 -999.9900 99.9900 99.99      0      0      0
 29.500 -999.9900 -9.9900  99.99 999.90 999.90  99.99 -999.9900 99.9900 99.99      0      0      0
 30.000 -999.9900 -9.9900  99.99 999.90 999.90  99.99 -999.9900 99.9900 99.99      0      0      0
     T A B L E  II -   3.  T H E R M O D Y N A M I C  S T A T I S T I C A L  P A R A M E T E R S
                                     March
 STATION =   722930     YUMA PROVING GROUNDS, AZ
    Z      MEAN P   SD P   SKEWP  MEAN T  SD T  SKEWT    MEAN D   SD D  SKEWD  NOBSP  NOBST  NOBSD
    KM       MB       MB             K      K             G/M3    G/M3                           
  0.000 1020.0000  5.0000   0.00 290.00   5.00   0.00 1221.0000 25.0000  0.00    100    100    100
  0.098  998.7610  4.8940   0.35 289.64   6.25   0.54 1199.2321 27.0420 -0.35    663    663    663
  0.500  950.7430  6.0580  -0.27 291.25   4.84  -0.19 1135.1750 20.5100  0.29   2184   2184   2184
  1.000  902.5690  4.0410  -0.17 288.40   4.79  -0.23 1088.4449 17.1730  0.28   2190   2190   2190
  1.500  850.6480  3.9510  -0.34 284.91   4.70  -0.34 1038.6080 15.4100  0.40   2211   2211   2211
  2.000  800.9550  4.1710  -0.45 281.65   4.53  -0.54  989.5600 13.2930  0.53   2222   2222   2222
  2.500  753.6370  4.5160  -0.56 278.61   4.38  -0.73  941.4900 11.3460  0.69   2222   2222   2222
  3.000  708.7440  4.6480  -0.55 275.67   4.26  -0.86  895.0350  9.9070  0.81   2222   2222   2222
  3.500  666.1010  4.9330  -0.54 272.62   4.18  -0.94  850.7060  8.7120  0.88   2224   2224   2224
  4.000  625.3880  5.0930  -0.66 269.43   4.08  -1.02  808.2730  7.6000  0.97   2223   2223   2223
  4.500  586.8080  5.2700  -0.73 266.12   4.04  -1.11  767.8940  6.9080  0.93   2223   2223   2223
  5.000  550.0990  5.4380  -0.78 262.70   4.07  -1.16  729.2960  6.4330  0.89   2223   2223   2223
  5.500  515.3900  5.5940  -0.75 259.19   4.11  -1.16  692.5440  6.1240  0.74   2223   2223   2223
  6.000  482.6160  5.9630  -0.24 255.60   4.14  -1.09  657.6380  6.0670  0.86   2222   2222   2222
  6.500  451.1290  5.9130  -0.52 251.91   4.16  -0.94  623.7800  5.6920  0.43   2205   2205   2205
  7.000  421.4040  5.9790  -0.60 248.20   4.08  -0.67  591.3960  5.5400 -0.12   2191   2191   2191
  7.500  393.3460  6.0600  -0.43 244.48   3.92  -0.38  560.4270  5.6890 -0.06   2176   2176   2176
  8.000  366.5360  5.9360  -0.47 240.70   3.79  -0.13  530.4500  5.7840 -0.22   2155   2155   2155
  8.500  341.2860  5.7890  -0.51 236.92   3.65   0.04  501.8010  6.1020 -0.46   2136   2136   2136
  9.000  317.6210  5.9900  -0.07 233.18   3.52   0.21  474.5220  6.7920 -0.26   2120   2120   2120
  9.500  295.1050  5.8400   0.04 229.44   3.32   0.43  448.0770  7.2470 -0.66   2084   2084   2084
 10.000  273.6500  5.3180  -0.28 225.83   3.13   0.62  422.1530  7.7900 -1.16   2047   2047   2047
 10.500  253.6550  5.0360  -0.14 222.56   3.33   0.64  397.0940  8.6600 -1.37   2012   2012   2012
 11.000  234.9980  4.9910   0.30 219.75   3.87   0.79  372.6470  9.8730 -1.20   1958   1958   1958
 11.500  217.4050  4.8430   0.70 217.46   4.60   0.87  348.4420 11.0050 -0.80   1905   1905   1905
 12.000  200.7450  3.9840   0.43 215.90   5.32   0.69  324.1380 11.2200 -0.63   1819   1819   1819
 12.500  185.4470  3.5800   0.44 215.37   5.47   0.31  300.1940 10.6410 -0.27   1724   1724   1724
 13.000  171.4820  3.4360   0.77 215.26   4.90   0.01  277.6890  9.4200  0.08   1638   1638   1638
 13.500  158.4920  3.1550   1.10 214.98   4.00  -0.00  256.9510  7.9240  0.45   1570   1570   1570
 14.000  146.4360  2.7600   0.90 214.27   3.19   0.17  238.1540  6.4450  0.13   1459   1459   1459
 14.500  135.1530  2.4640   0.76 213.11   2.83   0.39  220.9910  5.7470  0.05   1398   1398   1398
 15.000  124.6740  2.0830   0.75 211.72   2.88   0.43  205.1960  5.2780 -0.02   1353   1353   1353
 15.500  114.9820  1.7550   0.49 210.29   3.01   0.31  190.5410  4.9270 -0.01   1304   1304   1304
 16.000  106.0320  1.5820   0.89 209.07   3.18   0.22  176.7410  4.6530  0.10   1280   1280   1280
 16.500   97.8420  1.4090   0.66 207.94   3.30   0.30  163.9810  4.3370 -0.00   1003   1003   1003
 17.000   90.0990  1.2660   1.14 207.18   3.41   0.29  151.5530  3.9800  0.08    979    979    979
 17.500   82.9560  1.0560   1.01 206.80   3.38   0.19  139.7980  3.4870  0.07    966    966    966
 18.000   76.4510  1.0470   1.37 206.82   3.22   0.03  128.8150  3.1200  0.20    957    957    957
 18.500   70.4780  1.1040   1.63 207.01   3.06   0.02  118.6410  2.9310  0.51    932    932    932
 19.000   65.0310  1.2110   2.04 207.42   2.84  -0.09  109.2470  2.7620  1.03    899    899    899
 19.500   59.9530  1.0970   1.94 208.02   2.67  -0.34  100.4240  2.3850  1.02    839    839    839
 20.000   55.4190  1.1480   1.56 208.67   2.57  -0.44   92.5400  2.4030  1.12    777    777    777
 20.500   50.8860  0.4000   0.41 207.77   1.98   0.53   85.3310  1.1450 -0.02     34     34     34
 21.000   46.9140  0.2550   0.02 208.98   1.44   0.54   78.2070  0.4520  0.34     11     11     11
 21.500   43.2660  0.2680  -0.06 209.91   1.44   0.23   71.8060  0.4710 -0.01     10     10     10
 22.000   39.9140  0.2480   0.10 210.88   1.46  -0.07   65.9360  0.4530 -0.12     10     10     10
 22.500   36.8180  0.2370   0.17 211.77   1.52  -0.03   60.5680  0.4140 -0.03     10     10     10
 23.000   33.9610  0.2290   0.19 212.60   1.67   0.17   55.6490  0.3880 -0.02     10     10     10
 23.500   31.3260  0.2220   0.21 213.44   1.88   0.29   51.1310  0.3880 -0.10     10     10     10
 24.000 -999.9900 -9.9900  99.99 999.90 999.90  99.99 -999.9900 99.9900 99.99      0      0      0
 24.500 -999.9900 -9.9900  99.99 999.90 999.90  99.99 -999.9900 99.9900 99.99      0      0      0
 25.000 -999.9900 -9.9900  99.99 999.90 999.90  99.99 -999.9900 99.9900 99.99      0      0      0
 25.500 -999.9900 -9.9900  99.99 999.90 999.90  99.99 -999.9900 99.9900 99.99      0      0      0
 26.000 -999.9900 -9.9900  99.99 999.90 999.90  99.99 -999.9900 99.9900 99.99      0      0      0
 26.500 -999.9900 -9.9900  99.99 999.90 999.90  99.99 -999.9900 99.9900 99.99      0      0      0
 27.000 -999.9900 -9.9900  99.99 999.90 999.90  99.99 -999.9900 99.9900 99.99      0      0      0
 27.500 -999.9900 -9.9900  99.99 999.90 999.90  99.99 -999.9900 99.9900 99.99      0      0      0
 28.000 -999.9900 -9.9900  99.99 999.90 999.90  99.99 -999.9900 99.9900 99.99      0      0      0
 28.500 -999.9900 -9.9900  99.99 999.90 999.90  99.99 -999.9900 99.9900 99.99      0      0      0
 29.000 -999.9900 -9.9900  99.99 999.90 999.90  99.99 -999.9900 99.9900 99.99      0      0      0
 29.500 -999.9900 -9.9900  99.99 999.90 999.90  99.99 -999.9900 99.9900 99.99      0      0      0
 30.000 -999.9900 -9.9900  99.99 999.90 999.90  99.99 -999.9900 99.9900 99.99      0      0      0
     T A B L E  II -   4.  T H E R M O D Y N A M I C  S T A T I S T I C A L  P A R A M E T E R S
                                     April
 STATION =   722930     YUMA PROVING GROUNDS, AZ
    Z      MEAN P   SD P   SKEWP  MEAN T  SD T  SKEWT    MEAN D   SD D  SKEWD  NOBSP  NOBST  NOBSD
    KM       MB       MB             K      K             G/M3    G/M3                           
  0.000 1020.0000  5.0000   0.00 290.00   5.00   0.00 1221.0000 25.0000  0.00    100    100    100
  0.098  996.3660  3.9110   0.17 293.26   6.59   0.55 1181.6710 27.1170 -0.39    640    640    640
  0.500  948.5490  6.2800  -0.45 293.93   4.92  -0.21 1122.3300 20.6310  0.32   2052   2052   2052
  1.000  901.2320  3.9710  -0.02 290.85   4.71  -0.35 1077.7650 16.7450  0.37   2052   2052   2052
  1.500  849.6910  3.8750  -0.04 287.16   4.53  -0.44 1029.3430 14.8870  0.44   2066   2066   2066
  2.000  800.2930  3.9410  -0.28 283.66   4.26  -0.56  981.7200 12.8150  0.55   2068   2068   2068
  2.500  753.3550  4.0870  -0.28 280.45   3.99  -0.76  934.9320 10.8870  0.66   2068   2068   2068
  3.000  708.8000  4.1700  -0.38 277.46   3.81  -0.95  889.3020  9.4040  0.74   2069   2069   2069
  3.500  666.3050  4.3500  -0.51 274.49   3.73  -1.05  845.1940  8.2630  0.72   2069   2069   2069
  4.000  625.9090  4.4590  -0.59 271.43   3.65  -0.98  802.9950  7.3210  0.55   2069   2069   2069
  4.500  587.5090  4.5990  -0.69 268.23   3.59  -0.93  762.7860  6.5680  0.40   2069   2069   2069
  5.000  551.1290  4.7650  -0.62 264.86   3.58  -1.01  724.6900  6.1650  0.74   2069   2069   2069
  5.500  516.5910  4.8670  -0.51 261.37   3.49  -1.01  688.3690  5.6360  0.46   2067   2067   2067
  6.000  484.0140  5.0700  -0.34 257.77   3.46  -0.99  653.9850  5.4260  0.52   2063   2063   2063
  6.500  452.8470  5.2260  -0.09 254.05   3.43  -0.91  620.8680  5.3250  1.38   2053   2053   2053
  7.000  423.1500  5.1500  -0.26 250.24   3.39  -0.83  588.9970  4.6770  0.93   2035   2035   2035
  7.500  395.1420  5.0640  -0.47 246.38   3.35  -0.71  558.6430  4.2500  0.35   2021   2021   2021
  8.000  368.4220  5.0840  -0.38 242.46   3.30  -0.56  529.3090  4.1520  0.48   2008   2008   2008
  8.500  343.1990  5.0990  -0.36 238.53   3.21  -0.38  501.2070  4.1400 -0.13   1997   1997   1997
  9.000  319.3960  5.1610  -0.07 234.62   3.08  -0.24  474.2250  4.4170 -0.22   1983   1983   1983
  9.500  296.8870  4.9620  -0.14 230.75   2.88  -0.19  448.1940  4.6850 -0.95   1959   1959   1959
 10.000  275.5930  4.7800  -0.06 226.97   2.68  -0.08  422.9810  5.2910 -1.14   1938   1938   1938
 10.500  255.5370  4.5200  -0.24 223.34   2.50   0.14  398.5830  5.9350 -1.36   1910   1910   1910
 11.000  236.7350  4.4110  -0.02 220.07   2.38   0.60  374.7630  6.8030 -1.27   1867   1867   1867
 11.500  218.9890  4.1240   0.13 217.20   2.64   1.00  351.2780  7.6900 -1.14   1828   1828   1828
 12.000  202.4320  3.7880   0.07 214.96   3.31   0.95  328.1580  8.5700 -0.93   1781   1781   1781
 12.500  186.9740  3.4240   0.30 213.57   4.11   0.55  305.1290  9.0870 -0.59   1700   1700   1700
 13.000  172.6540  3.1110   0.48 212.98   4.52   0.08  282.5640  8.9100 -0.22   1615   1615   1615
 13.500  159.3380  2.6330   0.22 212.71   4.42  -0.32  261.1000  7.9180 -0.02   1562   1562   1562
 14.000  147.1630  2.5750   0.69 212.42   3.84  -0.34  241.4470  6.8950  0.07   1489   1489   1489
 14.500  135.7570  2.2050   0.59 211.88   3.25  -0.19  223.2800  5.7920  0.04   1428   1428   1428
 15.000  125.2410  1.8500   0.29 211.01   2.96  -0.04  206.8220  5.0270  0.00   1378   1378   1378
 15.500  115.5470  1.7270   0.85 209.93   2.93  -0.03  191.7960  4.7600  0.25   1334   1334   1334
 16.000  106.5740  1.5460   0.72 208.87   3.03  -0.10  177.8070  4.3720  0.27   1297   1297   1297
 16.500   98.2620  1.5370   1.25 207.85   3.02  -0.36  164.7450  4.1590  0.28    992    992    992
 17.000   90.4430  1.2880   1.13 207.33   3.06  -0.39  152.0160  3.7990  0.33    950    950    950
 17.500   83.3090  1.2240   1.77 207.22   3.15  -0.28  140.1020  3.6380  0.72    924    924    924
 18.000   76.7360  1.1150   1.96 207.45   3.07  -0.11  128.9020  3.1720  0.61    895    895    895
 18.500   70.7180  1.0480   2.25 207.90   2.92  -0.15  118.5270  2.8030  0.89    866    866    866
 19.000   65.2460  1.0560   2.07 208.59   2.80  -0.18  108.9910  2.5070  0.79    817    817    817
 19.500   60.2830  1.0950   1.95 209.33   2.53  -0.19  100.3430  2.3800  1.12    766    766    766
 20.000   55.7750  1.1940   1.62 210.17   2.27  -0.41   92.4660  2.3610  1.18    699    699    699
 20.500   51.6560  0.2210  -0.81 209.51   1.58  -0.46   85.8970  0.5930  0.44     25     25     25
 21.000 -999.9900 -9.9900  99.99 999.90 999.90  99.99 -999.9900 99.9900 99.99      0      0      0
 21.500 -999.9900 -9.9900  99.99 999.90 999.90  99.99 -999.9900 99.9900 99.99      0      0      0
 22.000 -999.9900 -9.9900  99.99 999.90 999.90  99.99 -999.9900 99.9900 99.99      0      0      0
 22.500 -999.9900 -9.9900  99.99 999.90 999.90  99.99 -999.9900 99.9900 99.99      0      0      0
 23.000 -999.9900 -9.9900  99.99 999.90 999.90  99.99 -999.9900 99.9900 99.99      0      0      0
 23.500 -999.9900 -9.9900  99.99 999.90 999.90  99.99 -999.9900 99.9900 99.99      0      0      0
 24.000 -999.9900 -9.9900  99.99 999.90 999.90  99.99 -999.9900 99.9900 99.99      0      0      0
 24.500 -999.9900 -9.9900  99.99 999.90 999.90  99.99 -999.9900 99.9900 99.99      0      0      0
 25.000 -999.9900 -9.9900  99.99 999.90 999.90  99.99 -999.9900 99.9900 99.99      0      0      0
 25.500 -999.9900 -9.9900  99.99 999.90 999.90  99.99 -999.9900 99.9900 99.99      0      0      0
 26.000 -999.9900 -9.9900  99.99 999.90 999.90  99.99 -999.9900 99.9900 99.99      0      0      0
 26.500 -999.9900 -9.9900  99.99 999.90 999.90  99.99 -999.9900 99.9900 99.99      0      0      0
 27.000 -999.9900 -9.9900  99.99 999.90 999.90  99.99 -999.9900 99.9900 99.99      0      0      0
 27.500 -999.9900 -9.9900  99.99 999.90 999.90  99.99 -999.9900 99.9900 99.99      0      0      0
 28.000 -999.9900 -9.9900  99.99 999.90 999.90  99.99 -999.9900 99.9900 99.99      0      0      0
 28.500 -999.9900 -9.9900  99.99 999.90 999.90  99.99 -999.9900 99.9900 99.99      0      0      0
 29.000 -999.9900 -9.9900  99.99 999.90 999.90  99.99 -999.9900 99.9900 99.99      0      0      0
 29.500 -999.9900 -9.9900  99.99 999.90 999.90  99.99 -999.9900 99.9900 99.99      0      0      0
 30.000 -999.9900 -9.9900  99.99 999.90 999.90  99.99 -999.9900 99.9900 99.99      0      0      0
     T A B L E  II -   5.  T H E R M O D Y N A M I C  S T A T I S T I C A L  P A R A M E T E R S
                                       May
 STATION =   722930     YUMA PROVING GROUNDS, AZ
    Z      MEAN P   SD P   SKEWP  MEAN T  SD T  SKEWT    MEAN D   SD D  SKEWD  NOBSP  NOBST  NOBSD
    KM       MB       MB             K      K             G/M3    G/M3                           
  0.000 1020.0000  5.0000   0.00 290.00   5.00   0.00 1221.0000 25.0000  0.00    100    100    100
  0.098  994.3690  3.8080   0.40 298.24   6.79   0.32 1159.1400 27.2380 -0.22    743    743    743
  0.500  947.5590  5.8110  -0.47 296.86   5.36  -0.08 1109.4880 20.0530  0.16   2317   2317   2317
  1.000  900.4880  3.7200  -0.03 293.74   5.11  -0.19 1065.7820 17.7030  0.18   2318   2318   2318
  1.500  849.4750  3.6980  -0.19 290.04   4.97  -0.25 1018.4040 15.8690  0.24   2318   2318   2318
  2.000  800.5630  3.9320  -0.26 286.37   4.75  -0.34  972.3700 13.8510  0.31   2320   2320   2320
  2.500  753.9520  3.9490  -0.33 282.83   4.50  -0.44  927.4800 12.0800  0.37   2320   2320   2320
  3.000  709.6710  4.2630  -0.44 279.57   4.30  -0.55  883.4490 10.3360  0.39   2322   2322   2322
  3.500  667.5480  4.4650  -0.49 276.45   4.10  -0.68  840.5890  8.8270  0.38   2322   2322   2322
  4.000  627.3450  4.6210  -0.59 273.26   3.94  -0.77  799.3250  7.6660  0.37   2321   2321   2321
  4.500  589.1850  4.7520  -0.54 270.01   3.87  -0.88  759.8570  6.8790  0.41   2320   2320   2320
  5.000  552.8510  4.8540  -0.65 266.62   3.85  -0.93  722.1140  6.3240  0.28   2319   2319   2319
  5.500  518.3650  4.9930  -0.73 263.11   3.87  -0.95  686.1540  5.9720  0.12   2319   2319   2319
  6.000  485.8880  5.2900  -0.47 259.57   3.90  -0.97  651.9700  5.6990  0.22   2319   2319   2319
  6.500  454.8030  5.5660  -0.06 255.88   3.89  -0.99  619.0840  5.4160  0.50   2310   2310   2310
  7.000  425.2500  5.6370  -0.05 252.10   3.87  -1.02  587.5650  5.0550  0.56   2297   2297   2297
  7.500  397.3310  5.5930  -0.26 248.29   3.84  -1.02  557.4180  4.6600  0.46   2282   2282   2282
  8.000  370.6490  5.6120  -0.29 244.46   3.78  -0.93  528.1450  4.4020  0.28   2266   2266   2266
  8.500  345.4170  5.5900  -0.32 240.64   3.59  -0.75  500.0260  4.2790  0.01   2252   2252   2252
  9.000  321.6860  5.5640  -0.21 236.84   3.30  -0.51  473.1330  4.6610 -0.09   2239   2239   2239
  9.500  299.1690  5.3010  -0.33 233.05   2.97  -0.33  447.1750  5.0790 -0.62   2214   2214   2214
 10.000  277.8610  5.0400  -0.45 229.36   2.67  -0.15  422.0260  5.7190 -1.37   2194   2194   2194
 10.500  257.8560  4.7820  -0.36 225.82   2.51   0.00  397.7940  6.5280 -1.55   2173   2173   2173
 11.000  239.0640  4.5400  -0.31 222.50   2.53   0.29  374.3190  7.4050 -1.52   2127   2127   2127
 11.500  221.2990  4.2730  -0.14 219.50   2.78   0.65  351.2790  8.1980 -1.35   2089   2089   2089
 12.000  204.6620  3.9540   0.16 216.94   3.30   0.83  328.7440  8.8660 -1.14   2044   2044   2044
 12.500  189.1350  3.6380   0.27 215.15   3.91   0.73  306.3830  9.4010 -0.84   1935   1935   1935
 13.000  174.6150  3.2070   0.31 214.10   4.28   0.48  284.2810  9.2220 -0.52   1842   1842   1842
 13.500  161.2010  2.8230   0.52 213.49   4.40   0.16  263.2010  8.5720 -0.21   1797   1797   1797
 14.000  148.8210  2.4890   0.47 212.96   4.28  -0.17  243.5800  7.6900 -0.04   1709   1709   1709
 14.500  137.3360  2.2860   0.98 212.32   3.89  -0.29  225.4450  6.8180  0.18   1637   1637   1637
 15.000  126.6730  1.8710   0.38 211.49   3.57  -0.25  208.7450  5.8020  0.10   1590   1590   1590
 15.500  116.8920  1.7340   1.04 210.61   3.40   0.04  193.4200  5.1730  0.05   1552   1552   1552
 16.000  107.7570  1.4310   0.71 209.78   3.33   0.28  179.0100  4.6070  0.01   1506   1506   1506
 16.500   99.4090  1.4590   1.46 209.06   3.34   0.26  165.7100  4.3850  0.16   1358   1358   1358
 17.000   91.5150  1.2260   1.65 208.80   3.33   0.20  152.7410  3.9620  0.40   1237   1237   1237
 17.500   84.3280  1.0750   1.97 208.76   3.33   0.10  140.7690  3.4770  0.51   1216   1216   1216
 18.000   77.7510  0.9890   2.01 208.98   3.20   0.05  129.6470  3.0110  0.55   1194   1194   1194
 18.500   71.7130  0.9890   2.24 209.37   3.00   0.03  119.3570  2.7250  0.80   1165   1165   1165
 19.000   66.1760  1.0200   2.41 210.03   2.64  -0.12  109.7850  2.4490  1.42   1113   1113   1113
 19.500   61.0700  0.9650   2.37 210.87   2.25  -0.41  100.9040  2.0630  1.51   1049   1049   1049
 20.000   56.4860  1.0430   1.90 211.70   1.93  -0.46   92.9640  2.0070  1.50    983    983    983
 20.500   52.4190  0.4360  -0.14 210.64   1.64  -0.02   86.7000  0.9730  0.13     31     31     31
 21.000   48.3930  0.3920  -0.13 212.14   1.49   0.59   79.4750  1.0000 -0.01     21     21     21
 21.500   44.6910  0.3260  -0.43 213.59   1.60   0.38   72.8950  0.7160  0.09     16     16     16
 22.000   41.2920  0.3050  -0.57 214.69   1.49  -0.17   67.0070  0.6840  0.20     14     14     14
 22.500   38.1330  0.3160  -0.45 216.00   0.88  -0.57   61.5030  0.5510  0.02     11     11     11
 23.000 -999.9900 -9.9900  99.99 999.90 999.90  99.99 -999.9900 99.9900 99.99      0      0      0
 23.500 -999.9900 -9.9900  99.99 999.90 999.90  99.99 -999.9900 99.9900 99.99      0      0      0
 24.000 -999.9900 -9.9900  99.99 999.90 999.90  99.99 -999.9900 99.9900 99.99      0      0      0
 24.500 -999.9900 -9.9900  99.99 999.90 999.90  99.99 -999.9900 99.9900 99.99      0      0      0
 25.000 -999.9900 -9.9900  99.99 999.90 999.90  99.99 -999.9900 99.9900 99.99      0      0      0
 25.500 -999.9900 -9.9900  99.99 999.90 999.90  99.99 -999.9900 99.9900 99.99      0      0      0
 26.000 -999.9900 -9.9900  99.99 999.90 999.90  99.99 -999.9900 99.9900 99.99      0      0      0
 26.500 -999.9900 -9.9900  99.99 999.90 999.90  99.99 -999.9900 99.9900 99.99      0      0      0
 27.000 -999.9900 -9.9900  99.99 999.90 999.90  99.99 -999.9900 99.9900 99.99      0      0      0
 27.500 -999.9900 -9.9900  99.99 999.90 999.90  99.99 -999.9900 99.9900 99.99      0      0      0
 28.000 -999.9900 -9.9900  99.99 999.90 999.90  99.99 -999.9900 99.9900 99.99      0      0      0
 28.500 -999.9900 -9.9900  99.99 999.90 999.90  99.99 -999.9900 99.9900 99.99      0      0      0
 29.000 -999.9900 -9.9900  99.99 999.90 999.90  99.99 -999.9900 99.9900 99.99      0      0      0
 29.500 -999.9900 -9.9900  99.99 999.90 999.90  99.99 -999.9900 99.9900 99.99      0      0      0
 30.000 -999.9900 -9.9900  99.99 999.90 999.90  99.99 -999.9900 99.9900 99.99      0      0      0
     T A B L E  II -   6.  T H E R M O D Y N A M I C  S T A T I S T I C A L  P A R A M E T E R S
                                      June
 STATION =   722930     YUMA PROVING GROUNDS, AZ
    Z      MEAN P   SD P   SKEWP  MEAN T  SD T  SKEWT    MEAN D   SD D  SKEWD  NOBSP  NOBST  NOBSD
    KM       MB       MB             K      K             G/M3    G/M3                           
  0.000 1020.0000  5.0000   0.00 290.00   5.00   0.00 1221.0000 25.0000  0.00    100    100    100
  0.098  993.0790  2.9890   0.67 302.78   6.41   0.31 1139.5880 24.1970 -0.22    761    761    761
  0.500  947.5540  5.2420  -0.58 302.50   4.27  -0.18 1088.0490 16.5340  0.24   2152   2152   2152
  1.000  900.5330  3.1060  -0.02 299.68   3.86  -0.32 1044.1000 12.9150  0.22   2152   2152   2152
  1.500  850.6480  2.9090  -0.17 296.43   3.69  -0.35  997.3180 11.4050  0.29   2153   2153   2153
  2.000  802.8700  3.0380  -0.23 292.96   3.51  -0.33  952.7410  9.8730  0.27   2153   2153   2153
  2.500  757.2270  3.1160  -0.32 289.46   3.26  -0.34  909.6830  8.2350  0.26   2153   2153   2153
  3.000  713.7700  3.2780  -0.37 286.07   3.01  -0.43  867.8810  6.8020  0.29   2153   2153   2153
  3.500  672.3550  3.3620  -0.41 282.65   2.82  -0.47  827.5580  5.8710  0.29   2153   2153   2153
  4.000  632.6740  3.4320  -0.40 279.11   2.73  -0.43  788.7180  5.4460  0.16   2153   2153   2153
  4.500  594.9290  3.4960  -0.43 275.58   2.68  -0.38  751.3070  5.2170 -0.02   2153   2153   2153
  5.000  558.9880  3.4940  -0.51 272.10   2.63  -0.40  715.0790  4.9570 -0.10   2152   2152   2152
  5.500  524.8610  3.4920  -0.50 268.65   2.52  -0.42  680.1650  4.6360 -0.19   2152   2152   2152
  6.000  492.5680  3.4060  -0.58 265.16   2.41  -0.46  646.8180  4.2580 -0.10   2151   2151   2151
  6.500  461.5940  3.4260  -0.45 261.57   2.35  -0.54  614.5470  3.8130  0.04   2150   2150   2150
  7.000  432.2690  3.3720  -0.49 257.96   2.33  -0.60  583.6120  3.4430  0.15   2147   2147   2147
  7.500  404.4750  3.3020  -0.56 254.28   2.34  -0.54  554.0090  3.2660  0.25   2144   2144   2144
  8.000  378.1610  3.5670   0.25 250.56   2.40  -0.43  525.7030  3.5450  0.84   2142   2142   2142
  8.500  352.9790  3.5140   0.15 246.69   2.45  -0.37  498.4030  3.4120  0.72   2126   2126   2126
  9.000  329.2040  3.4020  -0.03 242.78   2.44  -0.23  472.3340  3.2800  0.30   2114   2114   2114
  9.500  306.8150  3.4050   0.16 238.93   2.45  -0.13  447.3290  3.4080  0.21   2102   2102   2102
 10.000  285.5760  3.3390   0.14 235.11   2.48  -0.07  423.1310  3.6280 -0.04   2080   2080   2080
 10.500  265.4590  3.3710   0.34 231.38   2.59   0.01  399.6780  3.9040 -0.20   2058   2058   2058
 11.000  246.6000  3.3370   0.38 227.78   2.67   0.05  377.1610  4.2940 -0.30   2018   2018   2018
 11.500  228.6720  3.4210   0.82 224.33   2.74   0.07  355.1310  4.7350 -0.04   1980   1980   1980
 12.000  211.8370  3.2920   0.72 221.10   2.78   0.02  333.7930  4.9380 -0.09   1935   1935   1935
 12.500  196.1840  3.2170   0.94 218.22   2.84  -0.01  313.2170  5.1860 -0.12   1824   1824   1824
 13.000  181.4220  3.1510   1.03 215.65   2.84   0.02  293.0980  5.4080 -0.00   1727   1727   1727
 13.500  167.6220  2.9540   0.89 213.42   2.67   0.21  273.6440  5.4100 -0.13   1638   1638   1638
 14.000  154.7670  2.8250   1.30 211.36   2.58   0.31  255.1280  5.5630 -0.00   1540   1540   1540
 14.500  142.6940  2.3630   1.14 209.41   2.51   0.36  237.4260  5.3380 -0.05   1378   1378   1378
 15.000  131.5040  2.1230   1.22 207.55   2.62   0.43  220.7810  5.2580 -0.04   1315   1315   1315
 15.500  121.0280  1.7770   1.28 205.86   2.85   0.26  204.8680  5.0500 -0.05   1240   1240   1240
 16.000  111.3280  1.3100   0.14 204.61   3.02   0.13  189.6130  4.5690 -0.22   1177   1177   1177
 16.500  102.5000  1.2200   1.23 203.88   2.93   0.19  175.1920  4.0360 -0.20   1102   1102   1102
 17.000   94.3340  1.0720   1.54 203.68   2.72   0.40  161.3850  3.4900 -0.18    954    954    954
 17.500   86.7150  0.8110   0.80 204.05   2.57   0.54  148.0790  2.8510 -0.44    933    933    933
 18.000   79.7820  0.7300   1.19 204.93   2.33   0.46  135.6510  2.4030 -0.18    920    920    920
 18.500   73.3810  0.5500   0.18 206.18   2.10   0.35  124.0010  1.8520 -0.41    904    904    904
 19.000   67.6240  0.5550   0.90 207.58   1.85   0.41  113.5020  1.5470 -0.19    890    890    890
 19.500   62.4650  0.8640   2.49 208.97   1.62   0.47  104.1420  1.7970  1.63    877    877    877
 20.000   57.6280  0.8170   2.44 210.35   1.55   0.22   95.4440  1.6370  1.94    822    822    822
 20.500   53.3850  0.3030  -0.10 212.12   1.85   0.28   87.6810  1.0290  0.31     32     32     32
 21.000   49.3170  0.2930  -0.20 213.52   1.75   0.33   80.4690  0.8160  0.33     18     18     18
 21.500   45.5620  0.2980  -0.30 214.88   1.53   0.14   73.8670  0.6180  0.44     14     14     14
 22.000   42.1240  0.2750  -0.45 215.86   1.35  -0.21   67.9820  0.3960  0.52     13     13     13
 22.500 -999.9900 -9.9900  99.99 999.90 999.90  99.99 -999.9900 99.9900 99.99      0      0      0
 23.000 -999.9900 -9.9900  99.99 999.90 999.90  99.99 -999.9900 99.9900 99.99      0      0      0
 23.500 -999.9900 -9.9900  99.99 999.90 999.90  99.99 -999.9900 99.9900 99.99      0      0      0
 24.000 -999.9900 -9.9900  99.99 999.90 999.90  99.99 -999.9900 99.9900 99.99      0      0      0
 24.500 -999.9900 -9.9900  99.99 999.90 999.90  99.99 -999.9900 99.9900 99.99      0      0      0
 25.000 -999.9900 -9.9900  99.99 999.90 999.90  99.99 -999.9900 99.9900 99.99      0      0      0
 25.500 -999.9900 -9.9900  99.99 999.90 999.90  99.99 -999.9900 99.9900 99.99      0      0      0
 26.000 -999.9900 -9.9900  99.99 999.90 999.90  99.99 -999.9900 99.9900 99.99      0      0      0
 26.500 -999.9900 -9.9900  99.99 999.90 999.90  99.99 -999.9900 99.9900 99.99      0      0      0
 27.000 -999.9900 -9.9900  99.99 999.90 999.90  99.99 -999.9900 99.9900 99.99      0      0      0
 27.500 -999.9900 -9.9900  99.99 999.90 999.90  99.99 -999.9900 99.9900 99.99      0      0      0
 28.000 -999.9900 -9.9900  99.99 999.90 999.90  99.99 -999.9900 99.9900 99.99      0      0      0
 28.500 -999.9900 -9.9900  99.99 999.90 999.90  99.99 -999.9900 99.9900 99.99      0      0      0
 29.000 -999.9900 -9.9900  99.99 999.90 999.90  99.99 -999.9900 99.9900 99.99      0      0      0
 29.500 -999.9900 -9.9900  99.99 999.90 999.90  99.99 -999.9900 99.9900 99.99      0      0      0
 30.000 -999.9900 -9.9900  99.99 999.90 999.90  99.99 -999.9900 99.9900 99.99      0      0      0
     T A B L E  II -   7.  T H E R M O D Y N A M I C  S T A T I S T I C A L  P A R A M E T E R S
                                      July
 STATION =   722930     YUMA PROVING GROUNDS, AZ
    Z      MEAN P   SD P   SKEWP  MEAN T  SD T  SKEWT    MEAN D   SD D  SKEWD  NOBSP  NOBST  NOBSD
    KM       MB       MB             K      K             G/M3    G/M3                           
  0.000 1020.0000  5.0000   0.00 290.00   5.00   0.00 1221.0000 25.0000  0.00    100    100    100
  0.098  993.8540  2.9220   0.93 306.11   5.46   0.00 1125.1010 20.7690  0.20    734    734    734
  0.500  949.5910  4.9900  -0.71 304.21   3.40   0.22 1081.6010 12.6700 -0.09   1837   1837   1837
  1.000  902.6970  3.1570   0.02 301.10   2.84   0.08 1039.1410  9.6690 -0.17   1837   1837   1837
  1.500  852.8270  2.8370   0.18 297.69   2.53   0.01  993.2830  8.0970 -0.02   1838   1838   1838
  2.000  805.3000  2.7310   0.08 294.07   2.30   0.03  949.7460  6.8510  0.01   1839   1839   1839
  2.500  759.8360  2.6210  -0.04 290.37   2.11   0.05  907.8140  5.7250 -0.03   1839   1839   1839
  3.000  716.4120  2.5290  -0.06 286.69   1.89   0.12  867.2670  4.8180  0.06   1839   1839   1839
  3.500  675.0490  2.4290  -0.30 283.06   1.65   0.19  828.0440  3.9550 -0.10   1839   1839   1839
  4.000  635.4190  2.3900  -0.14 279.45   1.48   0.11  789.8910  3.4490 -0.19   1839   1839   1839
  4.500  597.5550  2.3490  -0.12 275.90   1.36  -0.00  752.7190  3.1250 -0.35   1839   1839   1839
  5.000  561.5020  2.3270  -0.14 272.54   1.28  -0.11  716.3630  3.0700 -0.51   1839   1839   1839
  5.500  527.2990  2.2720  -0.17 269.38   1.31  -0.12  680.9150  3.2060 -0.43   1839   1839   1839
  6.000  495.0980  2.1110  -0.29 266.41   1.36  -0.15  646.7030  3.1980 -0.05   1839   1839   1839
  6.500  464.1660  2.0780  -0.34 263.36   1.43  -0.36  613.4890  3.1380  0.16   1839   1839   1839
  7.000  434.8480  2.0070  -0.42 260.22   1.54  -0.48  581.7940  3.0730  0.15   1839   1839   1839
  7.500  407.1400  1.9630  -0.44 256.95   1.67  -0.51  551.7400  3.0660  0.01   1839   1839   1839
  8.000  380.8590  1.9630  -0.50 253.50   1.80  -0.49  523.2030  3.0550  0.07   1838   1838   1838
  8.500  355.8570  1.9310  -0.65 249.90   1.93  -0.50  495.9390  3.0210  0.09   1837   1837   1837
  9.000  332.2150  1.9780  -0.37 246.26   1.98  -0.53  469.8840  2.8730  0.28   1837   1837   1837
  9.500  309.8700  1.9690  -0.30 242.58   1.95  -0.58  444.9530  2.5690  0.43   1832   1832   1832
 10.000  288.7630  1.9170  -0.73 238.86   1.86  -0.56  421.1160  2.2630  0.24   1818   1818   1818
 10.500  268.7150  1.9470  -0.35 235.05   1.75  -0.55  398.2360  2.1660  0.50   1806   1806   1806
 11.000  249.8480  1.9360  -0.25 231.26   1.66  -0.54  376.3520  2.1760  0.42   1789   1789   1789
 11.500  231.9790  2.2030   1.21 227.47   1.54  -0.40  355.2640  2.5820  1.43   1752   1752   1752
 12.000  215.0390  1.9590   0.60 223.67   1.44  -0.16  334.9220  2.5000  0.30   1723   1723   1723
 12.500  199.2250  1.7980   0.14 219.97   1.38   0.10  315.5080  2.6230 -0.54   1644   1644   1644
 13.000  184.2460  1.7900   0.61 216.43   1.36   0.52  296.5730  2.9210 -0.67   1545   1545   1545
 13.500  170.1640  1.6930   0.87 213.01   1.43   0.55  278.3060  3.2110 -0.52   1498   1498   1498
 14.000  156.9390  1.4010  -0.15 209.86   1.64   0.53  260.5370  3.3460 -0.95   1458   1458   1458
 14.500  144.6920  1.3990   0.70 207.27   1.96   0.63  243.2180  3.7000 -0.76   1379   1379   1379
 15.000  133.1510  1.1380   0.06 205.14   2.30   0.57  226.1570  3.7840 -0.78   1341   1341   1341
 15.500  122.5460  1.0910   1.38 203.60   2.55   0.46  209.7180  3.7860 -0.53   1285   1285   1285
 16.000  112.6690  0.7980   0.22 202.75   2.71   0.44  193.6320  3.4580 -0.58   1230   1230   1230
 16.500  103.6080  0.6770   0.41 202.63   2.56   0.39  178.1660  2.9730 -0.47   1191   1191   1191
 17.000   95.2000  0.4950   0.00 203.26   2.31   0.21  163.1890  2.3420 -0.42   1019   1019   1019
 17.500   87.5520  0.4250   0.12 204.52   2.14  -0.01  149.1540  1.9240 -0.15   1016   1016   1016
 18.000   80.5580  0.3730   0.21 206.07   2.01  -0.44  136.2040  1.6000  0.28   1016   1016   1016
 18.500   74.1650  0.3350   0.23 207.57   1.73  -0.32  124.4790  1.2540  0.27   1013   1013   1013
 19.000   68.3190  0.3070   0.22 208.96   1.54  -0.09  113.9070  1.0170  0.25   1008   1008   1008
 19.500   62.9660  0.2840   0.19 210.26   1.45  -0.09  104.3310  0.8630  0.28   1002   1002   1002
 20.000   58.0980  0.3220   1.30 211.47   1.35   0.03   95.7110  0.8210  0.53    998    998    998
 20.500   53.9300  0.2060  -0.35 212.40   1.25   0.36   88.4550  0.6450 -0.13     35     35     35
 21.000   49.8220  0.1870  -0.70 213.52   1.29  -0.01   81.2900  0.6340 -0.27     23     23     23
 21.500   45.9700  0.1780  -0.30 214.78   1.19   0.68   74.5650  0.5600 -0.65     17     17     17
 22.000   42.4690  0.1700  -0.41 215.71   1.31   0.55   68.5880  0.5320  0.06     16     16     16
 22.500   39.2820  0.1400  -0.26 216.98   1.50   0.06   63.0700  0.5540  0.20     14     14     14
 23.000   36.3400  0.1150  -0.34 217.39   1.70  -0.20   58.2380  0.5580  0.14     13     13     13
 23.500   33.6000  0.1100  -0.07 218.38   1.66   0.27   53.6030  0.5200 -0.39     11     11     11
 24.000   31.0770  0.1020   0.25 219.52   1.69   0.28   49.3200  0.4460 -0.33     11     11     11
 24.500 -999.9900 -9.9900  99.99 999.90 999.90  99.99 -999.9900 99.9900 99.99      0      0      0
 25.000 -999.9900 -9.9900  99.99 999.90 999.90  99.99 -999.9900 99.9900 99.99      0      0      0
 25.500 -999.9900 -9.9900  99.99 999.90 999.90  99.99 -999.9900 99.9900 99.99      0      0      0
 26.000 -999.9900 -9.9900  99.99 999.90 999.90  99.99 -999.9900 99.9900 99.99      0      0      0
 26.500 -999.9900 -9.9900  99.99 999.90 999.90  99.99 -999.9900 99.9900 99.99      0      0      0
 27.000 -999.9900 -9.9900  99.99 999.90 999.90  99.99 -999.9900 99.9900 99.99      0      0      0
 27.500 -999.9900 -9.9900  99.99 999.90 999.90  99.99 -999.9900 99.9900 99.99      0      0      0
 28.000 -999.9900 -9.9900  99.99 999.90 999.90  99.99 -999.9900 99.9900 99.99      0      0      0
 28.500 -999.9900 -9.9900  99.99 999.90 999.90  99.99 -999.9900 99.9900 99.99      0      0      0
 29.000 -999.9900 -9.9900  99.99 999.90 999.90  99.99 -999.9900 99.9900 99.99      0      0      0
 29.500 -999.9900 -9.9900  99.99 999.90 999.90  99.99 -999.9900 99.9900 99.99      0      0      0
 30.000 -999.9900 -9.9900  99.99 999.90 999.90  99.99 -999.9900 99.9900 99.99      0      0      0
     T A B L E  II -   8.  T H E R M O D Y N A M I C  S T A T I S T I C A L  P A R A M E T E R S
                                    August
 STATION =   722930     YUMA PROVING GROUNDS, AZ
    Z      MEAN P   SD P   SKEWP  MEAN T  SD T  SKEWT    MEAN D   SD D  SKEWD  NOBSP  NOBST  NOBSD
    KM       MB       MB             K      K             G/M3    G/M3                           
  0.000 1020.0000  5.0000   0.00 290.00   5.00   0.00 1221.0000 25.0000  0.00    100    100    100
  0.098  994.0120  2.8200   0.91 306.50   5.22   0.24 1122.6630 19.7460 -0.16    893    893    893
  0.500  949.7280  4.9430  -0.87 304.21   3.38   0.23 1081.0480 12.6520 -0.07   2075   2075   2075
  1.000  902.5430  2.7030   0.10 301.03   2.74   0.13 1038.6600  9.7040 -0.18   2075   2075   2075
  1.500  852.7580  2.4520  -0.04 297.50   2.38   0.05  993.3930  8.0010 -0.03   2076   2076   2076
  2.000  805.1510  2.2210   0.16 293.79   2.15   0.04  950.1550  6.8680 -0.01   2076   2076   2076
  2.500  759.5980  2.1350   0.02 289.96   1.98   0.03  908.5410  5.9290 -0.02   2076   2076   2076
  3.000  716.1150  2.0560  -0.05 286.14   1.84  -0.01  868.3370  5.1980  0.08   2076   2076   2076
  3.500  674.7320  1.9550  -0.01 282.44   1.72  -0.11  829.3710  4.5020  0.10   2076   2076   2076
  4.000  635.0210  1.9630  -0.07 278.87   1.63  -0.24  791.0230  3.9440  0.13   2076   2076   2076
  4.500  597.1260  1.9660  -0.20 275.50   1.61  -0.34  753.3460  3.6300  0.20   2076   2076   2076
  5.000  561.0650  1.9380  -0.14 272.27   1.61  -0.37  716.6120  3.5490  0.15   2076   2076   2076
  5.500  526.8080  1.9230  -0.17 269.27   1.61  -0.46  680.6860  3.4670  0.01   2076   2076   2076
  6.000  494.6730  1.8450  -0.37 266.42   1.66  -0.78  646.2310  3.3500  0.11   2076   2076   2076
  6.500  463.7720  1.8360  -0.45 263.41   1.70  -1.02  612.9530  3.1520  0.21   2076   2076   2076
  7.000  434.4970  1.8180  -0.62 260.26   1.74  -0.98  581.3100  2.9620  0.16   2076   2076   2076
  7.500  406.7920  1.8170  -0.72 256.90   1.81  -0.86  551.4300  2.8530  0.10   2076   2076   2076
  8.000  380.5090  1.8770  -0.70 253.41   1.89  -0.82  522.9720  2.7290  0.19   2075   2075   2075
  8.500  355.5160  1.8780  -0.83 249.81   1.96  -0.76  495.6930  2.6160  0.16   2074   2074   2074
  9.000  331.9100  2.0170  -0.16 246.14   1.99  -0.69  469.7060  2.6700  0.68   2073   2073   2073
  9.500  309.5550  1.8970  -0.80 242.43   1.98  -0.55  444.7910  2.4020  0.10   2065   2065   2065
 10.000  288.4950  1.9230  -0.61 238.72   1.98  -0.49  420.9870  2.4660  0.19   2037   2037   2037
 10.500  268.4500  1.9270  -0.46 234.99   1.99  -0.65  397.9740  2.5720  0.52   2021   2021   2021
 11.000  249.6470  2.1510   0.67 231.31   1.92  -0.72  375.9840  2.8440  1.12   1997   1997   1997
 11.500  231.6770  2.0250   0.39 227.61   1.77  -0.75  354.5970  2.6370  0.23   1941   1941   1941
 12.000  214.7790  1.8860   0.10 223.96   1.58  -0.67  334.0810  2.5710 -0.55   1918   1918   1918
 12.500  198.9850  1.6990  -0.50 220.45   1.41  -0.42  314.4570  2.6510 -1.42   1856   1856   1856
 13.000  184.0820  1.7290   0.28 217.07   1.37   0.12  295.4390  3.0790 -0.91   1748   1748   1748
 13.500  170.0470  1.5750   0.31 213.74   1.44   0.52  277.1640  3.2480 -0.81   1699   1699   1699
 14.000  156.9620  1.4900   0.72 210.57   1.58   0.78  259.6910  3.4260 -0.61   1663   1663   1663
 14.500  144.7350  1.5050   1.53 207.67   1.80   0.79  242.8110  3.6300 -0.42   1548   1548   1548
 15.000  133.1660  1.1040   0.22 205.23   2.05   0.64  226.0710  3.5110 -0.54   1492   1492   1492
 15.500  122.5170  0.9500   0.26 203.52   2.31   0.43  209.7440  3.4800 -0.32   1446   1446   1446
 16.000  112.6860  0.7800   0.06 202.62   2.42   0.08  193.7830  3.2570 -0.06   1409   1409   1409
 16.500  103.5930  0.6580   0.06 202.55   2.42  -0.11  178.2040  2.9140  0.11   1328   1328   1328
 17.000   95.2170  0.5340  -0.11 203.18   2.16  -0.09  163.2810  2.3080  0.09   1168   1168   1168
 17.500   87.5740  0.4590  -0.04 204.34   2.03  -0.12  149.3190  1.9300  0.13   1162   1162   1162
 18.000   80.5730  0.4010  -0.04 205.95   1.87  -0.41  136.3030  1.6130  0.29   1158   1158   1158
 18.500   74.1790  0.3550  -0.03 207.65   1.71  -0.40  124.4570  1.3290  0.32   1155   1155   1155
 19.000   68.3310  0.3190  -0.04 209.13   1.62  -0.20  113.8360  1.1050  0.22   1143   1143   1143
 19.500   62.9830  0.2940  -0.06 210.41   1.51  -0.10  104.2850  0.9120  0.22   1131   1131   1131
 20.000   58.1410  0.3980   2.03 211.57   1.36  -0.08   95.7380  0.8900  0.96   1127   1127   1127
 20.500   53.9280  0.1700   0.16 211.87   1.24  -0.16   88.6720  0.5830 -0.01     77     77     77
 21.000   49.8480  0.1290  -0.57 213.19   1.46  -0.60   81.4590  0.6170  0.26     55     55     55
 21.500   46.0440  0.1290  -1.00 214.28   1.58  -0.47   74.8620  0.5640  0.23     41     41     41
 22.000   42.5260  0.1240  -0.93 215.15   1.58  -0.32   68.8590  0.4730  0.12     32     32     32
 22.500   39.2990  0.1230  -0.99 215.94   1.37  -0.36   63.4020  0.3620  0.43     31     31     31
 23.000   36.3260  0.1210  -1.26 216.77   1.07  -0.06   58.3800  0.2360  0.13     31     31     31
 23.500   33.5960  0.0950   0.03 217.85   1.05  -0.21   53.7230  0.2430  0.10     29     29     29
 24.000   31.0690  0.0970   0.13 218.91   1.14   0.19   49.4430  0.2630 -0.07     29     29     29
 24.500   28.8180  0.0870   0.34 220.13   1.40   0.08   45.6080  0.2890  0.21     19     19     19
 25.000   26.6830  0.0840   0.17 221.06   1.35  -0.64   42.0520  0.2760  0.43     19     19     19
 25.500   24.7180  0.0820   0.12 222.19   1.25  -1.10   38.7560  0.2140  0.10     18     18     18
 26.000   22.9000  0.0780   0.20 223.50   0.87   0.53   35.6940  0.1520 -0.17     18     18     18
 26.500   21.2220  0.0760   0.13 224.43   1.21   0.20   32.9420  0.1730 -0.28     18     18     18
 27.000 -999.9900 -9.9900  99.99 999.90 999.90  99.99 -999.9900 99.9900 99.99      0      0      0
 27.500 -999.9900 -9.9900  99.99 999.90 999.90  99.99 -999.9900 99.9900 99.99      0      0      0
 28.000 -999.9900 -9.9900  99.99 999.90 999.90  99.99 -999.9900 99.9900 99.99      0      0      0
 28.500 -999.9900 -9.9900  99.99 999.90 999.90  99.99 -999.9900 99.9900 99.99      0      0      0
 29.000 -999.9900 -9.9900  99.99 999.90 999.90  99.99 -999.9900 99.9900 99.99      0      0      0
 29.500 -999.9900 -9.9900  99.99 999.90 999.90  99.99 -999.9900 99.9900 99.99      0      0      0
 30.000 -999.9900 -9.9900  99.99 999.90 999.90  99.99 -999.9900 99.9900 99.99      0      0      0
     T A B L E  II -   9.  T H E R M O D Y N A M I C  S T A T I S T I C A L  P A R A M E T E R S
                                 September
 STATION =   722930     YUMA PROVING GROUNDS, AZ
    Z      MEAN P   SD P   SKEWP  MEAN T  SD T  SKEWT    MEAN D   SD D  SKEWD  NOBSP  NOBST  NOBSD
    KM       MB       MB             K      K             G/M3    G/M3                           
  0.000 1020.0000  5.0000   0.00 290.00   5.00   0.00 1221.0000 25.0000  0.00    100    100    100
  0.098  994.6400  3.1210   0.16 302.37   5.61   0.23 1140.2670 22.1250  0.01    722    722    722
  0.500  948.5290  5.5190  -0.41 301.54   3.69  -0.04 1090.3030 14.6600  0.26   2070   2070   2070
  1.000  901.7650  3.0490  -0.12 298.52   3.26  -0.17 1047.4720 11.5110  0.25   2070   2070   2070
  1.500  851.6130  2.7940  -0.19 294.99   3.01  -0.29 1001.5500  9.9830  0.34   2071   2071   2071
  2.000  803.5970  2.7270  -0.29 291.30   2.69  -0.40  957.5220  8.4790  0.42   2073   2073   2073
  2.500  757.7320  2.7490  -0.40 287.63   2.40  -0.56  914.8170  7.0040  0.48   2073   2073   2073
  3.000  713.9510  2.7540  -0.55 284.10   2.17  -0.69  873.1070  5.8790  0.49   2073   2073   2073
  3.500  672.3260  2.6660  -0.59 280.77   2.11  -0.64  832.3860  5.4340  0.33   2073   2073   2073
  4.000  632.5130  2.6690  -0.58 277.57   2.24  -0.46  792.5000  5.4630  0.14   2073   2073   2073
  4.500  594.6100  2.6660  -0.68 274.48   2.36  -0.46  753.7320  5.4320  0.14   2073   2073   2073
  5.000  558.5470  2.6250  -0.76 271.49   2.37  -0.55  716.0670  5.0730  0.14   2073   2073   2073
  5.500  524.3720  2.6110  -0.86 268.49   2.39  -0.65  679.9290  4.6930  0.25   2073   2073   2073
  6.000  492.1570  2.6650  -0.92 265.34   2.40  -0.73  645.8310  4.4310  0.34   2073   2073   2073
  6.500  461.2520  2.7240  -0.73 261.95   2.43  -0.70  613.1800  4.0840  0.34   2072   2072   2072
  7.000  431.9420  2.6930  -0.97 258.42   2.51  -0.63  582.1380  3.7850  0.06   2069   2069   2069
  7.500  404.2410  2.7630  -0.87 254.82   2.63  -0.55  552.5420  3.7740  0.15   2067   2067   2067
  8.000  377.8810  2.8270  -0.57 251.16   2.75  -0.48  524.0710  3.7430 -0.01   2063   2063   2063
  8.500  352.8890  2.9210  -0.50 247.46   2.86  -0.39  496.7390  3.7700  0.29   2059   2059   2059
  9.000  329.3360  3.3100   0.57 243.83   2.95  -0.31  470.5150  3.8750  0.60   2052   2052   2052
  9.500  306.9350  3.2530   0.55 240.20   3.00  -0.28  445.1410  3.8010  0.56   2031   2031   2031
 10.000  285.7560  3.0600  -0.14 236.62   2.96  -0.27  420.7120  3.6880  0.28   2007   2007   2007
 10.500  265.8100  3.1450   0.06 233.11   2.90  -0.30  397.2420  3.8960  0.38   1990   1990   1990
 11.000  247.2400  3.6500   1.15 229.77   2.87  -0.30  374.8660  4.6670  0.84   1961   1961   1961
 11.500  229.3010  3.3140   1.01 226.44   2.65  -0.44  352.7850  4.4950  0.75   1905   1905   1905
 12.000  212.5050  3.0160   0.73 223.22   2.40  -0.41  331.6530  4.2880  0.19   1859   1859   1859
 12.500  196.8540  2.8200   0.56 220.12   2.11  -0.51  311.5620  4.3920 -0.34   1774   1774   1774
 13.000  182.1660  2.9420   1.19 217.09   1.96  -0.44  292.3400  4.9200 -0.01   1709   1709   1709
 13.500  168.2930  2.7290   1.31 214.12   1.88   0.02  273.8250  5.0350 -0.09   1643   1643   1643
 14.000  155.3150  2.4030   1.10 211.24   1.94   0.53  256.1700  5.0300 -0.34   1585   1585   1585
 14.500  143.2320  2.1960   1.17 208.52   2.17   0.71  239.3350  5.1490 -0.36   1424   1424   1424
 15.000  131.8730  1.9420   1.60 206.18   2.49   0.59  222.8710  5.1500 -0.16   1363   1363   1363
 15.500  121.2870  1.4580   0.58 204.34   2.83   0.47  206.8390  4.7540 -0.37   1297   1297   1297
 16.000  111.6190  1.3840   1.38 203.13   3.04   0.35  191.4830  4.5470 -0.14   1243   1243   1243
 16.500  102.5630  0.9830  -0.08 202.66   3.09   0.25  176.3590  3.8920 -0.36   1154   1154   1154
 17.000   94.2970  0.8590   0.23 202.77   3.01   0.20  162.0500  3.4190 -0.30    968    968    968
 17.500   86.7420  0.8630   1.62 203.57   2.81   0.30  148.4800  2.9870  0.09    960    960    960
 18.000   79.7430  0.6220   0.04 204.89   2.54   0.46  135.6080  2.2890 -0.46    939    939    939
 18.500   73.4790  0.7970   2.48 206.36   2.24   0.42  124.0630  2.1200  0.66    935    935    935
 19.000   67.6530  0.7150   2.47 207.96   2.07   0.25  113.3440  1.7240  0.91    897    897    897
 19.500   62.3550  0.6540   2.34 209.33   1.94   0.10  103.7800  1.4780  1.21    868    868    868
 20.000   57.6200  0.8650   2.41 210.55   1.83   0.02   95.3430  1.7200  1.96    848    848    848
 20.500   53.4340  0.3810  -1.03 212.01   2.18  -1.13   87.8130  1.1680  0.02     35     35     35
 21.000   49.4360  0.2950  -0.86 213.10   2.18  -2.06   80.8220  0.7960  0.88     18     18     18
 21.500   45.6990  0.2520  -1.10 213.83   2.11  -1.75   74.4540  0.5530  0.53     12     12     12
 22.000 -999.9900 -9.9900  99.99 999.90 999.90  99.99 -999.9900 99.9900 99.99      0      0      0
 22.500 -999.9900 -9.9900  99.99 999.90 999.90  99.99 -999.9900 99.9900 99.99      0      0      0
 23.000 -999.9900 -9.9900  99.99 999.90 999.90  99.99 -999.9900 99.9900 99.99      0      0      0
 23.500 -999.9900 -9.9900  99.99 999.90 999.90  99.99 -999.9900 99.9900 99.99      0      0      0
 24.000 -999.9900 -9.9900  99.99 999.90 999.90  99.99 -999.9900 99.9900 99.99      0      0      0
 24.500 -999.9900 -9.9900  99.99 999.90 999.90  99.99 -999.9900 99.9900 99.99      0      0      0
 25.000 -999.9900 -9.9900  99.99 999.90 999.90  99.99 -999.9900 99.9900 99.99      0      0      0
 25.500 -999.9900 -9.9900  99.99 999.90 999.90  99.99 -999.9900 99.9900 99.99      0      0      0
 26.000 -999.9900 -9.9900  99.99 999.90 999.90  99.99 -999.9900 99.9900 99.99      0      0      0
 26.500 -999.9900 -9.9900  99.99 999.90 999.90  99.99 -999.9900 99.9900 99.99      0      0      0
 27.000 -999.9900 -9.9900  99.99 999.90 999.90  99.99 -999.9900 99.9900 99.99      0      0      0
 27.500 -999.9900 -9.9900  99.99 999.90 999.90  99.99 -999.9900 99.9900 99.99      0      0      0
 28.000 -999.9900 -9.9900  99.99 999.90 999.90  99.99 -999.9900 99.9900 99.99      0      0      0
 28.500 -999.9900 -9.9900  99.99 999.90 999.90  99.99 -999.9900 99.9900 99.99      0      0      0
 29.000 -999.9900 -9.9900  99.99 999.90 999.90  99.99 -999.9900 99.9900 99.99      0      0      0
 29.500 -999.9900 -9.9900  99.99 999.90 999.90  99.99 -999.9900 99.9900 99.99      0      0      0
 30.000 -999.9900 -9.9900  99.99 999.90 999.90  99.99 -999.9900 99.9900 99.99      0      0      0
     T A B L E  II -  10.  T H E R M O D Y N A M I C  S T A T I S T I C A L  P A R A M E T E R S
                                   October
 STATION =   722930     YUMA PROVING GROUNDS, AZ
    Z      MEAN P   SD P   SKEWP  MEAN T  SD T  SKEWT    MEAN D   SD D  SKEWD  NOBSP  NOBST  NOBSD
    KM       MB       MB             K      K             G/M3    G/M3                           
  0.000 1020.0000  5.0000   0.00 290.00   5.00   0.00 1221.0000 25.0000  0.00    100    100    100
  0.098  996.7920  4.1700   0.75 295.51   6.15   0.38 1171.7209 25.3450 -0.23    629    629    629
  0.500  949.3890  5.5940  -0.37 296.76   3.92  -0.34 1110.6720 15.8510  0.68   2291   2291   2291
  1.000  902.4640  3.5120  -0.23 293.96   3.74  -0.49 1066.1071 12.8530  0.69   2292   2292   2292
  1.500  851.4480  3.3990  -0.29 290.53   3.70  -0.50 1018.1230 11.5460  0.75   2302   2302   2302
  2.000  802.7930  3.4620  -0.27 287.29   3.66  -0.57  971.3110 10.2910  0.79   2310   2310   2310
  2.500  756.2690  3.6400  -0.22 284.33   3.62  -0.72  925.0720  9.1720  0.89   2310   2310   2310
  3.000  712.0770  3.8220  -0.33 281.50   3.63  -0.88  880.1340  8.3370  0.98   2311   2311   2311
  3.500  670.0910  3.9670  -0.41 278.60   3.63  -0.90  837.0670  7.7740  0.88   2311   2311   2311
  4.000  630.0580  4.0850  -0.49 275.54   3.61  -0.85  795.9530  7.1880  0.63   2310   2310   2310
  4.500  591.9950  4.2280  -0.58 272.35   3.52  -0.82  756.7570  6.4680  0.39   2310   2310   2310
  5.000  555.8610  4.3590  -0.51 269.07   3.45  -0.77  719.3290  5.9230  0.34   2310   2310   2310
  5.500  521.4900  4.4490  -0.57 265.69   3.44  -0.74  683.5140  5.3810  0.10   2308   2308   2308
  6.000  489.0890  4.7060  -0.15 262.26   3.43  -0.73  649.4760  5.1150  0.46   2307   2307   2307
  6.500  458.1040  4.8600  -0.06 258.71   3.41  -0.69  616.7240  4.7720  0.67   2299   2299   2299
  7.000  428.6770  4.9630   0.01 255.07   3.37  -0.62  585.3630  4.4910  0.76   2286   2286   2286
  7.500  400.8500  5.0190   0.07 251.39   3.36  -0.54  555.4060  4.4520  0.75   2268   2268   2268
  8.000  374.4350  5.3850   0.56 247.66   3.38  -0.44  526.6280  4.7290  0.93   2248   2248   2248
  8.500  349.2510  5.2760   0.52 243.83   3.32  -0.43  498.9430  4.8890  0.90   2217   2217   2217
  9.000  325.3610  4.8450  -0.03 240.01   3.24  -0.39  472.2250  4.7460 -0.06   2183   2183   2183
  9.500  302.8040  4.5550  -0.34 236.30   3.14  -0.28  446.4050  4.9440 -0.79   2157   2157   2157
 10.000  281.5950  4.4470  -0.26 232.77   3.09  -0.11  421.4520  5.6240 -1.05   2144   2144   2144
 10.500  261.7050  4.4990   0.09 229.40   3.16  -0.01  397.4440  6.4950 -0.94   2128   2128   2128
 11.000  242.9180  4.4480   0.35 226.24   3.21   0.21  374.0900  7.1970 -0.87   2087   2087   2087
 11.500  225.0480  4.0380   0.21 223.25   3.24   0.31  351.2300  7.4440 -0.83   2036   2036   2036
 12.000  208.5040  3.9070   0.42 220.57   3.28   0.38  329.3690  7.6230 -0.55   2010   2010   2010
 12.500  192.9110  3.5920   0.44 218.13   3.21   0.41  308.1640  7.5580 -0.42   1917   1917   1917
 13.000  178.3800  3.2880   0.32 215.85   3.09   0.41  287.9740  7.3190 -0.34   1839   1839   1839
 13.500  164.8830  3.2250   0.87 213.65   3.06   0.36  268.9210  7.1800 -0.15   1776   1776   1776
 14.000  152.0290  2.5900   0.50 211.52   3.04   0.30  250.4630  6.5490 -0.30   1675   1675   1675
 14.500  140.1900  2.3760   0.65 209.55   3.08   0.41  233.1380  6.3010 -0.21   1582   1582   1582
 15.000  129.1850  2.1240   0.97 207.66   3.19   0.44  216.7930  5.9790 -0.14   1536   1536   1536
 15.500  119.0250  1.8740   0.96 206.03   3.38   0.40  201.3340  5.6660 -0.10   1479   1479   1479
 16.000  109.5490  1.6510   1.35 204.73   3.51   0.39  186.4830  5.2050 -0.10   1419   1419   1419
 16.500  100.8520  1.3060   1.53 203.76   3.45   0.29  172.4880  4.4040 -0.09   1277   1277   1277
 17.000   92.7380  1.0810   0.94 203.42   3.41   0.24  158.8730  3.8820 -0.10   1112   1112   1112
 17.500   85.3560  1.1570   2.20 203.57   3.24   0.15  146.1160  3.4560  0.22   1099   1099   1099
 18.000   78.4570  0.8560   1.32 204.13   2.97   0.09  133.9310  2.7430  0.12   1063   1063   1063
 18.500   72.2530  0.9420   2.12 205.18   2.65   0.08  122.7020  2.4590  0.65   1043   1043   1043
 19.000   66.5280  0.9160   2.48 206.44   2.34   0.09  112.2820  2.1330  1.30    997    997    997
 19.500   61.3190  0.9180   2.17 207.66   2.17  -0.04  102.8810  1.9820  1.62    953    953    953
 20.000   56.5700  0.9340   2.12 208.89   2.09  -0.23   94.3520  1.9110  1.79    901    901    901
 20.500   51.9860  0.5280   0.57 210.07   2.34  -0.23   86.2190  0.9980 -0.07     16     16     16
 21.000 -999.9900 -9.9900  99.99 999.90 999.90  99.99 -999.9900 99.9900 99.99      0      0      0
 21.500 -999.9900 -9.9900  99.99 999.90 999.90  99.99 -999.9900 99.9900 99.99      0      0      0
 22.000 -999.9900 -9.9900  99.99 999.90 999.90  99.99 -999.9900 99.9900 99.99      0      0      0
 22.500 -999.9900 -9.9900  99.99 999.90 999.90  99.99 -999.9900 99.9900 99.99      0      0      0
 23.000 -999.9900 -9.9900  99.99 999.90 999.90  99.99 -999.9900 99.9900 99.99      0      0      0
 23.500 -999.9900 -9.9900  99.99 999.90 999.90  99.99 -999.9900 99.9900 99.99      0      0      0
 24.000 -999.9900 -9.9900  99.99 999.90 999.90  99.99 -999.9900 99.9900 99.99      0      0      0
 24.500 -999.9900 -9.9900  99.99 999.90 999.90  99.99 -999.9900 99.9900 99.99      0      0      0
 25.000 -999.9900 -9.9900  99.99 999.90 999.90  99.99 -999.9900 99.9900 99.99      0      0      0
 25.500 -999.9900 -9.9900  99.99 999.90 999.90  99.99 -999.9900 99.9900 99.99      0      0      0
 26.000 -999.9900 -9.9900  99.99 999.90 999.90  99.99 -999.9900 99.9900 99.99      0      0      0
 26.500 -999.9900 -9.9900  99.99 999.90 999.90  99.99 -999.9900 99.9900 99.99      0      0      0
 27.000 -999.9900 -9.9900  99.99 999.90 999.90  99.99 -999.9900 99.9900 99.99      0      0      0
 27.500 -999.9900 -9.9900  99.99 999.90 999.90  99.99 -999.9900 99.9900 99.99      0      0      0
 28.000 -999.9900 -9.9900  99.99 999.90 999.90  99.99 -999.9900 99.9900 99.99      0      0      0
 28.500 -999.9900 -9.9900  99.99 999.90 999.90  99.99 -999.9900 99.9900 99.99      0      0      0
 29.000 -999.9900 -9.9900  99.99 999.90 999.90  99.99 -999.9900 99.9900 99.99      0      0      0
 29.500 -999.9900 -9.9900  99.99 999.90 999.90  99.99 -999.9900 99.9900 99.99      0      0      0
 30.000 -999.9900 -9.9900  99.99 999.90 999.90  99.99 -999.9900 99.9900 99.99      0      0      0
     T A B L E  II -  11.  T H E R M O D Y N A M I C  S T A T I S T I C A L  P A R A M E T E R S
                                  November
 STATION =   722930     YUMA PROVING GROUNDS, AZ
    Z      MEAN P   SD P   SKEWP  MEAN T  SD T  SKEWT    MEAN D   SD D  SKEWD  NOBSP  NOBST  NOBSD
    KM       MB       MB             K      K             G/M3    G/M3                           
  0.000 1020.0000  5.0000   0.00 290.00   5.00   0.00 1221.0000 25.0000  0.00    100    100    100
  0.098 1000.5360  4.7840   0.16 290.27   6.49   0.33 1198.5710 28.7110 -0.09    674    674    674
  0.500  952.7430  6.6810  -0.53 291.41   4.35  -0.19 1136.5540 19.2520  0.52   1908   1908   1908
  1.000  904.2940  3.8890  -0.07 289.00   4.35  -0.31 1087.9630 16.8880  0.43   1915   1915   1915
  1.500  852.2580  3.6210  -0.31 286.21   4.43  -0.44 1035.7061 15.4820  0.48   1936   1936   1936
  2.000  802.7380  3.7140  -0.55 283.64   4.42  -0.67  984.7200 13.7910  0.61   1944   1944   1944
  2.500  755.7600  3.8880  -0.63 281.17   4.32  -0.87  935.4920 12.0810  0.74   1944   1944   1944
  3.000  711.0850  4.1450  -0.78 278.63   4.18  -1.03  888.3480 10.4810  0.83   1945   1945   1945
  3.500  668.7290  4.3510  -0.89 275.84   4.06  -1.09  844.0060  9.0810  0.80   1945   1945   1945
  4.000  628.3590  4.5340  -1.00 272.81   3.96  -1.11  801.9220  7.9470  0.81   1945   1945   1945
  4.500  589.9850  4.6780  -1.04 269.63   3.93  -1.21  761.8830  7.0410  0.89   1945   1945   1945
  5.000  553.6150  4.9300  -0.89 266.34   3.89  -1.30  723.8090  6.3490  0.89   1945   1945   1945
  5.500  519.1350  5.1640  -0.84 262.99   3.86  -1.35  687.4130  5.7340  0.76   1942   1942   1942
  6.000  486.6340  5.4540  -0.61 259.58   3.79  -1.26  652.8900  5.4650  0.93   1938   1938   1938
  6.500  455.3750  5.4040  -0.75 256.00   3.67  -1.01  619.5240  4.9540  0.81   1924   1924   1924
  7.000  425.8670  5.5700  -0.53 252.39   3.60  -0.83  587.7070  4.7450  0.66   1915   1915   1915
  7.500  398.0180  5.6220  -0.40 248.69   3.54  -0.68  557.4570  4.9300  0.83   1903   1903   1903
  8.000  371.3260  5.5010  -0.61 244.91   3.44  -0.45  528.1080  4.8780  0.17   1884   1884   1884
  8.500  346.1990  5.3800  -0.58 241.15   3.35  -0.31  500.0820  5.0110 -0.40   1865   1865   1865
  9.000  322.6400  5.5770  -0.10 237.41   3.30  -0.15  473.4060  5.8030 -0.29   1850   1850   1850
  9.500  300.0340  5.1380  -0.43 233.65   3.18  -0.06  447.3240  5.8500 -1.32   1804   1804   1804
 10.000  278.8110  4.9460  -0.32 230.01   3.10   0.03  422.2870  6.2250 -1.70   1766   1766   1766
 10.500  258.7720  4.7150  -0.34 226.50   3.09   0.24  398.0170  6.8030 -1.89   1733   1733   1733
 11.000  239.8300  4.5030  -0.20 223.32   3.21   0.49  374.1650  7.5180 -1.61   1665   1665   1665
 11.500  222.0920  4.2900   0.08 220.36   3.51   0.56  351.1770  8.0210 -1.28   1631   1631   1631
 12.000  205.5730  3.8960  -0.04 217.65   3.75   0.54  329.1330  8.2530 -1.10   1592   1592   1592
 12.500  190.0930  3.7450   0.21 215.48   3.86   0.41  307.4360  8.4510 -0.64   1484   1484   1484
 13.000  175.6930  3.4830   0.32 213.64   3.85   0.26  286.6000  8.1510 -0.36   1408   1408   1408
 13.500  162.2210  3.2390   0.60 212.03   3.65   0.07  266.6210  7.6240 -0.18   1344   1344   1344
 14.000  149.5520  2.7050   0.31 210.56   3.34  -0.17  247.5120  6.8520 -0.13   1250   1250   1250
 14.500  137.8570  2.4210   0.39 209.15   3.22  -0.41  229.6950  6.3530 -0.02   1168   1168   1168
 15.000  127.0270  2.1260   0.39 207.76   3.12  -0.14  213.0710  5.8420 -0.08   1132   1132   1132
 15.500  117.0090  1.8570   0.43 206.42   3.07   0.23  197.5410  5.3830 -0.14   1091   1091   1091
 16.000  107.7200  1.5960   0.22 205.27   3.10   0.58  182.8820  4.9270 -0.27   1067   1067   1067
 16.500   99.4200  1.6000   1.35 204.19   3.32   0.75  169.6900  4.8390 -0.11    861    861    861
 17.000   91.3910  1.3680   1.47 203.72   3.42   0.68  156.3500  4.3980 -0.03    796    796    796
 17.500   84.0950  1.2260   1.60 203.56   3.40   0.50  143.9740  3.9120  0.15    775    775    775
 18.000   77.4260  1.2940   2.35 203.88   3.22   0.52  132.3460  3.5860  0.66    752    752    752
 18.500   71.1610  0.9890   1.58 204.48   2.95   0.70  121.2670  2.8510  0.36    708    708    708
 19.000   65.6820  1.1800   2.02 205.19   2.86   0.79  111.5420  2.8830  1.01    667    667    667
 19.500   60.6100  1.2410   1.71 206.14   2.67   0.94  102.4520  2.6790  0.98    608    608    608
 20.000   55.9470  1.2870   1.55 207.11   2.49   0.75   94.1240  2.5610  1.23    539    539    539
 20.500 -999.9900 -9.9900  99.99 999.90 999.90  99.99 -999.9900 99.9900 99.99      0      0      0
 21.000 -999.9900 -9.9900  99.99 999.90 999.90  99.99 -999.9900 99.9900 99.99      0      0      0
 21.500 -999.9900 -9.9900  99.99 999.90 999.90  99.99 -999.9900 99.9900 99.99      0      0      0
 22.000 -999.9900 -9.9900  99.99 999.90 999.90  99.99 -999.9900 99.9900 99.99      0      0      0
 22.500 -999.9900 -9.9900  99.99 999.90 999.90  99.99 -999.9900 99.9900 99.99      0      0      0
 23.000 -999.9900 -9.9900  99.99 999.90 999.90  99.99 -999.9900 99.9900 99.99      0      0      0
 23.500 -999.9900 -9.9900  99.99 999.90 999.90  99.99 -999.9900 99.9900 99.99      0      0      0
 24.000 -999.9900 -9.9900  99.99 999.90 999.90  99.99 -999.9900 99.9900 99.99      0      0      0
 24.500 -999.9900 -9.9900  99.99 999.90 999.90  99.99 -999.9900 99.9900 99.99      0      0      0
 25.000 -999.9900 -9.9900  99.99 999.90 999.90  99.99 -999.9900 99.9900 99.99      0      0      0
 25.500 -999.9900 -9.9900  99.99 999.90 999.90  99.99 -999.9900 99.9900 99.99      0      0      0
 26.000 -999.9900 -9.9900  99.99 999.90 999.90  99.99 -999.9900 99.9900 99.99      0      0      0
 26.500 -999.9900 -9.9900  99.99 999.90 999.90  99.99 -999.9900 99.9900 99.99      0      0      0
 27.000 -999.9900 -9.9900  99.99 999.90 999.90  99.99 -999.9900 99.9900 99.99      0      0      0
 27.500 -999.9900 -9.9900  99.99 999.90 999.90  99.99 -999.9900 99.9900 99.99      0      0      0
 28.000 -999.9900 -9.9900  99.99 999.90 999.90  99.99 -999.9900 99.9900 99.99      0      0      0
 28.500 -999.9900 -9.9900  99.99 999.90 999.90  99.99 -999.9900 99.9900 99.99      0      0      0
 29.000 -999.9900 -9.9900  99.99 999.90 999.90  99.99 -999.9900 99.9900 99.99      0      0      0
 29.500 -999.9900 -9.9900  99.99 999.90 999.90  99.99 -999.9900 99.9900 99.99      0      0      0
 30.000 -999.9900 -9.9900  99.99 999.90 999.90  99.99 -999.9900 99.9900 99.99      0      0      0
     T A B L E  II -  12.  T H E R M O D Y N A M I C  S T A T I S T I C A L  P A R A M E T E R S
                                  December
 STATION =   722930     YUMA PROVING GROUNDS, AZ
    Z      MEAN P   SD P   SKEWP  MEAN T  SD T  SKEWT    MEAN D   SD D  SKEWD  NOBSP  NOBST  NOBSD
    KM       MB       MB             K      K             G/M3    G/M3                           
  0.000 1020.0000  5.0000   0.00 290.00   5.00   0.00 1221.0000 25.0000  0.00    100    100    100
  0.098 1002.7940  5.9150  -0.44 284.62   5.56   0.40 1225.0780 26.4810 -0.15    574    574    574
  0.500  954.2870  6.5390  -0.37 287.31   4.01  -0.29 1154.8210 19.5780  0.38   1572   1572   1572
  1.000  904.6060  4.0390  -0.75 285.48   4.34  -0.39 1101.9600 16.8670  0.48   1575   1575   1575
  1.500  852.0460  3.9540  -0.83 283.12   4.77  -0.44 1046.8781 16.4320  0.49   1597   1597   1597
  2.000  802.0420  4.2450  -0.82 280.73   4.95  -0.58  994.1400 15.0230  0.59   1600   1600   1600
  2.500  754.4950  4.5950  -0.86 278.29   4.99  -0.74  943.6530 13.3490  0.74   1600   1600   1600
  3.000  709.4660  4.9200  -0.83 275.73   4.91  -0.90  895.7480 11.6190  0.93   1600   1600   1600
  3.500  666.7850  5.1830  -0.86 272.92   4.78  -0.96  850.6280 10.0830  0.93   1601   1601   1601
  4.000  626.1660  5.5440  -0.74 269.88   4.66  -1.02  807.8820  8.8180  0.88   1601   1601   1601
  4.500  587.4920  5.8310  -0.71 266.72   4.58  -1.07  767.0350  7.8080  0.81   1599   1599   1599
  5.000  550.8320  6.0020  -0.93 263.40   4.59  -1.12  728.2710  7.2490  0.67   1598   1598   1598
  5.500  516.1670  6.2730  -0.54 259.98   4.56  -1.11  691.4570  6.7030  0.71   1598   1598   1598
  6.000  483.4190  6.4460  -0.66 256.48   4.48  -1.08  656.4500  6.2360  0.55   1593   1593   1593
  6.500  452.2350  6.9650  -0.06 252.91   4.39  -0.98  622.8050  6.3180  0.95   1589   1589   1589
  7.000  422.4390  6.6860  -0.29 249.23   4.27  -0.83  590.3780  5.7140  0.43   1569   1569   1569
  7.500  394.4470  6.6500  -0.45 245.52   4.14  -0.69  559.5990  5.7300  0.38   1557   1557   1557
  8.000  367.6790  6.6500  -0.48 241.76   3.98  -0.51  529.7510  5.8900  0.19   1543   1543   1543
  8.500  342.3320  6.3500  -0.63 238.04   3.79  -0.28  500.9560  5.9610 -0.70   1525   1525   1525
  9.000  318.5600  6.2320  -0.54 234.38   3.61  -0.06  473.4600  6.6560 -0.85   1514   1514   1514
  9.500  296.1240  5.8470  -0.57 230.77   3.47   0.04  447.0230  7.1210 -1.22   1488   1488   1488
 10.000  274.9390  5.6510  -0.48 227.27   3.39   0.15  421.4470  7.8470 -1.27   1476   1476   1476
 10.500  255.0910  5.5410  -0.21 223.99   3.44   0.27  396.7690  8.5400 -1.28   1443   1443   1443
 11.000  236.3340  5.5940   0.24 220.95   3.63   0.41  372.6850  9.5190 -1.07   1401   1401   1401
 11.500  218.5820  5.3000   0.65 218.25   3.96   0.33  349.0070 10.2460 -0.81   1359   1359   1359
 12.000  201.9420  4.4390   0.13 216.11   4.37   0.30  325.6900 10.5360 -0.65   1313   1313   1313
 12.500  186.5230  4.0840   0.42 214.75   4.76   0.17  302.7680 10.6950 -0.31   1249   1249   1249
 13.000  172.1380  3.4770   0.27 213.74   4.92   0.03  280.7690 10.2150 -0.07   1179   1179   1179
 13.500  158.9250  3.1180   0.36 212.82   4.74  -0.14  260.3340  9.4340  0.14   1135   1135   1135
 14.000  146.9110  2.9080   0.58 211.87   4.43  -0.29  241.7120  8.4210  0.23   1059   1059   1059
 14.500  135.5260  2.6440   0.92 210.79   4.09  -0.30  224.1000  7.4760  0.23   1011   1011   1011
 15.000  124.9870  2.3390   0.98 209.64   3.77  -0.27  207.8000  6.5790  0.19    977    977    977
 15.500  115.2220  2.0370   0.95 208.57   3.67  -0.14  192.5400  5.8990  0.10    924    924    924
 16.000  106.1690  1.7960   1.17 207.57   3.73   0.03  178.2710  5.5480  0.15    881    881    881
 16.500   97.9930  1.5260   1.41 206.19   3.57   0.06  165.6350  4.6960  0.05    662    662    662
 17.000   90.2040  1.3100   1.34 205.56   3.70   0.03  152.9360  4.1740  0.04    629    629    629
 17.500   83.1300  1.4340   2.25 205.32   3.77  -0.02  141.1060  4.0500  0.38    607    607    607
 18.000   76.5480  1.2460   2.02 205.52   3.70  -0.09  129.8060  3.5880  0.60    566    566    566
 18.500   70.6600  1.3770   1.88 205.98   3.46  -0.29  119.5490  3.3830  0.82    532    532    532
 19.000   65.1570  1.3570   1.85 206.64   3.24  -0.41  109.8780  3.0370  1.13    476    476    476
 19.500   60.1030  1.2480   1.55 207.32   2.96  -0.38  101.0140  2.6000  1.08    413    413    413
 20.000   55.6400  1.3510   1.16 207.99   2.76  -0.47   93.2080  2.4840  0.96    356    356    356
 20.500   50.6030  0.3960   0.32 207.28   3.11   0.23   85.0640  1.3610 -0.29     19     19     19
 21.000   46.6910  0.4010   0.37 208.06   3.63  -0.21   78.2000  1.4580 -0.06     11     11     11
 21.500 -999.9900 -9.9900  99.99 999.90 999.90  99.99 -999.9900 99.9900 99.99      0      0      0
 22.000 -999.9900 -9.9900  99.99 999.90 999.90  99.99 -999.9900 99.9900 99.99      0      0      0
 22.500 -999.9900 -9.9900  99.99 999.90 999.90  99.99 -999.9900 99.9900 99.99      0      0      0
 23.000 -999.9900 -9.9900  99.99 999.90 999.90  99.99 -999.9900 99.9900 99.99      0      0      0
 23.500 -999.9900 -9.9900  99.99 999.90 999.90  99.99 -999.9900 99.9900 99.99      0      0      0
 24.000 -999.9900 -9.9900  99.99 999.90 999.90  99.99 -999.9900 99.9900 99.99      0      0      0
 24.500 -999.9900 -9.9900  99.99 999.90 999.90  99.99 -999.9900 99.9900 99.99      0      0      0
 25.000 -999.9900 -9.9900  99.99 999.90 999.90  99.99 -999.9900 99.9900 99.99      0      0      0
 25.500 -999.9900 -9.9900  99.99 999.90 999.90  99.99 -999.9900 99.9900 99.99      0      0      0
 26.000 -999.9900 -9.9900  99.99 999.90 999.90  99.99 -999.9900 99.9900 99.99      0      0      0
 26.500 -999.9900 -9.9900  99.99 999.90 999.90  99.99 -999.9900 99.9900 99.99      0      0      0
 27.000 -999.9900 -9.9900  99.99 999.90 999.90  99.99 -999.9900 99.9900 99.99      0      0      0
 27.500 -999.9900 -9.9900  99.99 999.90 999.90  99.99 -999.9900 99.9900 99.99      0      0      0
 28.000 -999.9900 -9.9900  99.99 999.90 999.90  99.99 -999.9900 99.9900 99.99      0      0      0
 28.500 -999.9900 -9.9900  99.99 999.90 999.90  99.99 -999.9900 99.9900 99.99      0      0      0
 29.000 -999.9900 -9.9900  99.99 999.90 999.90  99.99 -999.9900 99.9900 99.99      0      0      0
 29.500 -999.9900 -9.9900  99.99 999.90 999.90  99.99 -999.9900 99.9900 99.99      0      0      0
 30.000 -999.9900 -9.9900  99.99 999.90 999.90  99.99 -999.9900 99.9900 99.99      0      0      0
     T A B L E  II -  13.  T H E R M O D Y N A M I C  S T A T I S T I C A L  P A R A M E T E R S
                                    Annual
 STATION =   722930     YUMA PROVING GROUNDS, AZ
    Z      MEAN P   SD P   SKEWP  MEAN T  SD T  SKEWT    MEAN D   SD D  SKEWD  NOBSP  NOBST  NOBSD
    KM       MB       MB             K      K             G/M3    G/M3                           
  0.000 1020.0000  5.0000   0.00 290.00   5.00   0.00 1221.0000 25.0000  0.00    100    100    100
  0.098  997.1560  5.4670   0.68 295.78   9.86   0.05 1171.8580 44.2970  0.14   8296   8296   8296
  0.500  950.3310  6.3220  -0.19 295.71   7.44  -0.11 1116.7070 32.0500  0.31  24256  24256  24256
  1.000  902.5650  3.9620  -0.00 292.94   7.12  -0.22 1070.8330 27.9020  0.29  24287  24287  24287
  1.500  851.3660  3.6930  -0.36 289.64   6.93  -0.29 1021.8360 24.7210  0.33  24425  24425  24425
  2.000  802.4490  3.9650  -0.60 286.40   6.61  -0.39  974.2980 21.2150  0.39  24474  24474  24474
  2.500  755.8280  4.4120  -0.67 283.25   6.21  -0.50  928.1510 17.7810  0.46  24474  24474  24474
  3.000  711.5000  4.8600  -0.69 280.17   5.83  -0.61  883.5330 14.7390  0.54  24478  24478  24478
  3.500  669.3650  5.3130  -0.71 277.05   5.55  -0.68  840.7520 12.2800  0.59  24482  24482  24482
  4.000  629.1480  5.6810  -0.72 273.83   5.36  -0.74  799.6790 10.4340  0.62  24478  24478  24478
  4.500  590.9010  5.9990  -0.74 270.55   5.29  -0.77  760.3050  9.0730  0.62  24474  24474  24474
  5.000  554.5630  6.2700  -0.76 267.23   5.30  -0.78  722.5400  8.1180  0.59  24470  24470  24470
  5.500  520.1120  6.5130  -0.74 263.88   5.39  -0.74  686.3520  7.4480  0.54  24462  24462  24462
  6.000  487.6070  6.8180  -0.69 260.50   5.52  -0.67  651.8880  6.9470  0.59  24440  24440  24440
  6.500  456.4820  7.0270  -0.63 256.99   5.64  -0.58  618.6630  6.4780  0.66  24362  24362  24362
  7.000  426.9600  7.1510  -0.63 253.42   5.74  -0.47  586.8690  5.9860  0.56  24252  24252  24252
  7.500  399.0700  7.2480  -0.64 249.77   5.81  -0.36  556.5580  5.6450  0.51  24137  24137  24137
  8.000  372.5120  7.4120  -0.56 246.06   5.87  -0.25  527.3800  5.3330  0.42  24008  24008  24008
  8.500  347.3580  7.4300  -0.53 242.30   5.87  -0.15  499.4040  5.1770  0.17  23859  23859  23859
  9.000  323.6470  7.4580  -0.47 238.56   5.83  -0.06  472.6240  5.3200 -0.08  23717  23717  23717
  9.500  301.2030  7.3580  -0.45 234.85   5.76   0.01  446.7930  5.4940 -0.72  23454  23454  23454
 10.000  279.9650  7.2780  -0.40 231.23   5.66   0.06  421.7930  5.9110 -1.36  23182  23182  23182
 10.500  260.0010  7.1560  -0.31 227.77   5.54   0.06  397.6770  6.5860 -1.62  22904  22904  22904
 11.000  241.2690  7.1100  -0.20 224.58   5.37   0.02  374.2770  7.5170 -1.57  22407  22407  22407
 11.500  223.5150  6.8700  -0.12 221.63   5.13  -0.08  351.3610  8.4150 -1.37  21900  21900  21900
 12.000  206.9070  6.5130  -0.09 219.09   4.86  -0.22  329.0480  9.1460 -1.25  21295  21295  21295
 12.500  191.3940  6.2080  -0.03 217.01   4.45  -0.37  307.3150  9.8490 -0.97  20181  20181  20181
 13.000  176.9030  5.8190   0.05 215.26   3.99  -0.36  286.3710 10.2780 -0.66  19159  19159  19159
 13.500  163.4060  5.3700   0.11 213.65   3.62  -0.09  266.5410 10.4510 -0.40  18487  18487  18487
 14.000  150.9120  4.8510   0.10 212.01   3.48   0.25  248.1000 10.3450 -0.23  17484  17484  17484
 14.500  139.1380  4.4050   0.15 210.38   3.62   0.31  230.5380 10.1690 -0.06  16444  16444  16444
 15.000  128.2380  3.8880   0.16 208.78   3.85   0.25  214.1290  9.6540  0.03  15897  15897  15897
 15.500  118.1470  3.4200   0.14 207.37   4.05   0.19  198.6350  8.9680  0.06  15282  15282  15282
 16.000  108.7990  3.0100   0.12 206.26   4.10   0.20  183.8990  8.1080  0.05  14778  14778  14778
 16.500  100.4230  2.6270   0.00 205.30   3.93   0.30  170.5230  7.0100 -0.10  12739  12739  12739
 17.000   92.2950  2.3300   0.06 205.16   3.72   0.34  156.8110  6.0180 -0.12  11556  11556  11556
 17.500   84.9780  2.1030   0.10 205.34   3.48   0.32  144.2330  5.0780 -0.16  11341  11341  11341
 18.000   78.2520  1.8870   0.05 205.94   3.21   0.19  132.4130  4.1950 -0.21  11060  11060  11060
 18.500   72.1090  1.7410   0.05 206.79   2.97   0.00  121.5040  3.5110 -0.21  10748  10748  10748
 19.000   66.4930  1.6200   0.04 207.78   2.81  -0.22  111.5000  2.9790 -0.07  10274  10274  10274
 19.500   61.3780  1.5140   0.04 208.82   2.68  -0.41  102.4060  2.5940  0.06   9748   9748   9748
 20.000   56.7390  1.4470   0.03 209.89   2.61  -0.63   94.1790  2.3670  0.24   9141   9141   9141
 20.500   52.5680  1.3890  -0.48 210.54   2.65  -0.77   86.9780  1.8090 -0.61    341    341    341
 21.000   48.7120  1.3440  -0.79 212.01   2.68  -1.12   80.0360  1.7540 -0.88    192    192    192
 21.500   44.9940  1.2640  -0.83 213.11   2.72  -1.17   73.5430  1.5490 -0.70    139    139    139
 22.000   41.5370  1.1890  -0.80 213.99   2.74  -1.02   67.6140  1.4100 -0.63    112    112    112
 22.500   38.3710  1.1540  -0.76 214.94   2.81  -1.13   62.1820  1.3660 -0.63     95     95     95
 23.000   35.4740  1.1110  -0.77 215.60   2.96  -1.09   57.3090  1.2860 -0.58     84     84     84
 23.500   32.9020  1.0170  -0.91 216.65   2.82  -1.30   52.8970  1.1850 -0.79     64     64     64
 24.000   30.9420  0.4370  -3.17 218.90   1.85  -1.61   49.2440  0.5950 -1.77     45     45     45
 24.500   28.7050  0.4680  -3.31 219.75   1.92  -1.68   45.5040  0.5380 -1.92     30     30     30
 25.000   26.5730  0.4530  -3.27 220.67   1.78  -1.68   41.9490  0.5410 -2.06     29     29     29
 25.500   24.6060  0.4410  -3.21 221.67   1.77  -1.33   38.6680  0.5430 -2.20     28     28     28
 26.000   22.7900  0.4220  -3.23 222.77   1.72  -1.17   35.6380  0.5370 -2.20     28     28     28
 26.500   21.1180  0.3750  -3.10 223.66   1.84  -0.70   32.8920  0.4880 -2.09     28     28     28
 27.000   19.5760  0.4810  -2.40 224.53   1.95  -1.31   30.3700  0.5460 -2.13     11     11     11
 27.500 -999.9900 -9.9900  99.99 999.90 999.90  99.99 -999.9900 99.9900 99.99      0      0      0
 28.000 -999.9900 -9.9900  99.99 999.90 999.90  99.99 -999.9900 99.9900 99.99      0      0      0
 28.500 -999.9900 -9.9900  99.99 999.90 999.90  99.99 -999.9900 99.9900 99.99      0      0      0
 29.000 -999.9900 -9.9900  99.99 999.90 999.90  99.99 -999.9900 99.9900 99.99      0      0      0
 29.500 -999.9900 -9.9900  99.99 999.90 999.90  99.99 -999.9900 99.9900 99.99      0      0      0
 30.000 -999.9900 -9.9900  99.99 999.90 999.90  99.99 -999.9900 99.9900 99.99      0      0      0
