        911650   21.98N  159.34W
  T A B L E  III -   1.  M O I S T U R E  R E L A T E D  S T A T I S T I C A L  P A R A M E T E R S
                                   January
 Station =   911650     Barking Sands, Hawaii (Lihue)
      Z VAPOR P   SD VP SKEW VP      TV      TV SKEW TV DEWPT T  SD DPT SKW DPT NOBS TP NOBS TV   
           MEAN                    MEAN      SD            MEAN                                   
     KM      MB      MB          KELVIN  KELVIN          KELVIN  KELVIN                           
  0.000  16.000   6.000    0.00  291.00    6.00    0.00  290.00    7.00    0.00       0       0
  0.036  14.930   8.889   -0.80  297.20    3.08   -0.36  286.57   10.80   -2.12    1513    1513
  0.500  13.848   6.731   -1.10  293.57    1.88   -0.34  284.31   10.11   -2.20    1648    1648
  1.000  11.909   4.921   -1.23  289.81    1.92   -0.29  281.21    9.73   -2.13    1748    1748
  1.500   8.940   4.440   -0.62  287.00    2.30   -0.18  275.53   11.80   -1.52    1791    1791
  2.000   5.291   3.853    0.37  285.43    2.59   -0.17  266.45   13.41   -0.65    1797    1797
  2.500   3.261   2.860    1.02  283.70    2.55   -0.34  259.55   13.18   -0.29    1798    1798
  3.000   2.278   2.146    1.37  281.38    2.54   -0.34  255.15   12.48   -0.12    1796    1796
  3.500   1.663   1.592    1.55  278.68    2.58   -0.35  251.59   11.86   -0.06    1794    1794
  4.000   1.271   1.265    1.69  275.81    2.69   -0.33  248.38   11.65    0.00    1794    1794
  4.500   0.977   0.995    1.83  272.82    2.81   -0.30  245.50   11.27    0.03    1792    1792
  5.000   0.781   0.810    1.88  269.75    2.94   -0.32  243.01   11.11    0.05    1790    1790
  5.500   0.601   0.631    1.94  266.60    3.07   -0.35  240.20   10.86    0.07    1791    1791
  6.000   0.476   0.507    1.85  263.36    3.19   -0.36  237.65   10.81    0.08    1789    1789
  6.500   0.365   0.392    1.88  260.00    3.30   -0.33  235.08   10.49    0.09    1782    1782
  7.000   0.275   0.297    1.91  256.56    3.41   -0.33  232.37   10.15    0.09    1781    1781
  7.500   0.205   0.222    2.03  253.06    3.55   -0.32  229.62    9.85    0.07    1780    1780
  8.000   0.150   0.157    2.01  249.50    3.67   -0.34  227.00    9.28    0.05    1779    1779
  8.500   0.108   0.110    1.90  245.95    3.81   -0.35  224.19    8.98    0.01    1775    1775
  9.000   0.076   0.076    1.90  242.42    3.96   -0.38  221.35    8.59   -0.05    1765    1765
  9.500   0.053   0.052    1.96  238.97    4.07   -0.45  218.45    8.23   -0.10    1742    1742
 10.000   0.035   0.034    1.83  235.62    4.07   -0.54  215.58    7.72   -0.12    1693    1693
 10.500   0.022   0.022    1.69  232.28    4.01   -0.65  212.64    7.08   -0.19    1619    1619
 11.000   0.014   0.014    1.66  229.02    3.90   -0.73  209.84    6.61   -0.26    1462    1462
 11.500 999.900 999.900  999.90  225.78    3.65   -0.82  207.06    5.99   -0.26    1395    1395
 12.000 999.900 999.900  999.90  222.61    3.33   -0.94  204.29    5.62   -0.25    1294    1294
 12.500 999.900 999.900  999.90  219.50    3.00   -0.85  201.60    5.46   -0.25     918     918
 13.000 999.900 999.900  999.90  216.39    2.70   -0.60  198.79    5.26   -0.02     620     620
 13.500 999.900 999.900  999.90  213.30    2.50   -0.11  196.83    5.89    0.12     231     231
 14.000 999.900 999.900  999.90  210.21    2.41    0.24  194.70    6.52    0.09      77      77
 14.500 999.900 999.900  999.90  207.21    2.43    0.41  999.90  999.90  999.90       0       0
 15.000 999.900 999.900  999.90  204.36    2.59    0.51  999.90  999.90  999.90       0       0
 15.500 999.900 999.900  999.90  201.71    2.82    0.54  999.90  999.90  999.90       0       0
 16.000 999.900 999.900  999.90  199.35    3.11    0.52  999.90  999.90  999.90       0       0
 16.500 999.900 999.900  999.90  197.52    3.30    0.50  999.90  999.90  999.90       0       0
 17.000 999.900 999.900  999.90  196.33    3.44    0.50  999.90  999.90  999.90       0       0
 17.500 999.900 999.900  999.90  195.72    3.60    0.40  999.90  999.90  999.90       0       0
 18.000 999.900 999.900  999.90  195.97    3.71    0.34  999.90  999.90  999.90       0       0
 18.500 999.900 999.900  999.90  197.18    3.78    0.25  999.90  999.90  999.90       0       0
 19.000 999.900 999.900  999.90  199.07    3.57    0.13  999.90  999.90  999.90       0       0
 19.500 999.900 999.900  999.90  201.23    3.29    0.17  999.90  999.90  999.90       0       0
 20.000 999.900 999.900  999.90  203.32    3.04    0.04  999.90  999.90  999.90       0       0
 20.500 999.900 999.900  999.90  205.24    2.78   -0.12  999.90  999.90  999.90       0       0
 21.000 999.900 999.900  999.90  206.79    2.68   -0.04  999.90  999.90  999.90       0       0
 21.500 999.900 999.900  999.90  208.23    2.69   -0.06  197.96    6.51   -0.01      14      14
 22.000 999.900 999.900  999.90  209.55    2.72   -0.15  196.02    5.93    0.55      34      34
 22.500 999.900 999.900  999.90  210.75    2.77   -0.18  195.65    6.37    0.41      79      79
 23.000 999.900 999.900  999.90  211.90    2.74   -0.24  195.04    6.50    0.52     197     197
 23.500 999.900 999.900  999.90  212.98    2.70   -0.22  194.68    6.41    0.50     364     364
 24.000 999.900 999.900  999.90  214.02    2.67   -0.18  194.58    6.17    0.51     661     661
 24.500 999.900 999.900  999.90  215.03    2.69   -0.16  194.46    6.13    0.54     803     803
 25.000 999.900 999.900  999.90  216.02    2.71   -0.16  194.48    5.96    0.66     946     946
 25.500 999.900 999.900  999.90  217.02    2.70   -0.09  194.78    6.08    0.69    1061    1061
 26.000 999.900 999.900  999.90  217.98    2.75   -0.09  194.97    6.07    0.73    1145    1145
 26.500 999.900 999.900  999.90  218.96    2.74   -0.10  195.26    6.06    0.79    1244    1244
 27.000 999.900 999.900  999.90  219.78    2.76   -0.11  195.49    6.06    0.82    1255    1255
 27.500 999.900 999.900  999.90  220.54    2.83   -0.14  195.84    6.09    0.82    1258    1258
 28.000 999.900 999.900  999.90  221.39    2.87   -0.13  196.18    6.11    0.81    1238    1238
 28.500 999.900 999.900  999.90  222.25    2.94   -0.07  196.52    6.16    0.83    1188    1188
 29.000 999.900 999.900  999.90  223.04    3.02   -0.06  196.77    6.30    0.83    1068    1068
 29.500 999.900 999.900  999.90  223.77    3.12    0.13  196.75    6.21    0.82     850     850
 30.000 999.900 999.900  999.90  224.62    3.43    0.14  196.80    6.48    0.59     335     335
  T A B L E  III -   2.  M O I S T U R E  R E L A T E D  S T A T I S T I C A L  P A R A M E T E R S
                                  February
 Station =   911650     Barking Sands, Hawaii (Lihue)
      Z VAPOR P   SD VP SKEW VP      TV      TV SKEW TV DEWPT T  SD DPT SKW DPT NOBS TP NOBS TV   
           MEAN                    MEAN      SD            MEAN                                   
     KM      MB      MB          KELVIN  KELVIN          KELVIN  KELVIN                           
  0.000  16.000   6.000    0.00  291.00    6.00    0.00  290.00    7.00    0.00       0       0
  0.036  14.715   8.808   -0.78  297.04    2.85   -0.41  286.29   10.91   -2.11    1377    1377
  0.500  13.699   6.680   -1.09  293.15    1.85   -0.41  284.10   10.19   -2.20    1500    1500
  1.000  11.768   4.759   -1.27  289.32    1.96   -0.37  280.92    9.82   -2.17    1599    1599
  1.500   9.036   4.200   -0.79  286.27    2.31   -0.32  275.95   11.32   -1.66    1631    1631
  2.000   5.491   3.730    0.17  284.49    2.43   -0.37  267.29   13.03   -0.75    1638    1638
  2.500   3.428   2.947    0.81  282.74    2.33   -0.15  260.10   13.44   -0.32    1633    1633
  3.000   2.367   2.231    1.11  280.45    2.36   -0.07  255.13   13.24   -0.14    1632    1632
  3.500   1.712   1.712    1.34  277.80    2.52   -0.10  251.19   12.80   -0.01    1629    1629
  4.000   1.295   1.348    1.55  274.95    2.65   -0.04  247.98   12.43    0.05    1624    1624
  4.500   0.998   1.062    1.68  271.94    2.77   -0.04  245.15   12.00    0.09    1623    1623
  5.000   0.777   0.858    1.77  268.90    2.89   -0.03  242.30   11.85    0.13    1620    1620
  5.500   0.594   0.670    1.88  265.77    3.04   -0.02  239.54   11.48    0.15    1615    1615
  6.000   0.477   0.535    1.80  262.52    3.24    0.00  237.22   11.42    0.10    1613    1613
  6.500   0.374   0.422    1.77  259.15    3.39    0.00  234.78   11.15    0.12    1612    1612
  7.000   0.286   0.320    1.75  255.72    3.53   -0.00  232.27   10.83    0.10    1609    1609
  7.500   0.215   0.242    1.76  252.36    3.73   -0.00  229.46   10.70    0.06    1608    1608
  8.000   0.156   0.171    1.70  248.96    3.86   -0.06  226.78   10.13    0.05    1607    1607
  8.500   0.111   0.117    1.63  245.57    4.03   -0.13  224.05    9.59   -0.03    1605    1605
  9.000   0.076   0.077    1.62  242.22    4.20   -0.19  221.06    9.03   -0.10    1601    1601
  9.500   0.051   0.051    1.73  238.93    4.37   -0.29  218.01    8.60   -0.17    1581    1581
 10.000   0.033   0.034    1.91  235.67    4.39   -0.37  214.98    7.96   -0.15    1527    1527
 10.500   0.021   0.021    1.66  232.38    4.37   -0.44  211.95    7.38   -0.21    1466    1466
 11.000   0.013   0.013    1.47  229.09    4.30   -0.54  209.22    6.88   -0.34    1331    1331
 11.500 999.900 999.900  999.90  225.82    4.03   -0.61  206.57    6.37   -0.41    1239    1239
 12.000 999.900 999.900  999.90  222.67    3.65   -0.67  203.66    6.03   -0.37    1155    1155
 12.500 999.900 999.900  999.90  219.57    3.25   -0.66  200.98    5.68   -0.23     806     806
 13.000 999.900 999.900  999.90  216.47    2.83   -0.38  198.09    5.52    0.02     554     554
 13.500 999.900 999.900  999.90  213.44    2.53    0.05  194.83    5.80    0.54     236     236
 14.000 999.900 999.900  999.90  210.39    2.41    0.40  191.82    5.52    1.13      82      82
 14.500 999.900 999.900  999.90  207.49    2.46    0.56  999.90  999.90  999.90       0       0
 15.000 999.900 999.900  999.90  204.68    2.61    0.59  999.90  999.90  999.90       0       0
 15.500 999.900 999.900  999.90  202.05    2.84    0.52  999.90  999.90  999.90       0       0
 16.000 999.900 999.900  999.90  199.67    3.08    0.49  999.90  999.90  999.90       0       0
 16.500 999.900 999.900  999.90  197.82    3.28    0.42  999.90  999.90  999.90       0       0
 17.000 999.900 999.900  999.90  196.71    3.40    0.32  999.90  999.90  999.90       0       0
 17.500 999.900 999.900  999.90  196.10    3.54    0.18  999.90  999.90  999.90       0       0
 18.000 999.900 999.900  999.90  196.26    3.54    0.12  999.90  999.90  999.90       0       0
 18.500 999.900 999.900  999.90  197.22    3.56    0.00  999.90  999.90  999.90       0       0
 19.000 999.900 999.900  999.90  198.87    3.49   -0.19  999.90  999.90  999.90       0       0
 19.500 999.900 999.900  999.90  200.93    3.27   -0.18  999.90  999.90  999.90       0       0
 20.000 999.900 999.900  999.90  203.05    3.05   -0.13  999.90  999.90  999.90       0       0
 20.500 999.900 999.900  999.90  204.91    2.76   -0.16  999.90  999.90  999.90       0       0
 21.000 999.900 999.900  999.90  206.53    2.60   -0.02  999.90  999.90  999.90       0       0
 21.500 999.900 999.900  999.90  207.97    2.48    0.07  999.90  999.90  999.90       0       0
 22.000 999.900 999.900  999.90  209.38    2.46    0.06  197.63    6.71   -0.05      15      15
 22.500 999.900 999.900  999.90  210.64    2.44   -0.03  196.20    6.29   -0.05      58      58
 23.000 999.900 999.900  999.90  211.79    2.46   -0.10  195.12    6.53    0.16     147     147
 23.500 999.900 999.900  999.90  212.86    2.41   -0.18  194.66    6.97    0.25     261     261
 24.000 999.900 999.900  999.90  213.88    2.46   -0.13  194.10    6.63    0.42     494     494
 24.500 999.900 999.900  999.90  214.87    2.46   -0.05  194.01    6.53    0.54     630     630
 25.000 999.900 999.900  999.90  215.88    2.48    0.07  194.05    6.32    0.68     786     786
 25.500 999.900 999.900  999.90  216.93    2.49    0.15  194.04    6.18    0.80     930     930
 26.000 999.900 999.900  999.90  218.02    2.53    0.28  194.27    6.19    0.83    1013    1013
 26.500 999.900 999.900  999.90  219.04    2.57    0.20  194.64    5.99    0.90    1090    1090
 27.000 999.900 999.900  999.90  220.10    2.56    0.18  195.16    6.05    0.94    1106    1106
 27.500 999.900 999.900  999.90  221.09    2.62    0.11  195.67    6.05    0.96    1107    1107
 28.000 999.900 999.900  999.90  222.12    2.66    0.14  196.16    6.03    0.97    1089    1089
 28.500 999.900 999.900  999.90  223.05    2.76    0.07  196.55    5.99    0.95    1051    1051
 29.000 999.900 999.900  999.90  224.00    2.79    0.04  196.99    6.00    0.89     950     950
 29.500 999.900 999.900  999.90  225.04    2.99    0.16  197.38    5.79    0.85     761     761
 30.000 999.900 999.900  999.90  226.08    3.12    0.08  198.27    6.09    0.88     305     305
  T A B L E  III -   3.  M O I S T U R E  R E L A T E D  S T A T I S T I C A L  P A R A M E T E R S
                                     March
 Station =   911650     Barking Sands, Hawaii (Lihue)
      Z VAPOR P   SD VP SKEW VP      TV      TV SKEW TV DEWPT T  SD DPT SKW DPT NOBS TP NOBS TV   
           MEAN                    MEAN      SD            MEAN                                   
     KM      MB      MB          KELVIN  KELVIN          KELVIN  KELVIN                           
  0.000  16.000   6.000    0.00  291.00    6.00    0.00  290.00    7.00    0.00       0       0
  0.036  15.455   8.709   -0.92  297.40    2.73   -0.19  286.77   10.76   -2.16    1546    1546
  0.500  14.177   6.574   -1.24  293.25    1.82   -0.32  284.49   10.11   -2.24    1666    1666
  1.000  12.094   4.643   -1.43  289.36    1.95   -0.36  281.34    9.64   -2.25    1763    1763
  1.500   9.575   3.882   -1.06  286.14    2.25   -0.33  277.50    9.85   -1.94    1786    1786
  2.000   6.024   3.633   -0.01  284.15    2.45   -0.38  269.27   12.22   -1.05    1796    1796
  2.500   3.654   2.972    0.70  282.55    2.23   -0.33  261.27   13.16   -0.44    1793    1793
  3.000   2.516   2.290    1.05  280.33    2.18   -0.19  256.18   13.10   -0.23    1785    1785
  3.500   1.823   1.814    1.29  277.71    2.28   -0.11  252.00   12.91   -0.06    1779    1779
  4.000   1.364   1.436    1.51  274.88    2.35    0.01  248.48   12.60    0.05    1779    1779
  4.500   1.033   1.125    1.68  271.88    2.49    0.03  245.29   12.32    0.09    1778    1778
  5.000   0.794   0.892    1.78  268.73    2.61   -0.00  242.31   12.11    0.13    1778    1778
  5.500   0.607   0.707    1.89  265.46    2.72    0.05  239.37   11.83    0.19    1778    1778
  6.000   0.466   0.551    1.95  262.09    2.83    0.09  236.67   11.57    0.19    1774    1774
  6.500   0.373   0.435    1.85  258.63    2.93    0.09  234.44   11.42    0.15    1773    1773
  7.000   0.293   0.333    1.75  255.12    3.04    0.10  232.14   11.19    0.09    1774    1774
  7.500   0.228   0.256    1.65  251.60    3.19    0.14  229.77   11.08    0.02    1772    1772
  8.000   0.168   0.183    1.58  248.03    3.35    0.13  227.19   10.58   -0.02    1764    1764
  8.500   0.123   0.130    1.50  244.39    3.51    0.13  224.65   10.11   -0.07    1760    1760
  9.000   0.088   0.090    1.44  240.80    3.68    0.12  221.95    9.67   -0.13    1749    1749
  9.500   0.061   0.062    1.49  237.26    3.86    0.09  219.32    9.13   -0.22    1709    1709
 10.000   0.040   0.040    1.50  233.83    3.96    0.06  216.60    8.35   -0.27    1626    1626
 10.500   0.026   0.026    1.50  230.48    4.02   -0.02  213.82    7.74   -0.37    1552    1552
 11.000   0.016   0.017    1.47  227.23    4.01   -0.14  210.94    7.24   -0.54    1424    1424
 11.500 999.900 999.900  999.90  224.05    3.90   -0.26  207.97    6.75   -0.60    1324    1324
 12.000 999.900 999.900  999.90  220.97    3.73   -0.43  204.88    6.41   -0.52    1221    1221
 12.500 999.900 999.900  999.90  218.06    3.50   -0.63  201.32    6.21   -0.47     827     827
 13.000 999.900 999.900  999.90  215.24    3.19   -0.74  198.29    5.88   -0.22     541     541
 13.500 999.900 999.900  999.90  212.54    2.89   -0.59  195.52    6.52    0.16     205     205
 14.000 999.900 999.900  999.90  209.93    2.65   -0.24  193.02    7.05    0.27      79      79
 14.500 999.900 999.900  999.90  207.44    2.59    0.16  999.90  999.90  999.90       0       0
 15.000 999.900 999.900  999.90  205.06    2.65    0.26  999.90  999.90  999.90       0       0
 15.500 999.900 999.900  999.90  202.85    2.87    0.18  999.90  999.90  999.90       0       0
 16.000 999.900 999.900  999.90  200.87    3.10    0.10  999.90  999.90  999.90       0       0
 16.500 999.900 999.900  999.90  199.27    3.30    0.15  999.90  999.90  999.90       0       0
 17.000 999.900 999.900  999.90  198.40    3.37    0.19  999.90  999.90  999.90       0       0
 17.500 999.900 999.900  999.90  198.06    3.40    0.18  999.90  999.90  999.90       0       0
 18.000 999.900 999.900  999.90  198.41    3.45    0.14  999.90  999.90  999.90       0       0
 18.500 999.900 999.900  999.90  199.50    3.33    0.05  999.90  999.90  999.90       0       0
 19.000 999.900 999.900  999.90  201.21    3.12   -0.04  999.90  999.90  999.90       0       0
 19.500 999.900 999.900  999.90  203.10    2.99   -0.06  999.90  999.90  999.90       0       0
 20.000 999.900 999.900  999.90  204.97    2.81   -0.11  999.90  999.90  999.90       0       0
 20.500 999.900 999.900  999.90  206.72    2.66   -0.09  999.90  999.90  999.90       0       0
 21.000 999.900 999.900  999.90  208.26    2.55   -0.05  999.90  999.90  999.90       0       0
 21.500 999.900 999.900  999.90  209.60    2.52   -0.10  197.19    6.04   -0.11      32      32
 22.000 999.900 999.900  999.90  210.91    2.44   -0.02  197.40    6.81    0.05      92      92
 22.500 999.900 999.900  999.90  212.15    2.41    0.05  196.18    6.67    0.17     207     207
 23.000 999.900 999.900  999.90  213.35    2.39    0.10  195.57    6.36    0.33     404     404
 23.500 999.900 999.900  999.90  214.51    2.40    0.12  195.27    6.59    0.45     594     594
 24.000 999.900 999.900  999.90  215.63    2.44    0.13  194.83    6.66    0.55     943     943
 24.500 999.900 999.900  999.90  216.76    2.50    0.18  194.87    6.70    0.68    1067    1067
 25.000 999.900 999.900  999.90  217.90    2.58    0.16  195.15    6.63    0.72    1195    1195
 25.500 999.900 999.900  999.90  219.03    2.63    0.06  195.43    6.54    0.75    1274    1274
 26.000 999.900 999.900  999.90  220.18    2.65    0.15  195.85    6.56    0.81    1309    1309
 26.500 999.900 999.900  999.90  221.27    2.62    0.14  196.37    6.59    0.81    1305    1305
 27.000 999.900 999.900  999.90  222.35    2.68    0.14  196.91    6.56    0.83    1293    1293
 27.500 999.900 999.900  999.90  223.44    2.74    0.15  197.43    6.49    0.81    1273    1273
 28.000 999.900 999.900  999.90  224.55    2.81    0.20  198.02    6.44    0.81    1238    1238
 28.500 999.900 999.900  999.90  225.61    2.82    0.13  198.57    6.47    0.82    1202    1202
 29.000 999.900 999.900  999.90  226.67    2.80    0.07  199.10    6.49    0.83    1102    1102
 29.500 999.900 999.900  999.90  227.78    2.81    0.06  199.47    6.38    0.80     873     873
 30.000 999.900 999.900  999.90  228.80    2.71   -0.07  200.34    6.08    1.01     356     356
  T A B L E  III -   4.  M O I S T U R E  R E L A T E D  S T A T I S T I C A L  P A R A M E T E R S
                                     April
 Station =   911650     Barking Sands, Hawaii (Lihue)
      Z VAPOR P   SD VP SKEW VP      TV      TV SKEW TV DEWPT T  SD DPT SKW DPT NOBS TP NOBS TV   
           MEAN                    MEAN      SD            MEAN                                   
     KM      MB      MB          KELVIN  KELVIN          KELVIN  KELVIN                           
  0.000  16.000   6.000    0.00  291.00    6.00    0.00  290.00    7.00    0.00       0       0
  0.036  16.561   9.134   -1.03  298.54    2.45   -0.36  287.93   10.64   -2.25    1497    1497
  0.500  15.111   6.844   -1.40  293.93    1.48   -0.28  285.62    9.96   -2.36    1607    1607
  1.000  12.871   4.628   -1.71  289.91    1.53   -0.19  282.35    9.46   -2.42    1711    1711
  1.500  10.312   3.794   -1.38  286.70    1.73   -0.23  278.69    9.68   -2.25    1735    1735
  2.000   6.813   3.646   -0.32  284.59    2.04   -0.08  271.44   11.69   -1.31    1740    1740
  2.500   3.947   2.940    0.59  283.10    2.11   -0.17  262.86   12.57   -0.62    1737    1737
  3.000   2.448   2.155    1.18  281.12    2.07   -0.23  256.44   12.17   -0.25    1734    1734
  3.500   1.724   1.637    1.51  278.70    2.05   -0.20  252.04   11.96   -0.15    1731    1731
  4.000   1.305   1.291    1.68  275.90    2.10   -0.12  248.77   11.64   -0.07    1731    1731
  4.500   0.979   0.963    1.75  272.91    2.14   -0.16  245.69   11.16   -0.05    1731    1731
  5.000   0.752   0.762    1.87  269.76    2.20   -0.20  242.74   10.96    0.01    1728    1728
  5.500   0.582   0.602    1.93  266.49    2.23   -0.22  240.02   10.71    0.06    1726    1726
  6.000   0.447   0.469    1.98  263.08    2.23   -0.23  237.29   10.44    0.09    1724    1724
  6.500   0.346   0.365    2.00  259.53    2.26   -0.21  234.73   10.23    0.08    1721    1721
  7.000   0.265   0.278    1.93  255.88    2.30   -0.17  232.12   10.03    0.05    1721    1721
  7.500   0.203   0.212    1.91  252.19    2.37   -0.16  229.51   10.01   -0.01    1721    1721
  8.000   0.152   0.162    2.00  248.42    2.44   -0.07  226.94    9.65    0.01    1716    1716
  8.500   0.113   0.118    1.96  244.61    2.54    0.01  224.33    9.41   -0.06    1708    1708
  9.000   0.081   0.082    1.79  240.77    2.66    0.11  221.60    9.10   -0.11    1702    1702
  9.500   0.058   0.057    1.67  236.93    2.79    0.19  218.90    8.80   -0.19    1687    1687
 10.000   0.038   0.038    1.64  233.15    2.91    0.25  216.64    7.98   -0.28    1535    1535
 10.500   0.025   0.026    1.54  229.43    3.02    0.26  214.41    7.20   -0.42    1422    1422
 11.000   0.016   0.017    1.50  225.88    3.16    0.21  211.64    6.76   -0.50    1284    1284
 11.500 999.900 999.900  999.90  222.47    3.26    0.13  208.72    6.32   -0.49    1201    1201
 12.000 999.900 999.900  999.90  219.29    3.29    0.02  205.81    6.01   -0.64    1062    1062
 12.500 999.900 999.900  999.90  216.36    3.25   -0.08  202.80    5.72   -0.60     657     657
 13.000 999.900 999.900  999.90  213.67    3.13   -0.20  199.72    5.97   -0.34     375     375
 13.500 999.900 999.900  999.90  211.18    2.98   -0.28  197.02    6.55    0.09     124     124
 14.000 999.900 999.900  999.90  208.89    2.76   -0.22  195.14    7.24    0.62      41      41
 14.500 999.900 999.900  999.90  206.82    2.56   -0.15  999.90  999.90  999.90       0       0
 15.000 999.900 999.900  999.90  204.91    2.53   -0.10  999.90  999.90  999.90       0       0
 15.500 999.900 999.900  999.90  203.16    2.64   -0.12  999.90  999.90  999.90       0       0
 16.000 999.900 999.900  999.90  201.60    2.78   -0.00  999.90  999.90  999.90       0       0
 16.500 999.900 999.900  999.90  200.47    2.91    0.27  999.90  999.90  999.90       0       0
 17.000 999.900 999.900  999.90  199.91    3.16    0.34  999.90  999.90  999.90       0       0
 17.500 999.900 999.900  999.90  199.84    3.30    0.32  999.90  999.90  999.90       0       0
 18.000 999.900 999.900  999.90  200.39    3.43    0.15  999.90  999.90  999.90       0       0
 18.500 999.900 999.900  999.90  201.58    3.34   -0.05  999.90  999.90  999.90       0       0
 19.000 999.900 999.900  999.90  203.27    3.20   -0.16  999.90  999.90  999.90       0       0
 19.500 999.900 999.900  999.90  205.20    3.01   -0.23  999.90  999.90  999.90       0       0
 20.000 999.900 999.900  999.90  206.95    2.74   -0.24  999.90  999.90  999.90       0       0
 20.500 999.900 999.900  999.90  208.36    2.48   -0.18  999.90  999.90  999.90       0       0
 21.000 999.900 999.900  999.90  209.69    2.38    0.04  195.07    6.60    0.16      21      21
 21.500 999.900 999.900  999.90  211.05    2.37    0.17  194.86    6.56    0.42      94      94
 22.000 999.900 999.900  999.90  212.37    2.36    0.24  195.26    5.87    0.58     222     222
 22.500 999.900 999.900  999.90  213.62    2.35    0.26  194.94    6.04    0.60     428     428
 23.000 999.900 999.900  999.90  214.84    2.30    0.21  195.04    6.00    0.57     679     679
 23.500 999.900 999.900  999.90  216.04    2.27    0.07  195.00    6.24    0.52     895     895
 24.000 999.900 999.900  999.90  217.26    2.21    0.01  195.31    6.59    0.50    1203    1203
 24.500 999.900 999.900  999.90  218.46    2.25    0.01  195.80    6.75    0.52    1282    1282
 25.000 999.900 999.900  999.90  219.62    2.26   -0.17  196.34    6.80    0.56    1307    1307
 25.500 999.900 999.900  999.90  220.78    2.25   -0.21  196.87    6.91    0.58    1314    1314
 26.000 999.900 999.900  999.90  221.93    2.21   -0.21  197.39    6.94    0.61    1318    1318
 26.500 999.900 999.900  999.90  223.09    2.23   -0.17  197.90    6.98    0.65    1321    1321
 27.000 999.900 999.900  999.90  224.17    2.23   -0.27  198.42    7.03    0.66    1305    1305
 27.500 999.900 999.900  999.90  225.25    2.31   -0.32  198.88    6.97    0.66    1275    1275
 28.000 999.900 999.900  999.90  226.33    2.35   -0.38  199.32    6.97    0.66    1228    1228
 28.500 999.900 999.900  999.90  227.35    2.41   -0.45  199.72    6.98    0.58    1166    1166
 29.000 999.900 999.900  999.90  228.44    2.40   -0.51  200.25    7.05    0.57    1054    1054
 29.500 999.900 999.900  999.90  229.55    2.51   -0.35  200.54    7.29    0.53     836     836
 30.000 999.900 999.900  999.90  230.67    2.60    0.08  201.04    7.57    0.46     335     335
  T A B L E  III -   5.  M O I S T U R E  R E L A T E D  S T A T I S T I C A L  P A R A M E T E R S
                                       May
 Station =   911650     Barking Sands, Hawaii (Lihue)
      Z VAPOR P   SD VP SKEW VP      TV      TV SKEW TV DEWPT T  SD DPT SKW DPT NOBS TP NOBS TV   
           MEAN                    MEAN      SD            MEAN                                   
     KM      MB      MB          KELVIN  KELVIN          KELVIN  KELVIN                           
  0.000  16.000   6.000    0.00  291.00    6.00    0.00  290.00    7.00    0.00       0       0
  0.036  17.145   9.546   -1.03  299.55    2.49   -0.20  288.59   10.71   -2.29    1532    1532
  0.500  15.867   7.161   -1.42  294.83    1.50   -0.42  286.31   10.13   -2.37    1658    1658
  1.000  13.396   4.938   -1.68  290.85    1.53   -0.38  283.00    9.58   -2.42    1754    1754
  1.500  10.883   4.012   -1.38  287.71    1.74   -0.19  279.52    9.61   -2.19    1786    1786
  2.000   7.191   3.845   -0.28  285.73    2.14    0.01  272.25   11.61   -1.32    1792    1792
  2.500   4.319   3.145    0.53  284.27    2.08   -0.19  264.11   12.61   -0.67    1790    1790
  3.000   2.919   2.380    0.92  282.31    1.95   -0.26  258.80   12.37   -0.42    1787    1787
  3.500   2.121   1.777    1.05  279.82    1.90   -0.15  254.93   11.90   -0.35    1786    1786
  4.000   1.623   1.399    1.19  277.06    1.93   -0.23  251.79   11.50   -0.28    1784    1784
  4.500   1.245   1.100    1.29  274.18    1.98   -0.27  248.66   11.31   -0.25    1784    1784
  5.000   0.960   0.848    1.29  271.13    2.05   -0.33  245.80   11.10   -0.29    1779    1779
  5.500   0.771   0.690    1.40  267.92    2.11   -0.32  243.43   10.92   -0.31    1777    1777
  6.000   0.581   0.531    1.46  264.61    2.17   -0.34  240.38   10.65   -0.25    1775    1775
  6.500   0.442   0.410    1.49  261.20    2.24   -0.39  237.56   10.41   -0.21    1771    1771
  7.000   0.328   0.308    1.60  257.67    2.28   -0.41  234.63   10.04   -0.18    1770    1770
  7.500   0.244   0.235    1.67  254.04    2.31   -0.42  231.62    9.95   -0.18    1766    1766
  8.000   0.175   0.172    1.84  250.28    2.33   -0.39  228.62    9.49   -0.14    1762    1762
  8.500   0.124   0.120    1.89  246.44    2.35   -0.37  225.66    9.08   -0.20    1757    1757
  9.000   0.088   0.084    1.84  242.55    2.35   -0.35  222.79    8.69   -0.23    1752    1752
  9.500   0.061   0.058    1.80  238.63    2.34   -0.34  219.89    8.30   -0.28    1735    1735
 10.000   0.041   0.039    1.65  234.71    2.33   -0.29  217.36    7.64   -0.31    1635    1635
 10.500   0.027   0.026    1.57  230.79    2.29   -0.24  215.35    6.50   -0.33    1476    1476
 11.000   0.016   0.018    1.54  226.93    2.28   -0.25  212.85    5.87   -0.34    1287    1287
 11.500   0.010   0.011    1.47  223.14    2.24   -0.23  209.91    5.32   -0.35    1220    1220
 12.000 999.900 999.900  999.90  219.48    2.19   -0.11  207.07    5.00   -0.50    1082    1082
 12.500 999.900 999.900  999.90  215.99    2.20   -0.01  203.74    4.93   -0.58     507     507
 13.000 999.900 999.900  999.90  212.81    2.29    0.14  200.18    5.01   -0.51     190     190
 13.500 999.900 999.900  999.90  210.03    2.36    0.28  197.07    5.22    0.05      52      52
 14.000 999.900 999.900  999.90  207.67    2.51    0.23  999.90  999.90  999.90       0       0
 14.500 999.900 999.900  999.90  205.76    2.59    0.13  999.90  999.90  999.90       0       0
 15.000 999.900 999.900  999.90  204.20    2.68    0.06  999.90  999.90  999.90       0       0
 15.500 999.900 999.900  999.90  202.92    2.75    0.05  999.90  999.90  999.90       0       0
 16.000 999.900 999.900  999.90  201.90    2.85    0.13  999.90  999.90  999.90       0       0
 16.500 999.900 999.900  999.90  201.26    2.97    0.16  999.90  999.90  999.90       0       0
 17.000 999.900 999.900  999.90  201.16    3.16    0.10  999.90  999.90  999.90       0       0
 17.500 999.900 999.900  999.90  201.51    3.29   -0.01  999.90  999.90  999.90       0       0
 18.000 999.900 999.900  999.90  202.33    3.07   -0.24  999.90  999.90  999.90       0       0
 18.500 999.900 999.900  999.90  203.55    2.88   -0.33  999.90  999.90  999.90       0       0
 19.000 999.900 999.900  999.90  204.94    2.63   -0.21  999.90  999.90  999.90       0       0
 19.500 999.900 999.900  999.90  206.31    2.38   -0.06  999.90  999.90  999.90       0       0
 20.000 999.900 999.900  999.90  207.71    2.20    0.12  999.90  999.90  999.90       0       0
 20.500 999.900 999.900  999.90  209.16    2.06    0.16  999.90  999.90  999.90       0       0
 21.000 999.900 999.900  999.90  210.57    1.97    0.24  194.18    6.85    0.50      32      32
 21.500 999.900 999.900  999.90  211.92    1.90    0.23  194.64    6.19    0.46     101     101
 22.000 999.900 999.900  999.90  213.32    1.90    0.34  194.54    6.01    0.55     313     313
 22.500 999.900 999.900  999.90  214.61    1.90    0.15  194.21    5.91    0.56     660     660
 23.000 999.900 999.900  999.90  215.86    1.87    0.21  194.74    6.12    0.57     949     949
 23.500 999.900 999.900  999.90  217.17    1.87    0.20  195.26    6.36    0.57    1152    1152
 24.000 999.900 999.900  999.90  218.39    1.91    0.12  195.65    6.52    0.55    1368    1368
 24.500 999.900 999.900  999.90  219.57    1.89    0.17  196.16    6.59    0.62    1398    1398
 25.000 999.900 999.900  999.90  220.74    1.93    0.28  196.65    6.64    0.67    1408    1408
 25.500 999.900 999.900  999.90  221.88    1.90    0.23  197.19    6.69    0.70    1411    1411
 26.000 999.900 999.900  999.90  222.97    1.89    0.22  197.68    6.70    0.72    1402    1402
 26.500 999.900 999.900  999.90  224.06    1.88    0.12  198.16    6.70    0.72    1392    1392
 27.000 999.900 999.900  999.90  225.08    1.87    0.11  198.66    6.68    0.70    1371    1371
 27.500 999.900 999.900  999.90  226.09    1.89    0.22  199.11    6.62    0.68    1329    1329
 28.000 999.900 999.900  999.90  227.06    1.91    0.27  199.60    6.62    0.66    1283    1283
 28.500 999.900 999.900  999.90  227.95    1.96    0.30  200.00    6.60    0.64    1209    1209
 29.000 999.900 999.900  999.90  228.80    1.98    0.21  200.35    6.56    0.54    1065    1065
 29.500 999.900 999.900  999.90  229.70    2.02    0.33  200.47    6.79    0.52     841     841
 30.000 999.900 999.900  999.90  230.46    2.25    0.17  200.77    6.92    0.44     359     359
  T A B L E  III -   6.  M O I S T U R E  R E L A T E D  S T A T I S T I C A L  P A R A M E T E R S
                                      June
 Station =   911650     Barking Sands, Hawaii (Lihue)
      Z VAPOR P   SD VP SKEW VP      TV      TV SKEW TV DEWPT T  SD DPT SKW DPT NOBS TP NOBS TV   
           MEAN                    MEAN      SD            MEAN                                   
     KM      MB      MB          KELVIN  KELVIN          KELVIN  KELVIN                           
  0.000  16.000   6.000    0.00  291.00    6.00    0.00  290.00    7.00    0.00       0       0
  0.036  20.222   8.814   -1.76  301.14    1.87    0.30  293.49    1.23   -0.27    1316    1316
  0.500  18.856   5.622   -2.75  296.10    0.95    0.52  290.91    1.36   -0.54    1440    1440
  1.000  15.953   2.638   -3.15  292.02    0.98    0.27  287.26    1.82   -0.94    1535    1535
  1.500  12.940   2.371   -1.43  288.80    1.22    0.25  283.76    3.01   -2.04    1551    1551
  2.000   8.720   3.344   -0.41  286.74    1.75    0.31  276.89    7.01   -1.33    1554    1554
  2.500   4.904   2.931    0.52  285.27    1.96   -0.12  267.65    9.27   -0.54    1553    1553
  3.000   3.099   2.082    1.15  283.35    1.94   -0.28  261.52    9.02   -0.32    1553    1553
  3.500   2.225   1.517    1.31  280.85    1.95   -0.22  257.42    8.77   -0.31    1553    1553
  4.000   1.666   1.168    1.56  277.97    1.99   -0.35  253.91    8.61   -0.36    1554    1554
  4.500   1.287   0.941    1.68  274.97    2.06   -0.49  250.83    8.49   -0.23    1552    1552
  5.000   1.013   0.764    1.70  271.85    2.18   -0.63  247.99    8.51   -0.21    1552    1552
  5.500   0.808   0.635    1.68  268.58    2.26   -0.59  245.31    8.58   -0.12    1552    1552
  6.000   0.625   0.494    1.58  265.24    2.31   -0.59  242.41    8.69   -0.22    1551    1551
  6.500   0.478   0.385    1.65  261.77    2.34   -0.55  239.51    8.63   -0.23    1552    1552
  7.000   0.363   0.291    1.67  258.19    2.37   -0.52  236.80    8.29   -0.21    1551    1551
  7.500   0.282   0.225    1.57  254.52    2.39   -0.54  234.30    8.13   -0.22    1550    1550
  8.000   0.209   0.171    1.68  250.77    2.41   -0.54  231.44    7.84   -0.16    1543    1543
  8.500   0.150   0.123    1.71  246.95    2.43   -0.52  228.38    7.62   -0.19    1538    1538
  9.000   0.105   0.086    1.74  243.06    2.43   -0.52  225.22    7.36   -0.28    1530    1530
  9.500   0.073   0.058    1.76  239.13    2.40   -0.48  222.23    6.96   -0.36    1519    1519
 10.000   0.048   0.039    1.71  235.23    2.36   -0.44  219.18    6.43   -0.35    1479    1479
 10.500   0.032   0.025    1.61  231.34    2.29   -0.38  216.11    5.78   -0.31    1444    1444
 11.000   0.019   0.017    1.50  227.50    2.21   -0.30  213.09    5.33   -0.33    1325    1325
 11.500   0.012   0.011    1.30  223.72    2.09   -0.28  210.21    4.79   -0.26    1267    1267
 12.000 999.900 999.900  999.90  220.05    2.00   -0.25  207.27    4.29   -0.39    1173    1173
 12.500 999.900 999.900  999.90  216.59    1.98   -0.17  203.98    3.96   -0.24     589     589
 13.000 999.900 999.900  999.90  213.43    2.09    0.04  200.96    3.99   -0.39     268     268
 13.500 999.900 999.900  999.90  210.61    2.26    0.32  198.94    3.83    0.13      68      68
 14.000 999.900 999.900  999.90  208.20    2.52    0.54  198.22    3.69    0.45      43      43
 14.500 999.900 999.900  999.90  206.36    2.83    0.47  198.42    3.75    0.22      13      13
 15.000 999.900 999.900  999.90  204.96    3.14    0.35  999.90  999.90  999.90       0       0
 15.500 999.900 999.900  999.90  203.95    3.36    0.16  999.90  999.90  999.90       0       0
 16.000 999.900 999.900  999.90  203.20    3.41    0.15  999.90  999.90  999.90       0       0
 16.500 999.900 999.900  999.90  202.77    3.31   -0.03  999.90  999.90  999.90       0       0
 17.000 999.900 999.900  999.90  202.74    3.11   -0.22  999.90  999.90  999.90       0       0
 17.500 999.900 999.900  999.90  202.95    2.89   -0.38  999.90  999.90  999.90       0       0
 18.000 999.900 999.900  999.90  203.42    2.55   -0.33  999.90  999.90  999.90       0       0
 18.500 999.900 999.900  999.90  204.23    2.31   -0.34  999.90  999.90  999.90       0       0
 19.000 999.900 999.900  999.90  205.38    2.06   -0.29  999.90  999.90  999.90       0       0
 19.500 999.900 999.900  999.90  206.67    1.88   -0.13  999.90  999.90  999.90       0       0
 20.000 999.900 999.900  999.90  208.06    1.77   -0.08  999.90  999.90  999.90       0       0
 20.500 999.900 999.900  999.90  209.46    1.66    0.04  999.90  999.90  999.90       0       0
 21.000 999.900 999.900  999.90  210.84    1.57   -0.15  197.25    6.39   -0.22      32      32
 21.500 999.900 999.900  999.90  212.21    1.58    0.02  194.88    6.17    0.30     146     146
 22.000 999.900 999.900  999.90  213.52    1.61    0.09  195.54    6.12    0.36     362     362
 22.500 999.900 999.900  999.90  214.76    1.62    0.15  195.07    6.32    0.50     694     694
 23.000 999.900 999.900  999.90  216.04    1.66    0.21  195.12    6.46    0.55     972     972
 23.500 999.900 999.900  999.90  217.26    1.65    0.25  195.49    6.54    0.59    1138    1138
 24.000 999.900 999.900  999.90  218.45    1.69    0.25  195.83    6.51    0.65    1286    1286
 24.500 999.900 999.900  999.90  219.58    1.69    0.26  196.37    6.61    0.67    1367    1367
 25.000 999.900 999.900  999.90  220.64    1.72    0.23  196.82    6.65    0.69    1358    1358
 25.500 999.900 999.900  999.90  221.67    1.74    0.10  197.27    6.69    0.69    1345    1345
 26.000 999.900 999.900  999.90  222.66    1.76    0.14  197.68    6.68    0.68    1335    1335
 26.500 999.900 999.900  999.90  223.69    1.77    0.14  198.11    6.69    0.69    1322    1322
 27.000 999.900 999.900  999.90  224.62    1.80    0.07  198.55    6.68    0.69    1290    1290
 27.500 999.900 999.900  999.90  225.50    1.84    0.21  198.97    6.66    0.71    1275    1275
 28.000 999.900 999.900  999.90  226.40    1.88    0.24  199.40    6.66    0.73    1234    1234
 28.500 999.900 999.900  999.90  227.22    1.87    0.16  199.61    6.49    0.66    1156    1156
 29.000 999.900 999.900  999.90  228.03    1.87    0.17  199.85    6.56    0.62    1026    1026
 29.500 999.900 999.900  999.90  228.87    2.01    0.13  200.03    6.68    0.50     808     808
 30.000 999.900 999.900  999.90  229.56    2.28    0.23  200.39    6.67    0.28     277     277
  T A B L E  III -   7.  M O I S T U R E  R E L A T E D  S T A T I S T I C A L  P A R A M E T E R S
                                      July
 Station =   911650     Barking Sands, Hawaii (Lihue)
      Z VAPOR P   SD VP SKEW VP      TV      TV SKEW TV DEWPT T  SD DPT SKW DPT NOBS TP NOBS TV   
           MEAN                    MEAN      SD            MEAN                                   
     KM      MB      MB          KELVIN  KELVIN          KELVIN  KELVIN                           
  0.000  16.000   6.000    0.00  291.00    6.00    0.00  290.00    7.00    0.00       0       0
  0.036  18.570  10.453   -1.04  301.48    2.03    0.03  289.84   10.95   -2.22    1482    1482
  0.500  17.444   7.920   -1.47  296.49    1.34    0.03  287.86   10.18   -2.35    1603    1603
  1.000  14.838   5.387   -1.77  292.46    1.26    0.27  284.47    9.75   -2.40    1708    1708
  1.500  11.860   4.471   -1.35  289.26    1.47    0.45  280.81    9.74   -2.16    1728    1728
  2.000   7.986   3.952   -0.33  287.23    1.98    0.24  274.13   10.96   -1.52    1742    1742
  2.500   4.766   3.137    0.55  285.60    1.87   -0.08  266.17   11.63   -0.88    1740    1740
  3.000   3.150   2.391    0.94  283.50    1.77   -0.03  260.24   11.80   -0.55    1740    1740
  3.500   2.216   1.802    1.24  280.94    1.83   -0.02  255.82   11.40   -0.39    1738    1738
  4.000   1.599   1.386    1.39  278.22    1.86   -0.20  251.77   11.12   -0.21    1738    1738
  4.500   1.238   1.117    1.53  275.38    1.85   -0.16  248.66   11.02   -0.14    1738    1738
  5.000   0.966   0.854    1.58  272.33    1.87   -0.21  246.06   10.64   -0.21    1737    1737
  5.500   0.761   0.677    1.71  269.12    1.85   -0.19  243.54   10.30   -0.21    1737    1737
  6.000   0.614   0.550    1.63  265.80    1.85   -0.25  241.24   10.11   -0.19    1736    1736
  6.500   0.481   0.431    1.62  262.35    1.87   -0.27  238.76    9.85   -0.19    1733    1733
  7.000   0.376   0.340    1.60  258.81    1.88   -0.29  236.22    9.70   -0.19    1732    1732
  7.500   0.296   0.265    1.54  255.18    1.92   -0.28  233.92    9.45   -0.23    1733    1733
  8.000   0.228   0.200    1.49  251.45    1.98   -0.27  231.49    9.16   -0.28    1730    1730
  8.500   0.166   0.145    1.48  247.68    2.00   -0.29  228.57    8.86   -0.29    1727    1727
  9.000   0.117   0.100    1.39  243.87    1.99   -0.22  225.53    8.51   -0.34    1723    1723
  9.500   0.082   0.068    1.29  239.99    1.97   -0.16  222.53    8.23   -0.44    1712    1712
 10.000   0.055   0.045    1.19  236.10    1.96   -0.15  219.45    7.83   -0.51    1670    1670
 10.500   0.036   0.029    1.09  232.19    1.93   -0.12  217.30    6.41   -0.57    1534    1534
 11.000   0.022   0.019    0.97  228.33    1.92   -0.13  214.74    5.36   -0.58    1366    1366
 11.500   0.014   0.012    0.96  224.49    1.89   -0.12  211.60    4.73   -0.49    1305    1305
 12.000 999.900 999.900  999.90  220.75    1.84   -0.08  208.61    4.07   -0.40    1237    1237
 12.500 999.900 999.900  999.90  217.19    1.82   -0.00  205.04    3.84   -0.38     591     591
 13.000 999.900 999.900  999.90  213.96    1.84    0.08  201.93    3.94   -0.60     282     282
 13.500 999.900 999.900  999.90  211.05    2.02    0.28  199.72    4.17   -1.04      66      66
 14.000 999.900 999.900  999.90  208.66    2.23    0.46  197.75    5.72   -0.89      20      20
 14.500 999.900 999.900  999.90  206.73    2.49    0.28  999.90  999.90  999.90       0       0
 15.000 999.900 999.900  999.90  205.24    2.74    0.14  999.90  999.90  999.90       0       0
 15.500 999.900 999.900  999.90  204.07    2.85    0.06  999.90  999.90  999.90       0       0
 16.000 999.900 999.900  999.90  203.38    2.85    0.02  999.90  999.90  999.90       0       0
 16.500 999.900 999.900  999.90  203.14    2.62   -0.05  999.90  999.90  999.90       0       0
 17.000 999.900 999.900  999.90  203.28    2.36   -0.13  999.90  999.90  999.90       0       0
 17.500 999.900 999.900  999.90  203.65    2.12   -0.21  999.90  999.90  999.90       0       0
 18.000 999.900 999.900  999.90  204.37    1.96   -0.13  999.90  999.90  999.90       0       0
 18.500 999.900 999.900  999.90  205.28    1.86   -0.03  999.90  999.90  999.90       0       0
 19.000 999.900 999.900  999.90  206.43    1.79    0.08  999.90  999.90  999.90       0       0
 19.500 999.900 999.900  999.90  207.67    1.80    0.12  999.90  999.90  999.90       0       0
 20.000 999.900 999.900  999.90  208.92    1.76    0.27  999.90  999.90  999.90       0       0
 20.500 999.900 999.900  999.90  210.21    1.72    0.34  198.30    6.66   -0.29      12      12
 21.000 999.900 999.900  999.90  211.48    1.73    0.41  198.58    6.34   -0.35      73      73
 21.500 999.900 999.900  999.90  212.70    1.73    0.44  196.48    6.50    0.06     166     166
 22.000 999.900 999.900  999.90  213.91    1.77    0.38  195.35    6.30    0.37     408     408
 22.500 999.900 999.900  999.90  215.03    1.78    0.38  195.64    6.40    0.36     708     708
 23.000 999.900 999.900  999.90  216.14    1.79    0.48  195.82    6.43    0.45     941     941
 23.500 999.900 999.900  999.90  217.19    1.74    0.49  195.87    6.54    0.50    1139    1139
 24.000 999.900 999.900  999.90  218.22    1.74    0.28  196.13    6.63    0.56    1227    1227
 24.500 999.900 999.900  999.90  219.19    1.74    0.31  196.50    6.57    0.60    1368    1368
 25.000 999.900 999.900  999.90  220.12    1.76    0.35  196.86    6.53    0.62    1364    1364
 25.500 999.900 999.900  999.90  221.03    1.77    0.25  197.27    6.51    0.64    1354    1354
 26.000 999.900 999.900  999.90  221.98    1.79    0.06  197.73    6.54    0.67    1347    1347
 26.500 999.900 999.900  999.90  222.92    1.83    0.01  198.17    6.54    0.66    1338    1338
 27.000 999.900 999.900  999.90  223.81    1.83   -0.00  198.46    6.41    0.69    1297    1297
 27.500 999.900 999.900  999.90  224.70    1.94   -0.02  198.89    6.42    0.67    1275    1275
 28.000 999.900 999.900  999.90  225.56    1.99    0.00  199.27    6.34    0.63    1230    1230
 28.500 999.900 999.900  999.90  226.33    1.96   -0.16  199.52    6.28    0.63    1154    1154
 29.000 999.900 999.900  999.90  227.07    2.04   -0.18  199.79    6.26    0.61    1026    1026
 29.500 999.900 999.900  999.90  227.89    1.97    0.06  200.01    6.46    0.55     768     768
 30.000 999.900 999.900  999.90  228.71    2.17   -0.00  199.93    6.36    0.38     298     298
  T A B L E  III -   8.  M O I S T U R E  R E L A T E D  S T A T I S T I C A L  P A R A M E T E R S
                                    August
 Station =   911650     Barking Sands, Hawaii (Lihue)
      Z VAPOR P   SD VP SKEW VP      TV      TV SKEW TV DEWPT T  SD DPT SKW DPT NOBS TP NOBS TV   
           MEAN                    MEAN      SD            MEAN                                   
     KM      MB      MB          KELVIN  KELVIN          KELVIN  KELVIN                           
  0.000  16.000   6.000    0.00  291.00    6.00    0.00  290.00    7.00    0.00       0       0
  0.036  20.839   9.832   -1.54  302.15    1.89    0.22  294.38    1.38    0.04    1352    1352
  0.500  19.642   6.499   -2.43  297.20    1.03    0.81  291.84    1.46   -0.62    1491    1491
  1.000  16.755   3.145   -2.99  293.12    1.14    0.74  288.10    1.94   -0.82    1608    1608
  1.500  13.621   2.562   -1.34  289.87    1.38    0.55  284.59    2.88   -1.54    1631    1631
  2.000   9.371   3.319   -0.34  287.72    1.83    0.24  278.14    6.33   -1.32    1640    1640
  2.500   5.646   3.147    0.42  286.07    1.87   -0.23  269.73    9.09   -0.76    1640    1640
  3.000   3.698   2.515    0.92  283.94    1.73   -0.39  263.47    9.77   -0.41    1639    1639
  3.500   2.628   2.008    1.27  281.35    1.68   -0.14  258.77   10.02   -0.28    1637    1637
  4.000   1.951   1.561    1.45  278.60    1.63   -0.13  255.00    9.94   -0.23    1637    1637
  4.500   1.480   1.224    1.59  275.71    1.62   -0.04  251.64    9.84   -0.21    1636    1636
  5.000   1.141   0.959    1.65  272.72    1.66   -0.11  248.58    9.75   -0.22    1637    1637
  5.500   0.889   0.754    1.71  269.65    1.68   -0.22  245.85    9.53   -0.23    1633    1633
  6.000   0.698   0.603    1.71  266.47    1.71   -0.26  243.25    9.28   -0.18    1629    1629
  6.500   0.547   0.461    1.60  263.12    1.73   -0.29  240.74    9.02   -0.21    1629    1629
  7.000   0.424   0.370    1.73  259.69    1.73   -0.34  238.03    8.88   -0.14    1629    1629
  7.500   0.321   0.279    1.71  256.13    1.76   -0.35  235.26    8.69   -0.19    1628    1628
  8.000   0.245   0.211    1.68  252.45    1.81   -0.33  232.70    8.33   -0.15    1627    1627
  8.500   0.183   0.159    1.69  248.69    1.84   -0.27  229.93    8.10   -0.13    1624    1624
  9.000   0.133   0.114    1.61  244.87    1.86   -0.25  227.15    7.77   -0.17    1616    1616
  9.500   0.093   0.077    1.55  241.00    1.88   -0.20  224.26    7.30   -0.29    1602    1602
 10.000   0.063   0.050    1.52  237.08    1.92   -0.16  221.27    6.74   -0.38    1581    1581
 10.500   0.043   0.033    1.45  233.14    1.92   -0.14  218.31    6.17   -0.48    1551    1551
 11.000   0.027   0.022    1.33  229.22    1.91   -0.10  215.29    5.78   -0.55    1469    1469
 11.500   0.017   0.013    1.10  225.32    1.87   -0.11  212.20    5.06   -0.49    1426    1426
 12.000   0.011   0.008    0.89  221.50    1.80   -0.12  209.14    4.36   -0.51    1368    1368
 12.500 999.900 999.900  999.90  217.83    1.75   -0.12  205.79    3.91   -0.40     739     739
 13.000 999.900 999.900  999.90  214.40    1.70   -0.12  202.67    3.98   -0.69     343     343
 13.500 999.900 999.900  999.90  211.24    1.75   -0.03  199.93    3.43   -0.34      45      45
 14.000 999.900 999.900  999.90  208.46    1.92    0.12  199.70    3.43    0.08      11      11
 14.500 999.900 999.900  999.90  206.10    2.21    0.28  999.90  999.90  999.90       0       0
 15.000 999.900 999.900  999.90  204.27    2.52    0.29  999.90  999.90  999.90       0       0
 15.500 999.900 999.900  999.90  202.96    2.76    0.24  999.90  999.90  999.90       0       0
 16.000 999.900 999.900  999.90  202.22    2.78    0.14  999.90  999.90  999.90       0       0
 16.500 999.900 999.900  999.90  201.97    2.60    0.10  999.90  999.90  999.90       0       0
 17.000 999.900 999.900  999.90  202.27    2.33    0.10  999.90  999.90  999.90       0       0
 17.500 999.900 999.900  999.90  202.90    2.11    0.07  999.90  999.90  999.90       0       0
 18.000 999.900 999.900  999.90  203.79    1.92    0.05  999.90  999.90  999.90       0       0
 18.500 999.900 999.900  999.90  204.87    1.75   -0.04  999.90  999.90  999.90       0       0
 19.000 999.900 999.900  999.90  206.06    1.63    0.06  999.90  999.90  999.90       0       0
 19.500 999.900 999.900  999.90  207.32    1.58    0.08  999.90  999.90  999.90       0       0
 20.000 999.900 999.900  999.90  208.57    1.56    0.12  999.90  999.90  999.90       0       0
 20.500 999.900 999.900  999.90  209.78    1.51    0.06  999.90  999.90  999.90       0       0
 21.000 999.900 999.900  999.90  210.95    1.55    0.05  195.50    6.80    0.11      57      57
 21.500 999.900 999.900  999.90  212.10    1.56    0.06  194.75    6.59    0.31     137     137
 22.000 999.900 999.900  999.90  213.20    1.57    0.01  195.01    6.40    0.30     347     347
 22.500 999.900 999.900  999.90  214.29    1.62   -0.01  194.95    6.63    0.30     625     625
 23.000 999.900 999.900  999.90  215.33    1.62   -0.01  195.17    6.54    0.33     879     879
 23.500 999.900 999.900  999.90  216.34    1.59   -0.10  195.53    6.60    0.35    1092    1092
 24.000 999.900 999.900  999.90  217.29    1.63   -0.08  195.66    6.61    0.43    1241    1241
 24.500 999.900 999.900  999.90  218.26    1.64   -0.06  196.05    6.50    0.52    1430    1430
 25.000 999.900 999.900  999.90  219.18    1.71    0.08  196.40    6.53    0.56    1427    1427
 25.500 999.900 999.900  999.90  220.07    1.75   -0.00  196.76    6.58    0.58    1427    1427
 26.000 999.900 999.900  999.90  220.99    1.78    0.04  197.15    6.62    0.59    1421    1421
 26.500 999.900 999.900  999.90  221.90    1.75    0.09  197.53    6.63    0.62    1416    1416
 27.000 999.900 999.900  999.90  222.81    1.76    0.17  197.97    6.64    0.62    1381    1381
 27.500 999.900 999.900  999.90  223.69    1.83    0.19  198.32    6.57    0.61    1356    1356
 28.000 999.900 999.900  999.90  224.51    1.88    0.17  198.65    6.51    0.59    1313    1313
 28.500 999.900 999.900  999.90  225.29    1.97    0.17  198.97    6.48    0.56    1247    1247
 29.000 999.900 999.900  999.90  226.08    1.97    0.14  199.30    6.51    0.54    1115    1115
 29.500 999.900 999.900  999.90  226.84    2.06    0.16  199.24    6.55    0.53     848     848
 30.000 999.900 999.900  999.90  227.63    2.21    0.54  199.22    6.41    0.58     351     351
  T A B L E  III -   9.  M O I S T U R E  R E L A T E D  S T A T I S T I C A L  P A R A M E T E R S
                                 September
 Station =   911650     Barking Sands, Hawaii (Lihue)
      Z VAPOR P   SD VP SKEW VP      TV      TV SKEW TV DEWPT T  SD DPT SKW DPT NOBS TP NOBS TV   
           MEAN                    MEAN      SD            MEAN                                   
     KM      MB      MB          KELVIN  KELVIN          KELVIN  KELVIN                           
  0.000  16.000   6.000    0.00  291.00    6.00    0.00  290.00    7.00    0.00       0       0
  0.036  19.118  10.768   -1.13  301.97    2.02    0.03  294.16    1.50   -0.03    1180    1180
  0.500  19.376   6.792   -2.26  297.32    1.05    0.49  291.81    1.48   -0.35    1384    1384
  1.000  16.700   3.331   -2.82  293.27    1.15    0.45  288.10    1.97   -0.42    1505    1505
  1.500  13.511   2.594   -1.12  289.99    1.38    0.54  284.45    2.90   -1.26    1532    1532
  2.000   9.810   3.195   -0.51  287.51    1.72    0.33  278.94    5.95   -1.51    1540    1540
  2.500   6.199   3.316    0.16  285.68    1.84   -0.21  271.05    9.14   -0.83    1539    1539
  3.000   3.840   2.657    0.75  283.80    1.68   -0.46  263.76   10.21   -0.41    1536    1536
  3.500   2.700   2.086    1.03  281.44    1.64   -0.25  258.80   10.57   -0.28    1536    1536
  4.000   1.959   1.599    1.26  278.74    1.64   -0.08  254.75   10.43   -0.21    1535    1535
  4.500   1.492   1.245    1.36  275.92    1.66   -0.13  251.56   10.12   -0.16    1535    1535
  5.000   1.148   0.969    1.55  272.94    1.67   -0.26  248.62    9.78   -0.20    1537    1537
  5.500   0.910   0.772    1.53  269.78    1.75   -0.34  245.98    9.72   -0.22    1536    1536
  6.000   0.709   0.612    1.59  266.50    1.80   -0.53  243.21    9.69   -0.27    1531    1531
  6.500   0.553   0.474    1.53  263.13    1.82   -0.51  240.54    9.55   -0.28    1533    1533
  7.000   0.433   0.379    1.51  259.65    1.82   -0.54  237.86    9.55   -0.27    1534    1534
  7.500   0.328   0.287    1.49  256.08    1.84   -0.52  235.06    9.35   -0.28    1534    1534
  8.000   0.251   0.216    1.43  252.41    1.86   -0.41  232.54    9.09   -0.34    1531    1531
  8.500   0.187   0.159    1.38  248.64    1.90   -0.37  229.90    8.72   -0.37    1526    1526
  9.000   0.136   0.111    1.33  244.79    1.92   -0.39  227.17    8.18   -0.41    1524    1524
  9.500   0.097   0.077    1.30  240.90    1.91   -0.34  224.38    7.66   -0.48    1520    1520
 10.000   0.066   0.051    1.26  237.00    1.87   -0.24  221.45    7.07   -0.56    1496    1496
 10.500   0.044   0.033    1.19  233.07    1.85   -0.19  218.50    6.46   -0.60    1468    1468
 11.000   0.029   0.022    0.99  229.19    1.80   -0.15  215.49    5.94   -0.61    1399    1399
 11.500   0.018   0.013    0.88  225.38    1.76   -0.10  212.34    5.17   -0.60    1368    1368
 12.000   0.011   0.008    0.75  221.63    1.72    0.00  209.16    4.48   -0.52    1316    1316
 12.500 999.900 999.900  999.90  218.04    1.71    0.17  205.49    4.23   -0.41     748     748
 13.000 999.900 999.900  999.90  214.68    1.76    0.22  201.84    4.14   -0.37     439     439
 13.500 999.900 999.900  999.90  211.53    1.84    0.13  198.26    4.64   -0.46      68      68
 14.000 999.900 999.900  999.90  208.66    1.99    0.12  999.90  999.90  999.90       0       0
 14.500 999.900 999.900  999.90  206.08    2.13    0.12  999.90  999.90  999.90       0       0
 15.000 999.900 999.900  999.90  203.88    2.24    0.10  999.90  999.90  999.90       0       0
 15.500 999.900 999.900  999.90  202.07    2.31    0.10  999.90  999.90  999.90       0       0
 16.000 999.900 999.900  999.90  200.86    2.39   -0.03  999.90  999.90  999.90       0       0
 16.500 999.900 999.900  999.90  200.26    2.45   -0.17  999.90  999.90  999.90       0       0
 17.000 999.900 999.900  999.90  200.47    2.41   -0.15  999.90  999.90  999.90       0       0
 17.500 999.900 999.900  999.90  201.27    2.27   -0.14  999.90  999.90  999.90       0       0
 18.000 999.900 999.900  999.90  202.43    2.14   -0.09  999.90  999.90  999.90       0       0
 18.500 999.900 999.900  999.90  203.73    1.96    0.01  999.90  999.90  999.90       0       0
 19.000 999.900 999.900  999.90  205.10    1.83    0.06  999.90  999.90  999.90       0       0
 19.500 999.900 999.900  999.90  206.46    1.78    0.01  999.90  999.90  999.90       0       0
 20.000 999.900 999.900  999.90  207.79    1.70    0.04  999.90  999.90  999.90       0       0
 20.500 999.900 999.900  999.90  209.11    1.62   -0.00  999.90  999.90  999.90       0       0
 21.000 999.900 999.900  999.90  210.36    1.55   -0.10  199.29    5.94   -0.81      14      14
 21.500 999.900 999.900  999.90  211.59    1.58   -0.12  195.87    7.04    0.10      55      55
 22.000 999.900 999.900  999.90  212.76    1.56   -0.01  195.67    6.37    0.21     241     241
 22.500 999.900 999.900  999.90  213.87    1.53   -0.00  195.24    6.49    0.34     514     514
 23.000 999.900 999.900  999.90  214.97    1.50    0.10  195.08    6.47    0.44     779     779
 23.500 999.900 999.900  999.90  216.01    1.49    0.18  195.21    6.41    0.50    1006    1006
 24.000 999.900 999.900  999.90  217.00    1.57    0.06  195.44    6.38    0.55    1219    1219
 24.500 999.900 999.900  999.90  217.98    1.62    0.15  195.94    6.33    0.55    1346    1346
 25.000 999.900 999.900  999.90  218.93    1.72    0.16  196.33    6.38    0.54    1356    1356
 25.500 999.900 999.900  999.90  219.90    1.80    0.16  196.70    6.40    0.56    1349    1349
 26.000 999.900 999.900  999.90  220.80    1.86    0.11  197.06    6.47    0.59    1347    1347
 26.500 999.900 999.900  999.90  221.69    1.88    0.14  197.42    6.52    0.59    1331    1331
 27.000 999.900 999.900  999.90  222.61    1.92    0.18  197.77    6.52    0.60    1306    1306
 27.500 999.900 999.900  999.90  223.48    2.02    0.18  198.13    6.53    0.60    1280    1280
 28.000 999.900 999.900  999.90  224.36    2.11    0.07  198.48    6.57    0.59    1241    1241
 28.500 999.900 999.900  999.90  225.25    2.15    0.01  198.87    6.62    0.55    1171    1171
 29.000 999.900 999.900  999.90  226.11    2.13    0.13  199.08    6.58    0.48    1049    1049
 29.500 999.900 999.900  999.90  226.96    2.17    0.14  199.09    6.65    0.46     837     837
 30.000 999.900 999.900  999.90  227.57    2.25    0.12  199.58    7.05    0.47     353     353
  T A B L E  III -  10.  M O I S T U R E  R E L A T E D  S T A T I S T I C A L  P A R A M E T E R S
                                   October
 Station =   911650     Barking Sands, Hawaii (Lihue)
      Z VAPOR P   SD VP SKEW VP      TV      TV SKEW TV DEWPT T  SD DPT SKW DPT NOBS TP NOBS TV   
           MEAN                    MEAN      SD            MEAN                                   
     KM      MB      MB          KELVIN  KELVIN          KELVIN  KELVIN                           
  0.000  16.000   6.000    0.00  291.00    6.00    0.00  290.00    7.00    0.00       0       0
  0.036  17.083  11.093   -0.73  301.08    2.21   -0.34  289.48   11.10   -2.10    1402    1402
  0.500  16.940   8.357   -1.26  296.69    1.30   -0.11  287.77   10.21   -2.29    1581    1581
  1.000  14.921   5.585   -1.68  292.79    1.32    0.10  284.59    9.84   -2.37    1721    1721
  1.500  12.048   4.488   -1.40  289.56    1.52    0.17  280.99    9.90   -2.23    1751    1751
  2.000   8.556   4.150   -0.50  287.21    1.76    0.00  275.07   11.18   -1.55    1762    1762
  2.500   5.208   3.594    0.34  285.50    1.78   -0.28  266.74   12.67   -0.76    1760    1760
  3.000   3.272   2.752    0.94  283.53    1.70   -0.43  259.97   12.69   -0.34    1760    1760
  3.500   2.342   2.081    1.20  281.00    1.69   -0.23  255.89   12.10   -0.21    1756    1756
  4.000   1.774   1.616    1.41  278.15    1.73   -0.33  252.71   11.55   -0.16    1755    1755
  4.500   1.373   1.281    1.52  275.18    1.77   -0.16  249.65   11.38   -0.14    1755    1755
  5.000   1.085   1.025    1.53  272.09    1.78   -0.13  246.91   11.28   -0.14    1754    1754
  5.500   0.874   0.835    1.56  268.86    1.82   -0.12  244.48   11.15   -0.14    1752    1752
  6.000   0.694   0.684    1.59  265.57    1.85   -0.18  241.87   11.09   -0.10    1747    1747
  6.500   0.553   0.546    1.54  262.14    1.90   -0.21  239.38   11.01   -0.10    1747    1747
  7.000   0.429   0.428    1.55  258.67    1.95   -0.24  236.76   10.86   -0.12    1743    1743
  7.500   0.333   0.330    1.49  255.13    2.01   -0.16  234.17   10.72   -0.13    1746    1746
  8.000   0.253   0.251    1.45  251.47    2.10   -0.09  231.51   10.43   -0.13    1745    1745
  8.500   0.185   0.183    1.45  247.72    2.17   -0.04  228.65   10.07   -0.15    1743    1743
  9.000   0.132   0.128    1.39  243.89    2.22   -0.05  225.67    9.78   -0.21    1741    1741
  9.500   0.091   0.085    1.38  240.02    2.26   -0.06  222.58    9.29   -0.30    1736    1736
 10.000   0.062   0.056    1.30  236.15    2.27   -0.05  219.66    8.73   -0.37    1711    1711
 10.500   0.041   0.036    1.17  232.28    2.24   -0.06  217.34    7.74   -0.51    1622    1622
 11.000   0.025   0.023    1.15  228.46    2.18    0.03  214.84    6.64   -0.58    1459    1459
 11.500   0.016   0.014    1.11  224.69    2.09    0.07  211.57    6.01   -0.59    1408    1408
 12.000 999.900 999.900  999.90  221.05    1.99    0.09  208.32    5.42   -0.69    1326    1326
 12.500 999.900 999.900  999.90  217.53    1.92    0.00  204.66    4.84   -0.69     747     747
 13.000 999.900 999.900  999.90  214.21    1.92   -0.11  201.19    4.55   -0.35     381     381
 13.500 999.900 999.900  999.90  211.08    1.98   -0.17  198.85    4.71   -0.17      48      48
 14.000 999.900 999.900  999.90  208.24    2.03   -0.09  999.90  999.90  999.90       0       0
 14.500 999.900 999.900  999.90  205.67    2.10    0.04  999.90  999.90  999.90       0       0
 15.000 999.900 999.900  999.90  203.46    2.15    0.09  999.90  999.90  999.90       0       0
 15.500 999.900 999.900  999.90  201.51    2.28   -0.00  999.90  999.90  999.90       0       0
 16.000 999.900 999.900  999.90  200.09    2.53    0.09  999.90  999.90  999.90       0       0
 16.500 999.900 999.900  999.90  199.23    2.69    0.12  999.90  999.90  999.90       0       0
 17.000 999.900 999.900  999.90  199.12    2.77    0.10  999.90  999.90  999.90       0       0
 17.500 999.900 999.900  999.90  199.64    2.84    0.01  999.90  999.90  999.90       0       0
 18.000 999.900 999.900  999.90  200.72    2.77   -0.05  999.90  999.90  999.90       0       0
 18.500 999.900 999.900  999.90  202.19    2.58   -0.03  999.90  999.90  999.90       0       0
 19.000 999.900 999.900  999.90  203.86    2.40    0.05  999.90  999.90  999.90       0       0
 19.500 999.900 999.900  999.90  205.44    2.29    0.19  999.90  999.90  999.90       0       0
 20.000 999.900 999.900  999.90  206.98    2.20    0.24  999.90  999.90  999.90       0       0
 20.500 999.900 999.900  999.90  208.42    2.10    0.31  999.90  999.90  999.90       0       0
 21.000 999.900 999.900  999.90  209.79    2.03    0.36  999.90  999.90  999.90       0       0
 21.500 999.900 999.900  999.90  211.09    2.02    0.38  196.82    6.11   -0.02      50      50
 22.000 999.900 999.900  999.90  212.30    2.02    0.42  196.84    6.72    0.04     157     157
 22.500 999.900 999.900  999.90  213.47    2.02    0.42  196.07    6.60    0.24     383     383
 23.000 999.900 999.900  999.90  214.60    1.99    0.52  195.90    6.77    0.28     662     662
 23.500 999.900 999.900  999.90  215.66    1.98    0.60  195.73    6.73    0.43     932     932
 24.000 999.900 999.900  999.90  216.68    2.00    0.54  195.93    6.68    0.53    1291    1291
 24.500 999.900 999.900  999.90  217.67    2.03    0.46  196.22    6.80    0.59    1357    1357
 25.000 999.900 999.900  999.90  218.65    2.13    0.30  196.49    6.82    0.68    1384    1384
 25.500 999.900 999.900  999.90  219.61    2.21    0.16  196.87    6.91    0.72    1395    1395
 26.000 999.900 999.900  999.90  220.52    2.26    0.05  197.17    6.97    0.75    1398    1398
 26.500 999.900 999.900  999.90  221.43    2.33   -0.01  197.53    6.99    0.78    1407    1407
 27.000 999.900 999.900  999.90  222.33    2.37    0.02  197.84    6.93    0.86    1386    1386
 27.500 999.900 999.900  999.90  223.25    2.39    0.07  198.16    6.91    0.90    1356    1356
 28.000 999.900 999.900  999.90  224.08    2.37    0.01  198.49    6.90    0.94    1326    1326
 28.500 999.900 999.900  999.90  224.86    2.47    0.00  198.69    6.93    0.98    1250    1250
 29.000 999.900 999.900  999.90  225.70    2.53   -0.03  198.96    6.91    1.02    1116    1116
 29.500 999.900 999.900  999.90  226.58    2.49   -0.03  199.19    6.90    0.98     891     891
 30.000 999.900 999.900  999.90  227.65    2.74    0.15  199.88    7.16    0.98     388     388
  T A B L E  III -  11.  M O I S T U R E  R E L A T E D  S T A T I S T I C A L  P A R A M E T E R S
                                  November
 Station =   911650     Barking Sands, Hawaii (Lihue)
      Z VAPOR P   SD VP SKEW VP      TV      TV SKEW TV DEWPT T  SD DPT SKW DPT NOBS TP NOBS TV   
           MEAN                    MEAN      SD            MEAN                                   
     KM      MB      MB          KELVIN  KELVIN          KELVIN  KELVIN                           
  0.000  16.000   6.000    0.00  291.00    6.00    0.00  290.00    7.00    0.00       0       0
  0.036  16.430  10.427   -0.74  299.79    2.41   -0.57  288.57   11.08   -2.07    1366    1366
  0.500  15.830   7.846   -1.20  295.61    1.48   -0.27  286.60   10.25   -2.22    1520    1520
  1.000  14.126   5.268   -1.64  291.67    1.57   -0.14  283.70    9.75   -2.32    1654    1654
  1.500  11.286   4.433   -1.22  288.51    1.86   -0.05  279.90   10.02   -2.03    1677    1677
  2.000   7.472   4.127   -0.22  286.43    2.13   -0.20  272.63   11.78   -1.18    1688    1688
  2.500   4.469   3.393    0.57  284.74    2.06   -0.35  264.24   13.05   -0.57    1682    1682
  3.000   2.993   2.598    1.02  282.58    1.92   -0.22  258.68   12.85   -0.30    1680    1680
  3.500   2.186   1.999    1.23  279.94    1.96   -0.22  254.69   12.58   -0.24    1681    1681
  4.000   1.645   1.564    1.40  277.01    1.99   -0.29  251.26   12.36   -0.20    1673    1673
  4.500   1.274   1.264    1.55  273.95    2.06   -0.28  248.18   12.27   -0.16    1669    1669
  5.000   1.004   1.041    1.63  270.82    2.15   -0.28  245.30   12.21   -0.10    1666    1666
  5.500   0.789   0.843    1.70  267.61    2.24   -0.28  242.55   12.03   -0.05    1666    1666
  6.000   0.621   0.675    1.74  264.30    2.30   -0.31  239.94   11.89   -0.05    1664    1664
  6.500   0.482   0.525    1.73  260.89    2.37   -0.32  237.38   11.54   -0.02    1661    1661
  7.000   0.368   0.404    1.76  257.40    2.42   -0.38  234.68   11.29   -0.02    1659    1659
  7.500   0.287   0.308    1.62  253.83    2.48   -0.34  232.27   11.05   -0.05    1660    1660
  8.000   0.218   0.230    1.53  250.14    2.51   -0.28  229.88   10.65   -0.10    1654    1654
  8.500   0.162   0.169    1.50  246.41    2.56   -0.24  227.16   10.36   -0.12    1653    1653
  9.000   0.115   0.117    1.41  242.61    2.60   -0.26  224.30    9.93   -0.17    1651    1651
  9.500   0.080   0.079    1.38  238.81    2.61   -0.28  221.32    9.44   -0.23    1642    1642
 10.000   0.053   0.051    1.37  235.05    2.56   -0.25  218.28    8.78   -0.25    1612    1612
 10.500   0.034   0.033    1.30  231.33    2.48   -0.26  215.84    7.80   -0.34    1513    1513
 11.000   0.021   0.021    1.25  227.65    2.39   -0.25  213.25    6.96   -0.44    1365    1365
 11.500   0.013   0.013    1.16  224.06    2.34   -0.27  210.02    6.35   -0.56    1300    1300
 12.000 999.900 999.900  999.90  220.58    2.33   -0.24  206.90    5.98   -0.71    1201    1201
 12.500 999.900 999.900  999.90  217.24    2.31   -0.15  203.23    5.74   -0.75     719     719
 13.000 999.900 999.900  999.90  214.04    2.29   -0.05  199.60    5.80   -0.58     359     359
 13.500 999.900 999.900  999.90  211.04    2.29   -0.04  196.35    6.08   -0.15      73      73
 14.000 999.900 999.900  999.90  208.22    2.31   -0.06  999.90  999.90  999.90       0       0
 14.500 999.900 999.900  999.90  205.69    2.29   -0.06  999.90  999.90  999.90       0       0
 15.000 999.900 999.900  999.90  203.34    2.28   -0.05  999.90  999.90  999.90       0       0
 15.500 999.900 999.900  999.90  201.26    2.39    0.02  999.90  999.90  999.90       0       0
 16.000 999.900 999.900  999.90  199.60    2.51    0.16  999.90  999.90  999.90       0       0
 16.500 999.900 999.900  999.90  198.39    2.69    0.22  999.90  999.90  999.90       0       0
 17.000 999.900 999.900  999.90  197.88    2.80    0.15  999.90  999.90  999.90       0       0
 17.500 999.900 999.900  999.90  198.05    3.03    0.05  999.90  999.90  999.90       0       0
 18.000 999.900 999.900  999.90  198.91    3.05   -0.00  999.90  999.90  999.90       0       0
 18.500 999.900 999.900  999.90  200.48    2.98   -0.22  999.90  999.90  999.90       0       0
 19.000 999.900 999.900  999.90  202.43    2.86   -0.27  999.90  999.90  999.90       0       0
 19.500 999.900 999.900  999.90  204.40    2.62   -0.30  999.90  999.90  999.90       0       0
 20.000 999.900 999.900  999.90  206.14    2.37   -0.11  999.90  999.90  999.90       0       0
 20.500 999.900 999.900  999.90  207.74    2.18   -0.04  999.90  999.90  999.90       0       0
 21.000 999.900 999.900  999.90  209.19    2.14    0.09  196.49    7.79    0.00      10      10
 21.500 999.900 999.900  999.90  210.49    2.10    0.23  196.57    7.13   -0.05      42      42
 22.000 999.900 999.900  999.90  211.72    2.14    0.24  197.63    6.66   -0.14     110     110
 22.500 999.900 999.900  999.90  212.92    2.15    0.34  196.92    6.90    0.04     267     267
 23.000 999.900 999.900  999.90  214.08    2.23    0.34  196.27    6.72    0.25     501     501
 23.500 999.900 999.900  999.90  215.20    2.28    0.30  196.15    6.64    0.40     725     725
 24.000 999.900 999.900  999.90  216.21    2.33    0.08  195.97    6.55    0.49    1078    1078
 24.500 999.900 999.900  999.90  217.19    2.40   -0.09  196.20    6.61    0.55    1158    1158
 25.000 999.900 999.900  999.90  218.16    2.45   -0.05  196.33    6.67    0.65    1216    1216
 25.500 999.900 999.900  999.90  219.11    2.45   -0.07  196.58    6.70    0.67    1274    1274
 26.000 999.900 999.900  999.90  220.08    2.47   -0.09  196.92    6.75    0.71    1302    1302
 26.500 999.900 999.900  999.90  221.03    2.53    0.00  197.23    6.85    0.75    1301    1301
 27.000 999.900 999.900  999.90  221.90    2.58    0.05  197.63    6.93    0.76    1286    1286
 27.500 999.900 999.900  999.90  222.75    2.63    0.01  198.05    6.92    0.75    1275    1275
 28.000 999.900 999.900  999.90  223.63    2.61   -0.02  198.49    7.00    0.76    1242    1242
 28.500 999.900 999.900  999.90  224.52    2.67    0.03  198.83    7.07    0.79    1191    1191
 29.000 999.900 999.900  999.90  225.35    2.72   -0.05  199.01    7.02    0.82    1105    1105
 29.500 999.900 999.900  999.90  226.11    2.76   -0.03  198.89    7.03    0.80     878     878
 30.000 999.900 999.900  999.90  226.96    3.04   -0.21  199.29    6.84    0.70     365     365
  T A B L E  III -  12.  M O I S T U R E  R E L A T E D  S T A T I S T I C A L  P A R A M E T E R S
                                  December
 Station =   911650     Barking Sands, Hawaii (Lihue)
      Z VAPOR P   SD VP SKEW VP      TV      TV SKEW TV DEWPT T  SD DPT SKW DPT NOBS TP NOBS TV   
           MEAN                    MEAN      SD            MEAN                                   
     KM      MB      MB          KELVIN  KELVIN          KELVIN  KELVIN                           
  0.000  16.000   6.000    0.00  291.00    6.00    0.00  290.00    7.00    0.00       0       0
  0.036  15.439   9.754   -0.74  298.40    2.51   -0.62  287.62   10.91   -2.10    1411    1411
  0.500  15.088   7.027   -1.27  294.48    1.53   -0.55  285.52   10.10   -2.24    1606    1606
  1.000  12.924   5.047   -1.45  290.64    1.63   -0.26  282.36    9.76   -2.22    1700    1700
  1.500  10.158   4.354   -0.99  287.55    1.98   -0.07  278.06   10.54   -1.79    1730    1730
  2.000   6.278   4.099    0.04  285.74    2.23   -0.07  269.25   13.00   -0.81    1739    1739
  2.500   3.789   3.208    0.76  284.08    2.21   -0.26  261.42   13.50   -0.33    1734    1734
  3.000   2.545   2.403    1.20  281.91    2.15   -0.21  256.25   12.90   -0.09    1734    1734
  3.500   1.933   1.911    1.37  279.25    2.18   -0.34  252.74   12.85   -0.07    1729    1729
  4.000   1.432   1.431    1.57  276.38    2.26   -0.39  249.64   12.07   -0.05    1720    1720
  4.500   1.111   1.128    1.65  273.38    2.37   -0.43  246.79   11.80   -0.04    1715    1715
  5.000   0.868   0.907    1.75  270.28    2.49   -0.41  243.94   11.68    0.00    1714    1714
  5.500   0.702   0.745    1.75  267.01    2.55   -0.41  241.58   11.55    0.00    1714    1714
  6.000   0.554   0.596    1.79  263.71    2.60   -0.42  239.07   11.39   -0.02    1711    1711
  6.500   0.428   0.464    1.80  260.29    2.67   -0.45  236.41   11.15   -0.00    1708    1708
  7.000   0.332   0.356    1.77  256.77    2.74   -0.42  234.02   10.81   -0.00    1705    1705
  7.500   0.258   0.276    1.72  253.18    2.83   -0.39  231.54   10.67   -0.05    1707    1707
  8.000   0.187   0.198    1.72  249.56    2.89   -0.35  228.66   10.28   -0.09    1702    1702
  8.500   0.135   0.143    1.72  245.95    3.01   -0.34  225.69    9.95   -0.09    1698    1698
  9.000   0.094   0.098    1.72  242.33    3.05   -0.27  222.65    9.55   -0.13    1694    1694
  9.500   0.064   0.065    1.64  238.71    3.11   -0.23  219.54    9.24   -0.22    1688    1688
 10.000   0.041   0.041    1.61  235.17    3.12   -0.18  216.22    8.68   -0.24    1661    1661
 10.500   0.027   0.026    1.47  231.67    3.14   -0.23  213.45    8.06   -0.37    1588    1588
 11.000   0.016   0.016    1.37  228.20    3.17   -0.25  210.78    7.33   -0.57    1438    1438
 11.500   0.010   0.010    1.30  224.83    3.17   -0.24  207.74    6.75   -0.63    1378    1378
 12.000 999.900 999.900  999.90  221.57    3.10   -0.27  204.81    6.16   -0.61    1279    1279
 12.500 999.900 999.900  999.90  218.41    3.03   -0.26  201.67    5.93   -0.47     830     830
 13.000 999.900 999.900  999.90  215.35    2.91   -0.24  198.49    5.88   -0.18     511     511
 13.500 999.900 999.900  999.90  212.40    2.77   -0.16  195.60    6.60    0.16     182     182
 14.000 999.900 999.900  999.90  209.58    2.62   -0.02  193.54    6.66    0.51      69      69
 14.500 999.900 999.900  999.90  206.88    2.53    0.26  999.90  999.90  999.90       0       0
 15.000 999.900 999.900  999.90  204.28    2.58    0.45  999.90  999.90  999.90       0       0
 15.500 999.900 999.900  999.90  201.90    2.73    0.44  999.90  999.90  999.90       0       0
 16.000 999.900 999.900  999.90  199.75    2.87    0.37  999.90  999.90  999.90       0       0
 16.500 999.900 999.900  999.90  197.96    3.09    0.34  999.90  999.90  999.90       0       0
 17.000 999.900 999.900  999.90  196.92    3.24    0.27  999.90  999.90  999.90       0       0
 17.500 999.900 999.900  999.90  196.53    3.40    0.21  999.90  999.90  999.90       0       0
 18.000 999.900 999.900  999.90  196.84    3.56    0.19  999.90  999.90  999.90       0       0
 18.500 999.900 999.900  999.90  198.00    3.53    0.00  999.90  999.90  999.90       0       0
 19.000 999.900 999.900  999.90  199.89    3.38   -0.09  999.90  999.90  999.90       0       0
 19.500 999.900 999.900  999.90  202.03    3.09   -0.09  999.90  999.90  999.90       0       0
 20.000 999.900 999.900  999.90  204.06    2.77    0.00  999.90  999.90  999.90       0       0
 20.500 999.900 999.900  999.90  205.93    2.54    0.09  999.90  999.90  999.90       0       0
 21.000 999.900 999.900  999.90  207.57    2.44    0.18  999.90  999.90  999.90       0       0
 21.500 999.900 999.900  999.90  209.05    2.44    0.18  195.59    6.91    0.08      21      21
 22.000 999.900 999.900  999.90  210.43    2.46    0.17  195.02    6.62   -0.06      69      69
 22.500 999.900 999.900  999.90  211.75    2.41    0.08  195.03    6.57    0.19     179     179
 23.000 999.900 999.900  999.90  213.05    2.39   -0.07  194.82    6.53    0.32     346     346
 23.500 999.900 999.900  999.90  214.18    2.40   -0.09  194.84    6.45    0.44     549     549
 24.000 999.900 999.900  999.90  215.20    2.41   -0.05  194.77    6.38    0.50     880     880
 24.500 999.900 999.900  999.90  216.16    2.50   -0.02  194.79    6.34    0.62     993     993
 25.000 999.900 999.900  999.90  217.02    2.57   -0.05  194.96    6.30    0.70    1102    1102
 25.500 999.900 999.900  999.90  217.94    2.72   -0.03  195.13    6.28    0.76    1184    1184
 26.000 999.900 999.900  999.90  218.82    2.77    0.05  195.38    6.34    0.78    1226    1226
 26.500 999.900 999.900  999.90  219.74    2.78    0.06  195.69    6.38    0.81    1272    1272
 27.000 999.900 999.900  999.90  220.59    2.83   -0.02  196.01    6.36    0.83    1266    1266
 27.500 999.900 999.900  999.90  221.38    2.90   -0.08  196.33    6.39    0.86    1251    1251
 28.000 999.900 999.900  999.90  222.16    2.99   -0.07  196.66    6.44    0.89    1231    1231
 28.500 999.900 999.900  999.90  222.90    3.07   -0.08  196.98    6.44    0.90    1193    1193
 29.000 999.900 999.900  999.90  223.64    3.18   -0.05  197.24    6.50    0.88    1106    1106
 29.500 999.900 999.900  999.90  224.43    3.28    0.09  197.35    6.51    0.91     882     882
 30.000 999.900 999.900  999.90  225.26    3.53   -0.03  197.71    6.85    0.95     397     397
  T A B L E  III -  13.  M O I S T U R E  R E L A T E D  S T A T I S T I C A L  P A R A M E T E R S
                                    Annual
 Station =   911650     Barking Sands, Hawaii (Lihue)
      Z VAPOR P   SD VP SKEW VP      TV      TV SKEW TV DEWPT T  SD DPT SKW DPT NOBS TP NOBS TV   
           MEAN                    MEAN      SD            MEAN                                   
     KM      MB      MB          KELVIN  KELVIN          KELVIN  KELVIN                           
  0.000  16.000   6.000    0.00  291.00    6.00    0.00  290.00    7.00    0.00       0       0
  0.036  17.147   9.903   -0.91  299.57    3.03   -0.49  289.33    9.96   -2.52   16974   16974
  0.500  16.254   7.332   -1.33  295.17    2.08   -0.47  287.15    9.31   -2.62   18704   18704
  1.000  13.962   4.950   -1.58  291.23    2.08   -0.47  283.86    8.90   -2.63   20006   20006
  1.500  11.129   4.204   -1.16  288.08    2.25   -0.46  279.88    9.59   -2.25   20329   20329
  2.000   7.372   4.023   -0.20  286.05    2.42   -0.32  272.52   11.74   -1.28   20428   20428
  2.500   4.438   3.255    0.57  284.42    2.39   -0.38  264.46   12.62   -0.65   20399   20399
  3.000   2.913   2.439    1.04  282.32    2.37   -0.44  258.71   12.35   -0.37   20376   20376
  3.500   2.096   1.864    1.29  279.76    2.42   -0.46  254.58   12.02   -0.26   20349   20349
  4.000   1.567   1.446    1.47  276.94    2.48   -0.49  251.13   11.66   -0.19   20324   20324
  4.500   1.202   1.139    1.60  273.98    2.57   -0.52  248.07   11.40   -0.15   20308   20308
  5.000   0.937   0.905    1.67  270.91    2.65   -0.55  245.23   11.23   -0.14   20292   20292
  5.500   0.738   0.726    1.73  267.70    2.72   -0.55  242.59   11.04   -0.11   20277   20277
  6.000   0.578   0.578    1.75  264.40    2.80   -0.57  239.95   10.89   -0.11   20244   20244
  6.500   0.450   0.451    1.73  260.98    2.86   -0.58  237.39   10.67   -0.10   20222   20222
  7.000   0.346   0.350    1.76  257.47    2.92   -0.58  234.77   10.42   -0.10   20208   20208
  7.500   0.266   0.268    1.72  253.91    2.99   -0.57  232.15   10.26   -0.13   20205   20205
  8.000   0.198   0.199    1.72  250.25    3.04   -0.55  229.51    9.88   -0.14   20160   20160
  8.500   0.145   0.144    1.72  246.55    3.09   -0.54  226.71    9.53   -0.16   20114   20114
  9.000   0.103   0.100    1.68  242.82    3.13   -0.52  223.82    9.15   -0.21   20048   20048
  9.500   0.072   0.068    1.64  239.08    3.16   -0.49  220.91    8.74   -0.29   19873   19873
 10.000   0.048   0.045    1.59  235.37    3.15   -0.43  218.04    8.14   -0.33   19226   19226
 10.500   0.031   0.029    1.50  231.68    3.12   -0.38  215.41    7.38   -0.42   18255   18255
 11.000   0.019   0.019    1.43  228.04    3.08   -0.33  212.68    6.76   -0.53   16609   16609
 11.500   0.012   0.012    1.34  224.47    3.00   -0.27  209.69    6.16   -0.59   15831   15831
 12.000 999.900 999.900  999.90  221.01    2.89   -0.21  206.71    5.68   -0.67   14714   14714
 12.500 999.900 999.900  999.90  217.69    2.79   -0.12  203.22    5.43   -0.64    8678    8678
 13.000 999.900 999.900  999.90  214.56    2.68   -0.04  199.85    5.39   -0.42    4863    4863
 13.500 999.900 999.900  999.90  211.63    2.60    0.07  196.62    5.99   -0.01    1398    1398
 14.000 999.900 999.900  999.90  208.93    2.53    0.17  194.52    6.55    0.21     448     448
 14.500 999.900 999.900  999.90  206.53    2.53    0.25  195.64    5.83    0.06      45      45
 15.000 999.900 999.900  999.90  204.39    2.64    0.32  999.90  999.90  999.90       0       0
 15.500 999.900 999.900  999.90  202.53    2.87    0.30  999.90  999.90  999.90       0       0
 16.000 999.900 999.900  999.90  201.03    3.17    0.23  999.90  999.90  999.90       0       0
 16.500 999.900 999.900  999.90  199.99    3.49    0.09  999.90  999.90  999.90       0       0
 17.000 999.900 999.900  999.90  199.57    3.79   -0.07  999.90  999.90  999.90       0       0
 17.500 999.900 999.900  999.90  199.66    4.05   -0.24  999.90  999.90  999.90       0       0
 18.000 999.900 999.900  999.90  200.30    4.16   -0.39  999.90  999.90  999.90       0       0
 18.500 999.900 999.900  999.90  201.46    4.06   -0.54  999.90  999.90  999.90       0       0
 19.000 999.900 999.900  999.90  203.03    3.79   -0.62  999.90  999.90  999.90       0       0
 19.500 999.900 999.900  999.90  204.72    3.43   -0.61  999.90  999.90  999.90       0       0
 20.000 999.900 999.900  999.90  206.37    3.10   -0.57  999.90  999.90  999.90       0       0
 20.500 999.900 999.900  999.90  207.91    2.82   -0.53  196.11    7.62    0.01      43      43
 21.000 999.900 999.900  999.90  209.33    2.68   -0.46  196.74    6.65   -0.06     267     267
 21.500 999.900 999.900  999.90  210.67    2.62   -0.42  195.56    6.49    0.21     860     860
 22.000 999.900 999.900  999.90  211.95    2.59   -0.38  195.54    6.33    0.31    2370    2370
 22.500 999.900 999.900  999.90  213.16    2.57   -0.39  195.28    6.43    0.37    4802    4802
 23.000 999.900 999.900  999.90  214.33    2.57   -0.39  195.31    6.44    0.43    7456    7456
 23.500 999.900 999.900  999.90  215.45    2.57   -0.40  195.41    6.53    0.48    9847    9847
 24.000 999.900 999.900  999.90  216.52    2.61   -0.39  195.49    6.56    0.53   12891   12891
 24.500 999.900 999.900  999.90  217.56    2.65   -0.38  195.77    6.59    0.58   14199   14199
 25.000 999.900 999.900  999.90  218.58    2.71   -0.35  196.04    6.60    0.64   14849   14849
 25.500 999.900 999.900  999.90  219.59    2.74   -0.35  196.35    6.64    0.67   15318   15318
 26.000 999.900 999.900  999.90  220.58    2.78   -0.35  196.69    6.68    0.70   15563   15563
 26.500 999.900 999.900  999.90  221.60    2.80   -0.33  197.06    6.69    0.72   15739   15739
 27.000 999.900 999.900  999.90  222.53    2.84   -0.33  197.45    6.68    0.74   15542   15542
 27.500 999.900 999.900  999.90  223.44    2.92   -0.33  197.85    6.67    0.74   15310   15310
 28.000 999.900 999.900  999.90  224.35    2.97   -0.32  198.26    6.66    0.74   14893   14893
 28.500 999.900 999.900  999.90  225.21    3.03   -0.34  198.59    6.66    0.73   14178   14178
 29.000 999.900 999.900  999.90  226.06    3.08   -0.36  198.90    6.68    0.71   12782   12782
 29.500 999.900 999.900  999.90  226.93    3.18   -0.30  199.03    6.73    0.69   10073   10073
 30.000 999.900 999.900  999.90  227.78    3.35   -0.30  199.41    6.84    0.64    4119    4119
