      74794      28.47N   80.57W
  T A B L E  III -   1.  M O I S T U R E  R E L A T E D  S T A T I S T I C A L  P A R A M E T E R S
                                   January
 Station =   74794      Cape Canaveral Air Force Station
      Z VAPOR P   SD VP SKEW VP      TV      TV SKEW TV DEWPT T  SD DPT SKW DPT NOBS TP NOBS TV   
           MEAN                    MEAN      SD            MEAN                                   
     KM      MB      MB          KELVIN  KELVIN          KELVIN  KELVIN                           
  0.000  16.000   6.000    0.00  291.00    6.00    0.00  290.00    7.00    0.00       0       0
  0.004  15.598   6.023    0.09  290.73    6.59   -0.34  285.62    6.60   -0.57    1496    1496
  0.500  13.291   5.598   -0.03  289.78    5.36   -0.67  282.83    7.71   -1.01    1496    1496
  1.000  10.517   5.122   -0.23  286.82    4.75   -0.57  278.42   10.14   -1.35    1496    1496
  1.500   7.815   4.590    0.03  284.60    4.21   -0.49  273.17   11.82   -1.15    1496    1496
  2.000   5.446   3.652    0.42  282.77    3.94   -0.33  267.99   11.32   -0.63    1496    1496
  2.500   4.087   2.934    0.70  280.77    3.63   -0.14  264.09   11.05   -0.49    1496    1496
  3.000   3.174   2.328    0.86  278.36    3.31   -0.12  260.94   10.65   -0.50    1496    1496
  3.500   2.470   1.885    1.01  275.66    3.09   -0.09  257.67   10.66   -0.52    1495    1495
  4.000   1.934   1.559    1.09  272.81    2.98   -0.02  254.39   10.93   -0.50    1495    1495
  4.500   1.461   1.212    1.29  269.89    2.91   -0.05  251.12   10.60   -0.50    1495    1495
  5.000   1.125   0.932    1.36  266.83    2.95    0.07  248.22   10.23   -0.47    1495    1495
  5.500   0.883   0.736    1.34  263.64    3.04    0.13  245.52   10.00   -0.41    1495    1495
  6.000   0.688   0.557    1.31  260.36    3.18    0.26  243.03    9.53   -0.47    1495    1495
  6.500   0.541   0.430    1.23  256.97    3.30    0.40  240.51    9.32   -0.48    1495    1495
  7.000   0.433   0.336    1.10  253.51    3.40    0.44  238.20    9.28   -0.57    1495    1495
  7.500   0.334   0.249    1.00  249.95    3.43    0.44  235.71    9.00   -0.69    1495    1495
  8.000   0.251   0.183    0.89  246.32    3.45    0.39  233.22    8.49   -0.72    1478    1478
  8.500   0.179   0.126    0.83  242.64    3.47    0.40  230.16    8.02   -0.78    1478    1478
  9.000   0.125   0.084    0.74  238.91    3.42    0.42  227.07    7.38   -0.74    1478    1478
  9.500   0.078   0.055    0.70  235.07    3.38    0.49  223.78    6.52   -0.74    1375    1375
 10.000   0.051   0.035    0.70  231.32    3.34    0.48  220.43    5.89   -0.73    1375    1375
 10.500   0.033   0.022    0.84  227.70    3.30    0.55  217.02    5.27   -0.68    1374    1374
 11.000   0.021   0.014    0.73  224.22    3.32    0.61  213.66    4.89   -0.81    1356    1356
 11.500   0.014   0.009    0.68  221.15    3.36    0.63  210.46    4.56   -0.88    1350    1350
 12.000 999.900 999.900  999.90  218.47    3.50    0.46  207.73    4.54   -0.90    1200    1200
 12.500 999.900 999.900  999.90  216.22    3.69    0.16  205.12    5.22   -0.92     895     895
 13.000 999.900 999.900  999.90  214.23    3.58   -0.12  202.70    5.80   -0.84     711     711
 13.500 999.900 999.900  999.90  212.48    3.28   -0.28  200.32    6.43   -0.60     372     372
 14.000 999.900 999.900  999.90  210.74    2.99   -0.32  199.36    6.14   -0.66     188     188
 14.500 999.900 999.900  999.90  208.85    2.71   -0.21  197.33    5.31   -0.53      31      31
 15.000 999.900 999.900  999.90  206.77    2.68   -0.32  999.90  999.90  999.90       0       0
 15.500 999.900 999.900  999.90  204.79    2.83   -0.48  999.90  999.90  999.90       0       0
 16.000 999.900 999.900  999.90  203.06    2.99   -0.55  999.90  999.90  999.90       0       0
 16.500 999.900 999.900  999.90  201.60    3.19   -0.46  999.90  999.90  999.90       0       0
 17.000 999.900 999.900  999.90  200.55    3.39   -0.37  999.90  999.90  999.90       0       0
 17.500 999.900 999.900  999.90  200.11    3.45   -0.26  999.90  999.90  999.90       0       0
 18.000 999.900 999.900  999.90  200.27    3.52   -0.23  999.90  999.90  999.90       0       0
 18.500 999.900 999.900  999.90  200.95    3.45   -0.18  999.90  999.90  999.90       0       0
 19.000 999.900 999.900  999.90  201.95    3.40   -0.27  999.90  999.90  999.90       0       0
 19.500 999.900 999.900  999.90  203.32    3.32   -0.29  999.90  999.90  999.90       0       0
 20.000 999.900 999.900  999.90  204.83    3.19   -0.24  999.90  999.90  999.90       0       0
 20.500 999.900 999.900  999.90  206.26    3.08   -0.14  999.90  999.90  999.90       0       0
 21.000 999.900 999.900  999.90  207.74    3.05   -0.15  999.90  999.90  999.90       0       0
 21.500 999.900 999.900  999.90  208.99    2.96   -0.13  999.90  999.90  999.90       0       0
 22.000 999.900 999.900  999.90  210.21    2.93   -0.03  999.90  999.90  999.90       0       0
 22.500 999.900 999.900  999.90  211.34    2.94   -0.01  999.90  999.90  999.90       0       0
 23.000 999.900 999.900  999.90  212.30    2.88   -0.06  999.90  999.90  999.90       0       0
 23.500 999.900 999.900  999.90  213.23    2.90   -0.01  999.90  999.90  999.90       0       0
 24.000 999.900 999.900  999.90  214.10    2.88   -0.00  999.90  999.90  999.90       0       0
 24.500 999.900 999.900  999.90  215.00    2.91    0.02  999.90  999.90  999.90       0       0
 25.000 999.900 999.900  999.90  215.84    2.95    0.09  999.90  999.90  999.90       0       0
 25.500 999.900 999.900  999.90  216.87    3.10    0.17  999.90  999.90  999.90       0       0
 26.000 999.900 999.900  999.90  217.80    3.24    0.43  999.90  999.90  999.90       0       0
 26.500 999.900 999.900  999.90  218.74    3.42    0.50  999.90  999.90  999.90       0       0
 27.000 999.900 999.900  999.90  219.61    3.57    0.55  999.90  999.90  999.90       0       0
 27.500 999.900 999.900  999.90  220.43    3.59    0.48  999.90  999.90  999.90       0       0
 28.000 999.900 999.900  999.90  221.38    3.67    0.57  999.90  999.90  999.90       0       0
 28.500 999.900 999.900  999.90  222.32    3.79    0.51  999.90  999.90  999.90       0       0
 29.000 999.900 999.900  999.90  223.17    3.95    0.43  999.90  999.90  999.90       0       0
 29.500 999.900 999.900  999.90  224.15    4.01    0.38  999.90  999.90  999.90       0       0
 30.000 999.900 999.900  999.90  224.92    4.13    0.22  999.90  999.90  999.90       0       0
  T A B L E  III -   2.  M O I S T U R E  R E L A T E D  S T A T I S T I C A L  P A R A M E T E R S
                                  February
 Station =   74794      Cape Canaveral Air Force Station
      Z VAPOR P   SD VP SKEW VP      TV      TV SKEW TV DEWPT T  SD DPT SKW DPT NOBS TP NOBS TV   
           MEAN                    MEAN      SD            MEAN                                   
     KM      MB      MB          KELVIN  KELVIN          KELVIN  KELVIN                           
  0.000  16.000   6.000    0.00  291.00    6.00    0.00  290.00    7.00    0.00       0       0
  0.004  16.380   5.924   -0.07  292.23    6.47   -0.37  286.47    6.40   -0.82    1653    1653
  0.500  13.746   5.469   -0.15  290.60    5.30   -0.79  283.46    7.42   -1.11    1653    1653
  1.000  10.887   4.960   -0.31  287.51    4.80   -0.74  279.18    9.73   -1.60    1653    1653
  1.500   8.086   4.531   -0.08  285.09    4.20   -0.62  273.87   11.47   -1.17    1653    1653
  2.000   5.666   3.638    0.29  283.06    3.85   -0.41  268.60   11.40   -0.80    1653    1653
  2.500   4.281   2.964    0.49  280.92    3.54   -0.24  264.59   11.55   -0.74    1653    1653
  3.000   3.268   2.323    0.67  278.47    3.26   -0.20  261.19   11.10   -0.69    1653    1653
  3.500   2.484   1.802    0.82  275.76    3.06   -0.13  257.76   10.92   -0.75    1652    1652
  4.000   1.929   1.438    0.91  272.81    2.97   -0.12  254.61   10.84   -0.77    1651    1651
  4.500   1.519   1.163    1.03  269.73    2.97   -0.13  251.80   10.52   -0.68    1651    1651
  5.000   1.186   0.929    1.11  266.62    3.00   -0.07  248.92   10.28   -0.60    1651    1651
  5.500   0.916   0.735    1.21  263.43    3.06    0.04  245.96   10.18   -0.61    1651    1651
  6.000   0.697   0.555    1.36  260.18    3.18    0.10  243.16    9.70   -0.61    1650    1650
  6.500   0.538   0.424    1.26  256.78    3.33    0.15  240.44    9.52   -0.63    1650    1650
  7.000   0.424   0.330    1.16  253.27    3.42    0.19  238.01    9.25   -0.60    1651    1651
  7.500   0.321   0.240    1.03  249.69    3.44    0.22  235.43    8.73   -0.61    1651    1651
  8.000   0.238   0.173    1.00  246.08    3.48    0.22  232.79    8.15   -0.62    1640    1640
  8.500   0.169   0.120    1.04  242.41    3.52    0.22  229.67    7.69   -0.63    1640    1640
  9.000   0.115   0.080    1.00  238.72    3.57    0.17  226.23    7.30   -0.69    1640    1640
  9.500   0.072   0.054    0.87  234.94    3.66    0.18  223.00    6.77   -0.84    1509    1509
 10.000   0.046   0.034    0.84  231.23    3.65    0.19  219.37    6.44   -0.89    1509    1509
 10.500   0.030   0.021    0.78  227.66    3.70    0.25  216.01    5.97   -1.00    1508    1508
 11.000   0.019   0.013    0.70  224.30    3.83    0.31  212.59    5.53   -0.99    1497    1497
 11.500   0.012   0.009    0.57  221.46    3.95    0.30  209.41    5.33   -1.05    1472    1472
 12.000 999.900 999.900  999.90  219.01    4.06    0.18  206.80    5.48   -1.14    1301    1301
 12.500 999.900 999.900  999.90  216.96    3.95   -0.05  204.18    6.14   -0.98    1031    1031
 13.000 999.900 999.900  999.90  215.14    3.57   -0.33  201.83    6.47   -0.82     897     897
 13.500 999.900 999.900  999.90  213.24    3.19   -0.45  199.42    6.82   -0.51     529     529
 14.000 999.900 999.900  999.90  211.15    2.87   -0.40  197.34    7.06   -0.43     246     246
 14.500 999.900 999.900  999.90  209.09    2.69   -0.32  195.98    5.76   -0.24      34      34
 15.000 999.900 999.900  999.90  206.99    2.77   -0.38  999.90  999.90  999.90       0       0
 15.500 999.900 999.900  999.90  204.95    2.91   -0.39  999.90  999.90  999.90       0       0
 16.000 999.900 999.900  999.90  203.10    3.09   -0.33  999.90  999.90  999.90       0       0
 16.500 999.900 999.900  999.90  201.58    3.27   -0.34  999.90  999.90  999.90       0       0
 17.000 999.900 999.900  999.90  200.51    3.43   -0.27  999.90  999.90  999.90       0       0
 17.500 999.900 999.900  999.90  200.00    3.55   -0.16  999.90  999.90  999.90       0       0
 18.000 999.900 999.900  999.90  199.96    3.81   -0.12  999.90  999.90  999.90       0       0
 18.500 999.900 999.900  999.90  200.51    3.76   -0.05  999.90  999.90  999.90       0       0
 19.000 999.900 999.900  999.90  201.67    3.58    0.05  999.90  999.90  999.90       0       0
 19.500 999.900 999.900  999.90  203.13    3.48    0.14  999.90  999.90  999.90       0       0
 20.000 999.900 999.900  999.90  204.63    3.32    0.09  999.90  999.90  999.90       0       0
 20.500 999.900 999.900  999.90  206.15    3.19    0.13  999.90  999.90  999.90       0       0
 21.000 999.900 999.900  999.90  207.68    3.13    0.15  999.90  999.90  999.90       0       0
 21.500 999.900 999.900  999.90  209.08    2.98    0.20  999.90  999.90  999.90       0       0
 22.000 999.900 999.900  999.90  210.40    2.89    0.13  999.90  999.90  999.90       0       0
 22.500 999.900 999.900  999.90  211.59    2.86    0.18  999.90  999.90  999.90       0       0
 23.000 999.900 999.900  999.90  212.47    2.81    0.18  999.90  999.90  999.90       0       0
 23.500 999.900 999.900  999.90  213.35    2.79    0.17  999.90  999.90  999.90       0       0
 24.000 999.900 999.900  999.90  214.26    2.70    0.22  999.90  999.90  999.90       0       0
 24.500 999.900 999.900  999.90  215.14    2.75    0.32  999.90  999.90  999.90       0       0
 25.000 999.900 999.900  999.90  216.02    2.77    0.29  999.90  999.90  999.90       0       0
 25.500 999.900 999.900  999.90  216.97    2.80    0.51  999.90  999.90  999.90       0       0
 26.000 999.900 999.900  999.90  217.90    2.88    0.62  999.90  999.90  999.90       0       0
 26.500 999.900 999.900  999.90  218.86    2.98    0.78  999.90  999.90  999.90       0       0
 27.000 999.900 999.900  999.90  219.77    3.01    0.81  999.90  999.90  999.90       0       0
 27.500 999.900 999.900  999.90  220.77    3.16    0.77  999.90  999.90  999.90       0       0
 28.000 999.900 999.900  999.90  221.78    3.35    0.68  999.90  999.90  999.90       0       0
 28.500 999.900 999.900  999.90  222.64    3.60    0.60  999.90  999.90  999.90       0       0
 29.000 999.900 999.900  999.90  223.58    3.73    0.55  999.90  999.90  999.90       0       0
 29.500 999.900 999.900  999.90  224.55    3.71    0.42  999.90  999.90  999.90       0       0
 30.000 999.900 999.900  999.90  225.58    3.68    0.29  999.90  999.90  999.90       0       0
  T A B L E  III -   3.  M O I S T U R E  R E L A T E D  S T A T I S T I C A L  P A R A M E T E R S
                                     March
 Station =   74794      Cape Canaveral Air Force Station
      Z VAPOR P   SD VP SKEW VP      TV      TV SKEW TV DEWPT T  SD DPT SKW DPT NOBS TP NOBS TV   
           MEAN                    MEAN      SD            MEAN                                   
     KM      MB      MB          KELVIN  KELVIN          KELVIN  KELVIN                           
  0.000  16.000   6.000    0.00  291.00    6.00    0.00  290.00    7.00    0.00       0       0
  0.004  16.992   6.154    0.09  293.95    5.98   -0.41  287.07    6.30   -0.71    1868    1868
  0.500  14.149   5.635    0.14  291.58    4.88   -0.64  284.01    6.98   -0.83    1868    1868
  1.000  11.219   4.832   -0.04  288.09    4.78   -0.55  280.11    8.33   -1.42    1868    1868
  1.500   8.335   4.553    0.02  285.31    4.36   -0.42  274.41   11.46   -1.35    1868    1868
  2.000   5.737   3.750    0.37  283.24    3.96   -0.26  268.51   12.06   -0.96    1868    1868
  2.500   4.172   2.925    0.56  280.98    3.64   -0.13  264.14   11.79   -0.82    1868    1868
  3.000   3.145   2.311    0.79  278.43    3.42   -0.05  260.57   11.27   -0.71    1868    1868
  3.500   2.440   1.798    0.86  275.62    3.28    0.02  257.36   11.27   -0.84    1868    1868
  4.000   1.851   1.391    1.02  272.66    3.19    0.03  254.09   10.77   -0.70    1868    1868
  4.500   1.432   1.114    1.24  269.57    3.21    0.09  251.12   10.40   -0.65    1868    1868
  5.000   1.115   0.885    1.31  266.40    3.31    0.19  248.21   10.25   -0.65    1868    1868
  5.500   0.872   0.700    1.32  263.18    3.44    0.28  245.44   10.11   -0.63    1867    1867
  6.000   0.673   0.545    1.38  259.89    3.54    0.36  242.63    9.93   -0.63    1867    1867
  6.500   0.524   0.430    1.38  256.58    3.61    0.42  239.86    9.92   -0.64    1867    1867
  7.000   0.410   0.334    1.29  253.10    3.70    0.44  237.41    9.58   -0.54    1867    1867
  7.500   0.311   0.245    1.16  249.54    3.74    0.48  234.76    9.23   -0.57    1867    1867
  8.000   0.231   0.179    1.08  245.92    3.82    0.51  232.42    8.56   -0.59    1818    1818
  8.500   0.165   0.127    1.15  242.23    3.86    0.51  229.40    8.01   -0.50    1818    1818
  9.000   0.115   0.086    1.17  238.47    3.86    0.51  226.31    7.34   -0.48    1817    1817
  9.500   0.074   0.058    1.08  234.71    3.94    0.49  223.41    6.45   -0.35    1680    1680
 10.000   0.048   0.037    1.03  230.97    3.88    0.50  219.92    6.06   -0.51    1679    1679
 10.500   0.031   0.023    0.89  227.37    3.77    0.53  216.54    5.57   -0.58    1679    1679
 11.000   0.020   0.014    0.85  224.05    3.72    0.48  213.16    5.24   -0.67    1661    1661
 11.500   0.013   0.009    0.71  221.08    3.67    0.42  210.22    4.83   -0.84    1648    1648
 12.000 999.900 999.900  999.90  218.63    3.64    0.34  207.87    4.78   -1.09    1450    1450
 12.500 999.900 999.900  999.90  216.64    3.65    0.07  205.37    5.68   -1.13    1115    1115
 13.000 999.900 999.900  999.90  214.96    3.45   -0.20  203.30    6.14   -1.05     949     949
 13.500 999.900 999.900  999.90  213.22    3.24   -0.37  201.77    6.47   -0.95     609     609
 14.000 999.900 999.900  999.90  211.39    3.09   -0.41  200.67    6.67   -1.00     314     314
 14.500 999.900 999.900  999.90  209.43    3.03   -0.41  201.22    6.31   -0.89      65      65
 15.000 999.900 999.900  999.90  207.45    3.13   -0.56  196.70    5.29    0.18      14      14
 15.500 999.900 999.900  999.90  205.56    3.30   -0.72  999.90  999.90  999.90       0       0
 16.000 999.900 999.900  999.90  203.85    3.45   -0.83  999.90  999.90  999.90       0       0
 16.500 999.900 999.900  999.90  202.53    3.74   -0.67  999.90  999.90  999.90       0       0
 17.000 999.900 999.900  999.90  201.61    3.85   -0.56  999.90  999.90  999.90       0       0
 17.500 999.900 999.900  999.90  201.26    3.86   -0.48  999.90  999.90  999.90       0       0
 18.000 999.900 999.900  999.90  201.40    3.76   -0.25  999.90  999.90  999.90       0       0
 18.500 999.900 999.900  999.90  202.07    3.52   -0.15  999.90  999.90  999.90       0       0
 19.000 999.900 999.900  999.90  203.10    3.38   -0.04  999.90  999.90  999.90       0       0
 19.500 999.900 999.900  999.90  204.42    3.36   -0.01  999.90  999.90  999.90       0       0
 20.000 999.900 999.900  999.90  205.99    3.11   -0.08  999.90  999.90  999.90       0       0
 20.500 999.900 999.900  999.90  207.65    2.86   -0.17  999.90  999.90  999.90       0       0
 21.000 999.900 999.900  999.90  209.08    2.67   -0.21  999.90  999.90  999.90       0       0
 21.500 999.900 999.900  999.90  210.43    2.52   -0.24  999.90  999.90  999.90       0       0
 22.000 999.900 999.900  999.90  211.67    2.40   -0.24  999.90  999.90  999.90       0       0
 22.500 999.900 999.900  999.90  212.84    2.36   -0.14  999.90  999.90  999.90       0       0
 23.000 999.900 999.900  999.90  213.82    2.30   -0.01  999.90  999.90  999.90       0       0
 23.500 999.900 999.900  999.90  214.80    2.27    0.13  999.90  999.90  999.90       0       0
 24.000 999.900 999.900  999.90  215.77    2.32    0.15  999.90  999.90  999.90       0       0
 24.500 999.900 999.900  999.90  216.75    2.38    0.18  999.90  999.90  999.90       0       0
 25.000 999.900 999.900  999.90  217.79    2.44    0.29  999.90  999.90  999.90       0       0
 25.500 999.900 999.900  999.90  218.85    2.55    0.34  999.90  999.90  999.90       0       0
 26.000 999.900 999.900  999.90  219.84    2.63    0.31  999.90  999.90  999.90       0       0
 26.500 999.900 999.900  999.90  220.91    2.76    0.27  999.90  999.90  999.90       0       0
 27.000 999.900 999.900  999.90  222.07    2.78    0.29  999.90  999.90  999.90       0       0
 27.500 999.900 999.900  999.90  223.17    2.88    0.30  999.90  999.90  999.90       0       0
 28.000 999.900 999.900  999.90  224.36    3.00    0.25  999.90  999.90  999.90       0       0
 28.500 999.900 999.900  999.90  225.47    3.01    0.17  999.90  999.90  999.90       0       0
 29.000 999.900 999.900  999.90  226.59    3.12    0.05  999.90  999.90  999.90       0       0
 29.500 999.900 999.900  999.90  227.77    3.18    0.13  999.90  999.90  999.90       0       0
 30.000 999.900 999.900  999.90  228.85    3.23    0.13  999.90  999.90  999.90       0       0
  T A B L E  III -   4.  M O I S T U R E  R E L A T E D  S T A T I S T I C A L  P A R A M E T E R S
                                     April
 Station =   74794      Cape Canaveral Air Force Station
      Z VAPOR P   SD VP SKEW VP      TV      TV SKEW TV DEWPT T  SD DPT SKW DPT NOBS TP NOBS TV   
           MEAN                    MEAN      SD            MEAN                                   
     KM      MB      MB          KELVIN  KELVIN          KELVIN  KELVIN                           
  0.000  16.000   6.000    0.00  291.00    6.00    0.00  290.00    7.00    0.00       0       0
  0.004  19.754   5.610   -0.19  297.19    4.94   -0.70  289.81    5.03   -0.93    1694    1694
  0.500  16.427   4.804   -0.20  294.12    3.47   -0.61  286.89    5.13   -0.98    1694    1694
  1.000  12.812   4.243   -0.25  290.60    3.62   -0.63  282.86    6.01   -1.29    1694    1694
  1.500   9.552   4.253   -0.21  287.60    3.49   -0.62  277.59    8.65   -1.33    1694    1694
  2.000   6.619   3.612    0.15  285.10    3.17   -0.48  271.81    9.45   -0.81    1694    1694
  2.500   4.679   2.948    0.48  282.68    2.94   -0.32  266.57   10.15   -0.72    1694    1694
  3.000   3.483   2.353    0.67  279.99    2.78   -0.29  262.53   10.09   -0.52    1694    1694
  3.500   2.605   1.827    0.85  277.12    2.65   -0.15  258.74   10.13   -0.60    1694    1694
  4.000   2.033   1.474    0.98  274.13    2.63   -0.08  255.61   10.09   -0.59    1693    1693
  4.500   1.572   1.158    1.13  271.00    2.65   -0.05  252.57    9.86   -0.58    1693    1693
  5.000   1.205   0.915    1.23  267.78    2.73    0.01  249.33    9.98   -0.66    1693    1693
  5.500   0.938   0.744    1.29  264.51    2.84    0.16  246.36    9.91   -0.52    1693    1693
  6.000   0.742   0.602    1.31  261.19    2.92    0.24  243.65    9.95   -0.53    1693    1693
  6.500   0.576   0.468    1.35  257.77    3.00    0.31  241.15    9.34   -0.40    1692    1692
  7.000   0.450   0.362    1.26  254.30    3.10    0.36  238.59    9.18   -0.41    1692    1692
  7.500   0.343   0.272    1.26  250.75    3.19    0.48  235.99    8.74   -0.40    1692    1692
  8.000   0.249   0.194    1.14  247.13    3.32    0.53  233.12    8.34   -0.44    1669    1669
  8.500   0.181   0.137    1.13  243.42    3.38    0.53  230.18    7.95   -0.48    1669    1669
  9.000   0.125   0.093    1.13  239.66    3.40    0.56  226.96    7.45   -0.50    1668    1668
  9.500   0.079   0.064    1.23  235.82    3.47    0.66  223.84    6.64   -0.34    1536    1536
 10.000   0.051   0.040    1.27  231.98    3.44    0.69  220.33    6.02   -0.24    1536    1536
 10.500   0.034   0.026    1.40  228.20    3.36    0.73  217.02    5.37   -0.19    1536    1536
 11.000   0.021   0.015    1.22  224.49    3.29    0.71  213.72    4.72   -0.20    1520    1520
 11.500   0.014   0.009    1.10  221.05    3.19    0.69  210.54    4.27   -0.34    1516    1516
 12.000 999.900 999.900  999.90  218.03    3.16    0.53  207.80    4.16   -0.59    1344    1344
 12.500 999.900 999.900  999.90  215.50    3.28    0.35  205.75    4.59   -1.04     876     876
 13.000 999.900 999.900  999.90  213.52    3.37    0.12  203.91    4.92   -1.00     637     637
 13.500 999.900 999.900  999.90  211.97    3.38   -0.01  202.67    5.47   -0.94     342     342
 14.000 999.900 999.900  999.90  210.64    3.21   -0.05  201.94    5.18   -1.07     229     229
 14.500 999.900 999.900  999.90  209.19    3.11   -0.16  202.64    3.67   -0.48      70      70
 15.000 999.900 999.900  999.90  207.56    3.24   -0.34  199.37    2.88   -0.02      11      11
 15.500 999.900 999.900  999.90  205.97    3.39   -0.56  999.90  999.90  999.90       0       0
 16.000 999.900 999.900  999.90  204.53    3.59   -0.77  999.90  999.90  999.90       0       0
 16.500 999.900 999.900  999.90  203.26    3.79   -0.79  999.90  999.90  999.90       0       0
 17.000 999.900 999.900  999.90  202.39    3.81   -0.75  999.90  999.90  999.90       0       0
 17.500 999.900 999.900  999.90  202.07    3.77   -0.54  999.90  999.90  999.90       0       0
 18.000 999.900 999.900  999.90  202.15    3.70   -0.18  999.90  999.90  999.90       0       0
 18.500 999.900 999.900  999.90  202.89    3.63   -0.03  999.90  999.90  999.90       0       0
 19.000 999.900 999.900  999.90  204.02    3.52    0.02  999.90  999.90  999.90       0       0
 19.500 999.900 999.900  999.90  205.49    3.37   -0.06  999.90  999.90  999.90       0       0
 20.000 999.900 999.900  999.90  207.00    3.09   -0.21  999.90  999.90  999.90       0       0
 20.500 999.900 999.900  999.90  208.53    2.90   -0.20  999.90  999.90  999.90       0       0
 21.000 999.900 999.900  999.90  210.15    2.76   -0.11  999.90  999.90  999.90       0       0
 21.500 999.900 999.900  999.90  211.69    2.56   -0.21  999.90  999.90  999.90       0       0
 22.000 999.900 999.900  999.90  213.11    2.45   -0.18  999.90  999.90  999.90       0       0
 22.500 999.900 999.900  999.90  214.50    2.34   -0.06  999.90  999.90  999.90       0       0
 23.000 999.900 999.900  999.90  215.70    2.27    0.01  999.90  999.90  999.90       0       0
 23.500 999.900 999.900  999.90  216.84    2.33    0.02  999.90  999.90  999.90       0       0
 24.000 999.900 999.900  999.90  218.00    2.32   -0.05  999.90  999.90  999.90       0       0
 24.500 999.900 999.900  999.90  219.12    2.30    0.03  999.90  999.90  999.90       0       0
 25.000 999.900 999.900  999.90  220.23    2.35   -0.00  999.90  999.90  999.90       0       0
 25.500 999.900 999.900  999.90  221.36    2.32   -0.01  999.90  999.90  999.90       0       0
 26.000 999.900 999.900  999.90  222.40    2.36   -0.05  999.90  999.90  999.90       0       0
 26.500 999.900 999.900  999.90  223.56    2.49   -0.12  999.90  999.90  999.90       0       0
 27.000 999.900 999.900  999.90  224.66    2.50   -0.17  999.90  999.90  999.90       0       0
 27.500 999.900 999.900  999.90  225.64    2.49   -0.18  999.90  999.90  999.90       0       0
 28.000 999.900 999.900  999.90  226.75    2.53   -0.15  999.90  999.90  999.90       0       0
 28.500 999.900 999.900  999.90  227.75    2.57   -0.09  999.90  999.90  999.90       0       0
 29.000 999.900 999.900  999.90  228.78    2.60   -0.04  999.90  999.90  999.90       0       0
 29.500 999.900 999.900  999.90  229.90    2.78   -0.05  999.90  999.90  999.90       0       0
 30.000 999.900 999.900  999.90  231.01    2.92   -0.02  999.90  999.90  999.90       0       0
  T A B L E  III -   5.  M O I S T U R E  R E L A T E D  S T A T I S T I C A L  P A R A M E T E R S
                                       May
 Station =   74794      Cape Canaveral Air Force Station
      Z VAPOR P   SD VP SKEW VP      TV      TV SKEW TV DEWPT T  SD DPT SKW DPT NOBS TP NOBS TV   
           MEAN                    MEAN      SD            MEAN                                   
     KM      MB      MB          KELVIN  KELVIN          KELVIN  KELVIN                           
  0.000  16.000   6.000    0.00  291.00    6.00    0.00  290.00    7.00    0.00       0       0
  0.004  22.993   4.269   -0.30  300.37    3.86   -0.83  292.62    3.19   -0.82    2069    2069
  0.500  19.122   3.884   -0.58  296.77    2.26   -0.23  289.62    3.58   -1.27    2069    2069
  1.000  14.796   3.524   -0.51  293.24    2.49   -0.39  285.51    4.20   -1.41    2069    2069
  1.500  11.350   3.817   -0.53  290.02    2.38   -0.60  280.93    6.54   -1.75    2069    2069
  2.000   8.239   3.423   -0.24  287.08    2.27   -0.40  275.80    7.68   -1.34    2069    2069
  2.500   5.900   2.914    0.08  284.32    2.24   -0.20  270.61    8.75   -1.17    2069    2069
  3.000   4.339   2.440    0.36  281.52    2.12   -0.03  266.07    9.34   -0.99    2068    2068
  3.500   3.264   1.966    0.61  278.63    2.07    0.01  262.21    9.40   -0.90    2068    2068
  4.000   2.514   1.612    0.74  275.64    2.12    0.05  258.67    9.71   -0.88    2067    2067
  4.500   1.950   1.330    0.90  272.58    2.11    0.11  255.37    9.81   -0.76    2066    2066
  5.000   1.498   1.080    1.10  269.48    2.18    0.12  252.12    9.72   -0.66    2065    2065
  5.500   1.161   0.883    1.24  266.32    2.27    0.15  249.02    9.70   -0.57    2065    2065
  6.000   0.884   0.686    1.39  263.10    2.37    0.19  246.04    9.34   -0.51    2063    2063
  6.500   0.675   0.532    1.40  259.77    2.48    0.12  242.99    9.43   -0.57    2060    2060
  7.000   0.527   0.419    1.37  256.33    2.63    0.06  240.31    9.40   -0.61    2059    2059
  7.500   0.394   0.314    1.35  252.81    2.77    0.08  237.37    9.03   -0.53    2058    2058
  8.000   0.288   0.235    1.36  249.22    2.87    0.12  234.51    8.62   -0.47    2018    2018
  8.500   0.208   0.171    1.37  245.54    2.94    0.13  231.41    8.28   -0.41    2017    2017
  9.000   0.150   0.119    1.27  241.78    2.97    0.16  228.58    7.69   -0.37    2017    2017
  9.500   0.094   0.078    1.15  237.89    2.97    0.27  225.39    6.90   -0.32    1867    1867
 10.000   0.062   0.050    1.17  234.04    2.95    0.30  221.92    6.30   -0.29    1866    1866
 10.500   0.040   0.031    1.12  230.19    2.87    0.33  218.47    5.69   -0.33    1866    1866
 11.000   0.026   0.019    0.97  226.39    2.80    0.40  215.14    5.27   -0.51    1840    1840
 11.500   0.017   0.011    0.80  222.71    2.69    0.42  211.99    4.48   -0.39    1840    1840
 12.000   0.010   0.007    0.62  219.26    2.62    0.50  208.79    4.17   -0.65    1780    1780
 12.500 999.900 999.900  999.90  216.09    2.65    0.55  205.95    4.33   -0.79    1200    1200
 13.000 999.900 999.900  999.90  213.39    2.73    0.55  203.12    4.80   -1.12     693     693
 13.500 999.900 999.900  999.90  211.13    3.00    0.45  200.23    5.80   -0.78     281     281
 14.000 999.900 999.900  999.90  209.41    3.30    0.32  199.04    5.53   -0.57     185     185
 14.500 999.900 999.900  999.90  207.96    3.32    0.10  197.81    4.55   -0.28      56      56
 15.000 999.900 999.900  999.90  206.67    3.29   -0.07  197.77    4.34    0.75      10      10
 15.500 999.900 999.900  999.90  205.39    3.28   -0.24  999.90  999.90  999.90       0       0
 16.000 999.900 999.900  999.90  204.23    3.33   -0.42  999.90  999.90  999.90       0       0
 16.500 999.900 999.900  999.90  203.36    3.42   -0.66  999.90  999.90  999.90       0       0
 17.000 999.900 999.900  999.90  202.73    3.49   -0.70  999.90  999.90  999.90       0       0
 17.500 999.900 999.900  999.90  202.58    3.36   -0.59  999.90  999.90  999.90       0       0
 18.000 999.900 999.900  999.90  202.99    3.23   -0.42  999.90  999.90  999.90       0       0
 18.500 999.900 999.900  999.90  204.04    3.07   -0.32  999.90  999.90  999.90       0       0
 19.000 999.900 999.900  999.90  205.53    2.94   -0.31  999.90  999.90  999.90       0       0
 19.500 999.900 999.900  999.90  207.33    2.76   -0.47  999.90  999.90  999.90       0       0
 20.000 999.900 999.900  999.90  209.05    2.55   -0.51  999.90  999.90  999.90       0       0
 20.500 999.900 999.900  999.90  210.71    2.37   -0.42  999.90  999.90  999.90       0       0
 21.000 999.900 999.900  999.90  212.21    2.21   -0.38  999.90  999.90  999.90       0       0
 21.500 999.900 999.900  999.90  213.49    2.08   -0.33  999.90  999.90  999.90       0       0
 22.000 999.900 999.900  999.90  214.79    2.04   -0.22  999.90  999.90  999.90       0       0
 22.500 999.900 999.900  999.90  216.10    1.97   -0.15  999.90  999.90  999.90       0       0
 23.000 999.900 999.900  999.90  217.20    1.91    0.06  999.90  999.90  999.90       0       0
 23.500 999.900 999.900  999.90  218.30    1.93    0.07  999.90  999.90  999.90       0       0
 24.000 999.900 999.900  999.90  219.47    1.91    0.04  999.90  999.90  999.90       0       0
 24.500 999.900 999.900  999.90  220.52    1.88    0.06  999.90  999.90  999.90       0       0
 25.000 999.900 999.900  999.90  221.51    1.91    0.05  999.90  999.90  999.90       0       0
 25.500 999.900 999.900  999.90  222.62    1.90    0.09  999.90  999.90  999.90       0       0
 26.000 999.900 999.900  999.90  223.65    1.93   -0.05  999.90  999.90  999.90       0       0
 26.500 999.900 999.900  999.90  224.74    2.08    0.01  999.90  999.90  999.90       0       0
 27.000 999.900 999.900  999.90  225.73    2.06   -0.09  999.90  999.90  999.90       0       0
 27.500 999.900 999.900  999.90  226.74    2.09   -0.02  999.90  999.90  999.90       0       0
 28.000 999.900 999.900  999.90  227.76    2.16   -0.02  999.90  999.90  999.90       0       0
 28.500 999.900 999.900  999.90  228.70    2.19   -0.09  999.90  999.90  999.90       0       0
 29.000 999.900 999.900  999.90  229.58    2.19   -0.12  999.90  999.90  999.90       0       0
 29.500 999.900 999.900  999.90  230.48    2.21   -0.12  999.90  999.90  999.90       0       0
 30.000 999.900 999.900  999.90  231.31    2.18   -0.19  999.90  999.90  999.90       0       0
  T A B L E  III -   6.  M O I S T U R E  R E L A T E D  S T A T I S T I C A L  P A R A M E T E R S
                                      June
 Station =   74794      Cape Canaveral Air Force Station
      Z VAPOR P   SD VP SKEW VP      TV      TV SKEW TV DEWPT T  SD DPT SKW DPT NOBS TP NOBS TV   
           MEAN                    MEAN      SD            MEAN                                   
     KM      MB      MB          KELVIN  KELVIN          KELVIN  KELVIN                           
  0.000  16.000   6.000    0.00  291.00    6.00    0.00  290.00    7.00    0.00       0       0
  0.004  27.440   3.250   -0.20  302.71    3.25   -0.12  295.66    2.00   -0.53    2146    2146
  0.500  23.223   2.828   -0.57  299.30    1.59    0.20  292.94    2.07   -0.97    2146    2146
  1.000  18.171   2.669   -0.52  295.82    1.74   -0.28  288.99    2.46   -1.09    2146    2146
  1.500  14.525   2.629   -0.56  292.43    1.67   -0.75  285.44    3.05   -1.37    2146    2146
  2.000  11.396   2.574   -0.62  289.26    1.52   -0.70  281.64    3.88   -1.51    2146    2146
  2.500   8.761   2.488   -0.51  286.26    1.48   -0.28  277.55    4.94   -1.50    2146    2146
  3.000   6.856   2.242   -0.43  283.25    1.46   -0.00  273.86    5.70   -1.50    2146    2146
  3.500   5.382   2.010   -0.35  280.22    1.46    0.08  270.30    6.41   -1.43    2141    2141
  4.000   4.259   1.849   -0.20  277.18    1.47    0.24  266.76    7.45   -1.32    2141    2141
  4.500   3.365   1.619   -0.01  274.23    1.51    0.34  263.45    7.81   -1.09    2141    2141
  5.000   2.618   1.372    0.19  271.39    1.53    0.23  260.08    8.02   -0.90    2139    2139
  5.500   2.039   1.151    0.27  268.48    1.57    0.02  256.74    8.38   -0.78    2138    2138
  6.000   1.581   0.925    0.40  265.48    1.61   -0.01  253.63    8.30   -0.73    2138    2138
  6.500   1.212   0.742    0.47  262.44    1.67   -0.10  250.39    8.45   -0.72    2135    2135
  7.000   0.915   0.582    0.53  259.26    1.78   -0.15  247.09    8.47   -0.65    2135    2135
  7.500   0.680   0.437    0.58  255.96    1.87   -0.23  243.86    8.25   -0.66    2134    2134
  8.000   0.498   0.326    0.59  252.53    1.94   -0.24  240.67    8.02   -0.66    2115    2115
  8.500   0.354   0.233    0.68  249.00    1.98   -0.22  237.27    7.56   -0.57    2115    2115
  9.000   0.248   0.158    0.73  245.31    1.99   -0.15  233.92    7.05   -0.63    2114    2114
  9.500   0.156   0.111    0.69  241.43    2.02   -0.11  230.46    6.43   -0.55    1945    1945
 10.000   0.103   0.072    0.74  237.51    2.03   -0.09  226.73    5.97   -0.51    1945    1945
 10.500   0.065   0.044    0.80  233.50    2.01   -0.07  222.81    5.44   -0.58    1944    1944
 11.000   0.040   0.027    0.77  229.44    1.99   -0.01  219.13    4.83   -0.60    1906    1906
 11.500   0.025   0.016    0.60  225.40    1.96    0.05  215.42    4.37   -0.75    1905    1905
 12.000   0.016   0.009    0.44  221.42    1.90    0.17  211.78    3.85   -0.79    1905    1905
 12.500 999.900 999.900  999.90  217.55    1.87    0.29  208.49    3.54   -1.03    1607    1607
 13.000 999.900 999.900  999.90  213.92    1.83    0.38  205.51    3.42   -1.12     851     851
 13.500 999.900 999.900  999.90  210.63    1.89    0.32  199.67    3.55   -0.41      42      42
 14.000 999.900 999.900  999.90  207.84    2.14    0.23  196.84    2.91   -0.77      18      18
 14.500 999.900 999.900  999.90  205.77    2.37    0.29  999.90  999.90  999.90       0       0
 15.000 999.900 999.900  999.90  204.27    2.59    0.16  999.90  999.90  999.90       0       0
 15.500 999.900 999.900  999.90  203.22    2.71   -0.05  999.90  999.90  999.90       0       0
 16.000 999.900 999.900  999.90  202.63    2.82   -0.35  999.90  999.90  999.90       0       0
 16.500 999.900 999.900  999.90  202.39    2.94   -0.53  999.90  999.90  999.90       0       0
 17.000 999.900 999.900  999.90  202.61    3.07   -0.54  999.90  999.90  999.90       0       0
 17.500 999.900 999.900  999.90  203.25    3.11   -0.56  999.90  999.90  999.90       0       0
 18.000 999.900 999.900  999.90  204.18    3.08   -0.60  999.90  999.90  999.90       0       0
 18.500 999.900 999.900  999.90  205.42    2.95   -0.70  999.90  999.90  999.90       0       0
 19.000 999.900 999.900  999.90  206.85    2.79   -0.79  999.90  999.90  999.90       0       0
 19.500 999.900 999.900  999.90  208.36    2.60   -0.75  999.90  999.90  999.90       0       0
 20.000 999.900 999.900  999.90  209.82    2.33   -0.72  999.90  999.90  999.90       0       0
 20.500 999.900 999.900  999.90  211.30    2.13   -0.47  999.90  999.90  999.90       0       0
 21.000 999.900 999.900  999.90  212.74    2.03   -0.29  999.90  999.90  999.90       0       0
 21.500 999.900 999.900  999.90  214.05    1.92   -0.20  999.90  999.90  999.90       0       0
 22.000 999.900 999.900  999.90  215.25    1.90   -0.18  999.90  999.90  999.90       0       0
 22.500 999.900 999.900  999.90  216.44    1.92   -0.20  999.90  999.90  999.90       0       0
 23.000 999.900 999.900  999.90  217.56    1.91   -0.26  999.90  999.90  999.90       0       0
 23.500 999.900 999.900  999.90  218.59    1.92   -0.14  999.90  999.90  999.90       0       0
 24.000 999.900 999.900  999.90  219.66    1.92   -0.01  999.90  999.90  999.90       0       0
 24.500 999.900 999.900  999.90  220.68    1.85   -0.02  999.90  999.90  999.90       0       0
 25.000 999.900 999.900  999.90  221.66    1.91   -0.02  999.90  999.90  999.90       0       0
 25.500 999.900 999.900  999.90  222.61    1.89    0.02  999.90  999.90  999.90       0       0
 26.000 999.900 999.900  999.90  223.54    1.90    0.04  999.90  999.90  999.90       0       0
 26.500 999.900 999.900  999.90  224.53    2.00    0.04  999.90  999.90  999.90       0       0
 27.000 999.900 999.900  999.90  225.45    2.00   -0.03  999.90  999.90  999.90       0       0
 27.500 999.900 999.900  999.90  226.42    2.07    0.01  999.90  999.90  999.90       0       0
 28.000 999.900 999.900  999.90  227.42    2.16    0.15  999.90  999.90  999.90       0       0
 28.500 999.900 999.900  999.90  228.27    2.12   -0.02  999.90  999.90  999.90       0       0
 29.000 999.900 999.900  999.90  229.18    2.17   -0.14  999.90  999.90  999.90       0       0
 29.500 999.900 999.900  999.90  230.07    2.26   -0.23  999.90  999.90  999.90       0       0
 30.000 999.900 999.900  999.90  230.87    2.23   -0.12  999.90  999.90  999.90       0       0
  T A B L E  III -   7.  M O I S T U R E  R E L A T E D  S T A T I S T I C A L  P A R A M E T E R S
                                      July
 Station =   74794      Cape Canaveral Air Force Station
      Z VAPOR P   SD VP SKEW VP      TV      TV SKEW TV DEWPT T  SD DPT SKW DPT NOBS TP NOBS TV   
           MEAN                    MEAN      SD            MEAN                                   
     KM      MB      MB          KELVIN  KELVIN          KELVIN  KELVIN                           
  0.000  16.000   6.000    0.00  291.00    6.00    0.00  290.00    7.00    0.00       0       0
  0.004  29.046   2.907   -0.05  303.63    3.29   -0.15  296.63    1.68   -0.32    2070    2070
  0.500  24.337   2.737   -0.58  300.39    1.40   -0.31  293.71    1.91   -0.96    2070    2070
  1.000  19.163   2.546   -0.43  296.87    1.43   -0.77  289.85    2.20   -0.92    2070    2070
  1.500  15.406   2.579   -0.67  293.40    1.34   -1.20  286.38    2.86   -1.56    2070    2070
  2.000  12.092   2.479   -0.79  290.13    1.19   -1.09  282.59    3.56   -1.68    2070    2070
  2.500   9.343   2.440   -0.67  287.05    1.09   -0.40  278.58    4.59   -1.64    2070    2070
  3.000   7.339   2.178   -0.45  284.01    1.09   -0.20  275.00    5.02   -1.36    2070    2070
  3.500   5.839   1.854   -0.37  280.97    1.10   -0.09  271.74    5.21   -1.23    2070    2070
  4.000   4.701   1.692   -0.31  277.93    1.17   -0.09  268.57    5.91   -1.19    2070    2070
  4.500   3.729   1.553   -0.17  274.97    1.22   -0.02  265.16    6.86   -1.23    2070    2070
  5.000   2.923   1.321   -0.00  272.10    1.24   -0.05  261.86    7.14   -1.09    2070    2070
  5.500   2.288   1.108    0.11  269.19    1.24   -0.03  258.63    7.39   -0.98    2070    2070
  6.000   1.764   0.882    0.26  266.23    1.24   -0.00  255.52    6.98   -0.65    2070    2070
  6.500   1.356   0.702    0.35  263.23    1.28    0.01  252.37    6.93   -0.59    2070    2070
  7.000   1.023   0.555    0.41  260.10    1.34   -0.09  248.99    7.12   -0.60    2070    2070
  7.500   0.757   0.411    0.49  256.85    1.38    0.03  245.70    6.82   -0.59    2070    2070
  8.000   0.553   0.309    0.56  253.47    1.43   -0.02  242.29    6.69   -0.51    2068    2068
  8.500   0.391   0.222    0.64  249.96    1.52   -0.05  238.67    6.53   -0.53    2068    2068
  9.000   0.272   0.150    0.70  246.30    1.59   -0.06  235.18    6.02   -0.47    2068    2068
  9.500   0.166   0.109    0.55  242.47    1.67    0.02  231.56    5.57   -0.49    1862    1862
 10.000   0.111   0.070    0.50  238.55    1.68   -0.01  227.91    5.11   -0.52    1862    1862
 10.500   0.072   0.045    0.50  234.52    1.71   -0.05  224.08    4.67   -0.44    1862    1862
 11.000   0.045   0.028    0.45  230.47    1.73   -0.04  220.39    4.18   -0.35    1833    1833
 11.500   0.029   0.017    0.37  226.38    1.72   -0.00  216.74    3.84   -0.46    1833    1833
 12.000   0.018   0.010    0.16  222.36    1.69    0.06  213.03    3.43   -0.59    1833    1833
 12.500   0.011   0.006   -0.05  218.41    1.66    0.06  209.54    3.08   -0.70    1725    1725
 13.000 999.900 999.900  999.90  214.66    1.63   -0.06  206.44    2.86   -0.85    1168    1168
 13.500 999.900 999.900  999.90  211.19    1.64   -0.12  201.54    3.64   -0.12      48      48
 14.000 999.900 999.900  999.90  208.18    1.80   -0.04  999.90  999.90  999.90       0       0
 14.500 999.900 999.900  999.90  205.79    2.14    0.27  999.90  999.90  999.90       0       0
 15.000 999.900 999.900  999.90  204.00    2.59    0.27  999.90  999.90  999.90       0       0
 15.500 999.900 999.900  999.90  202.94    2.95    0.02  999.90  999.90  999.90       0       0
 16.000 999.900 999.900  999.90  202.52    3.04   -0.26  999.90  999.90  999.90       0       0
 16.500 999.900 999.900  999.90  202.71    3.00   -0.51  999.90  999.90  999.90       0       0
 17.000 999.900 999.900  999.90  203.33    2.76   -0.64  999.90  999.90  999.90       0       0
 17.500 999.900 999.900  999.90  204.10    2.52   -0.56  999.90  999.90  999.90       0       0
 18.000 999.900 999.900  999.90  205.05    2.30   -0.53  999.90  999.90  999.90       0       0
 18.500 999.900 999.900  999.90  206.19    2.13   -0.42  999.90  999.90  999.90       0       0
 19.000 999.900 999.900  999.90  207.45    2.03   -0.31  999.90  999.90  999.90       0       0
 19.500 999.900 999.900  999.90  208.86    2.09   -0.20  999.90  999.90  999.90       0       0
 20.000 999.900 999.900  999.90  210.32    1.96   -0.15  999.90  999.90  999.90       0       0
 20.500 999.900 999.900  999.90  211.74    1.93   -0.05  999.90  999.90  999.90       0       0
 21.000 999.900 999.900  999.90  213.05    1.91    0.05  999.90  999.90  999.90       0       0
 21.500 999.900 999.900  999.90  214.22    1.83    0.02  999.90  999.90  999.90       0       0
 22.000 999.900 999.900  999.90  215.34    1.85   -0.09  999.90  999.90  999.90       0       0
 22.500 999.900 999.900  999.90  216.46    1.84   -0.06  999.90  999.90  999.90       0       0
 23.000 999.900 999.900  999.90  217.50    1.86   -0.00  999.90  999.90  999.90       0       0
 23.500 999.900 999.900  999.90  218.50    1.96    0.03  999.90  999.90  999.90       0       0
 24.000 999.900 999.900  999.90  219.52    1.96    0.13  999.90  999.90  999.90       0       0
 24.500 999.900 999.900  999.90  220.54    1.96    0.13  999.90  999.90  999.90       0       0
 25.000 999.900 999.900  999.90  221.47    2.03    0.23  999.90  999.90  999.90       0       0
 25.500 999.900 999.900  999.90  222.43    2.03    0.04  999.90  999.90  999.90       0       0
 26.000 999.900 999.900  999.90  223.30    2.05    0.09  999.90  999.90  999.90       0       0
 26.500 999.900 999.900  999.90  224.23    2.11    0.07  999.90  999.90  999.90       0       0
 27.000 999.900 999.900  999.90  225.10    2.10    0.15  999.90  999.90  999.90       0       0
 27.500 999.900 999.900  999.90  225.96    2.11    0.18  999.90  999.90  999.90       0       0
 28.000 999.900 999.900  999.90  226.81    2.22    0.18  999.90  999.90  999.90       0       0
 28.500 999.900 999.900  999.90  227.62    2.24    0.06  999.90  999.90  999.90       0       0
 29.000 999.900 999.900  999.90  228.42    2.33    0.14  999.90  999.90  999.90       0       0
 29.500 999.900 999.900  999.90  229.24    2.38    0.20  999.90  999.90  999.90       0       0
 30.000 999.900 999.900  999.90  230.00    2.32    0.09  999.90  999.90  999.90       0       0
  T A B L E  III -   8.  M O I S T U R E  R E L A T E D  S T A T I S T I C A L  P A R A M E T E R S
                                    August
 Station =   74794      Cape Canaveral Air Force Station
      Z VAPOR P   SD VP SKEW VP      TV      TV SKEW TV DEWPT T  SD DPT SKW DPT NOBS TP NOBS TV   
           MEAN                    MEAN      SD            MEAN                                   
     KM      MB      MB          KELVIN  KELVIN          KELVIN  KELVIN                           
  0.000  16.000   6.000    0.00  291.00    6.00    0.00  290.00    7.00    0.00       0       0
  0.004  29.342   3.047   -0.36  303.69    3.17   -0.26  296.79    1.77   -0.69    2171    2171
  0.500  24.793   2.709   -0.58  300.52    1.35   -1.05  294.02    1.86   -0.96    2171    2171
  1.000  19.534   2.519   -0.47  296.96    1.40   -1.46  290.16    2.14   -0.96    2171    2171
  1.500  15.631   2.616   -0.85  293.53    1.34   -1.87  286.59    2.91   -1.77    2171    2171
  2.000  12.289   2.653   -0.99  290.37    1.14   -1.09  282.79    3.87   -1.88    2170    2170
  2.500   9.682   2.524   -0.77  287.32    1.11   -0.44  279.10    4.61   -1.63    2170    2170
  3.000   7.605   2.208   -0.54  284.32    1.15   -0.36  275.53    4.96   -1.45    2170    2170
  3.500   6.066   1.874   -0.51  281.34    1.20   -0.22  272.32    5.18   -1.48    2167    2167
  4.000   4.872   1.704   -0.44  278.35    1.29   -0.17  269.12    5.84   -1.34    2167    2167
  4.500   3.880   1.553   -0.24  275.41    1.30   -0.04  265.84    6.47   -1.10    2167    2167
  5.000   2.995   1.316   -0.01  272.53    1.32   -0.07  262.35    6.72   -0.93    2166    2166
  5.500   2.286   1.125    0.16  269.66    1.33   -0.05  258.68    7.21   -0.76    2166    2166
  6.000   1.731   0.898    0.33  266.72    1.32   -0.04  255.24    7.15   -0.64    2166    2166
  6.500   1.304   0.718    0.49  263.70    1.35   -0.06  251.82    7.16   -0.51    2164    2164
  7.000   0.977   0.567    0.59  260.57    1.38   -0.12  248.39    7.18   -0.35    2164    2164
  7.500   0.733   0.426    0.62  257.31    1.41   -0.23  245.22    7.06   -0.44    2164    2164
  8.000   0.536   0.321    0.67  253.92    1.48   -0.22  241.83    7.01   -0.44    2158    2158
  8.500   0.387   0.238    0.72  250.41    1.54   -0.20  238.35    7.05   -0.53    2158    2158
  9.000   0.272   0.169    0.79  246.77    1.61   -0.17  234.86    6.75   -0.45    2156    2156
  9.500   0.172   0.122    0.74  243.03    1.69   -0.14  231.54    6.24   -0.47    1951    1951
 10.000   0.116   0.080    0.70  239.15    1.70   -0.11  227.99    5.80   -0.47    1951    1951
 10.500   0.075   0.051    0.75  235.15    1.72    0.00  224.27    5.20   -0.38    1951    1951
 11.000   0.048   0.032    0.80  231.13    1.74    0.11  220.49    4.86   -0.41    1932    1932
 11.500   0.030   0.020    0.75  227.08    1.76    0.28  216.86    4.50   -0.48    1931    1931
 12.000   0.019   0.012    0.65  223.04    1.78    0.44  213.20    4.06   -0.52    1931    1931
 12.500   0.011   0.007    0.47  219.11    1.77    0.47  209.61    3.73   -0.68    1852    1852
 13.000 999.900 999.900  999.90  215.29    1.78    0.52  206.35    3.62   -0.99    1390    1390
 13.500 999.900 999.900  999.90  211.71    1.79    0.51  202.36    3.84   -0.26     159     159
 14.000 999.900 999.900  999.90  208.54    1.89    0.46  199.15    3.19    0.43      20      20
 14.500 999.900 999.900  999.90  205.89    2.04    0.49  999.90  999.90  999.90       0       0
 15.000 999.900 999.900  999.90  203.93    2.27    0.43  999.90  999.90  999.90       0       0
 15.500 999.900 999.900  999.90  202.71    2.52    0.07  999.90  999.90  999.90       0       0
 16.000 999.900 999.900  999.90  202.12    2.69   -0.23  999.90  999.90  999.90       0       0
 16.500 999.900 999.900  999.90  202.22    2.79   -0.45  999.90  999.90  999.90       0       0
 17.000 999.900 999.900  999.90  202.89    2.58   -0.46  999.90  999.90  999.90       0       0
 17.500 999.900 999.900  999.90  203.82    2.38   -0.43  999.90  999.90  999.90       0       0
 18.000 999.900 999.900  999.90  204.96    2.31   -0.31  999.90  999.90  999.90       0       0
 18.500 999.900 999.900  999.90  206.23    2.22   -0.23  999.90  999.90  999.90       0       0
 19.000 999.900 999.900  999.90  207.64    2.13   -0.07  999.90  999.90  999.90       0       0
 19.500 999.900 999.900  999.90  209.02    2.12   -0.09  999.90  999.90  999.90       0       0
 20.000 999.900 999.900  999.90  210.33    2.00   -0.11  999.90  999.90  999.90       0       0
 20.500 999.900 999.900  999.90  211.57    1.90   -0.04  999.90  999.90  999.90       0       0
 21.000 999.900 999.900  999.90  212.75    1.87    0.01  999.90  999.90  999.90       0       0
 21.500 999.900 999.900  999.90  213.88    1.80   -0.01  999.90  999.90  999.90       0       0
 22.000 999.900 999.900  999.90  214.96    1.86   -0.05  999.90  999.90  999.90       0       0
 22.500 999.900 999.900  999.90  216.06    1.88    0.08  999.90  999.90  999.90       0       0
 23.000 999.900 999.900  999.90  217.08    1.83    0.17  999.90  999.90  999.90       0       0
 23.500 999.900 999.900  999.90  218.02    1.85    0.10  999.90  999.90  999.90       0       0
 24.000 999.900 999.900  999.90  219.03    1.81    0.09  999.90  999.90  999.90       0       0
 24.500 999.900 999.900  999.90  220.00    1.85    0.12  999.90  999.90  999.90       0       0
 25.000 999.900 999.900  999.90  220.93    1.92    0.18  999.90  999.90  999.90       0       0
 25.500 999.900 999.900  999.90  221.87    1.90    0.21  999.90  999.90  999.90       0       0
 26.000 999.900 999.900  999.90  222.69    1.91    0.25  999.90  999.90  999.90       0       0
 26.500 999.900 999.900  999.90  223.56    1.98    0.11  999.90  999.90  999.90       0       0
 27.000 999.900 999.900  999.90  224.37    1.98    0.09  999.90  999.90  999.90       0       0
 27.500 999.900 999.900  999.90  225.13    2.05    0.11  999.90  999.90  999.90       0       0
 28.000 999.900 999.900  999.90  225.94    2.17    0.17  999.90  999.90  999.90       0       0
 28.500 999.900 999.900  999.90  226.77    2.16    0.20  999.90  999.90  999.90       0       0
 29.000 999.900 999.900  999.90  227.54    2.21    0.18  999.90  999.90  999.90       0       0
 29.500 999.900 999.900  999.90  228.32    2.30    0.15  999.90  999.90  999.90       0       0
 30.000 999.900 999.900  999.90  229.03    2.30    0.01  999.90  999.90  999.90       0       0
  T A B L E  III -   9.  M O I S T U R E  R E L A T E D  S T A T I S T I C A L  P A R A M E T E R S
                                 September
 Station =   74794      Cape Canaveral Air Force Station
      Z VAPOR P   SD VP SKEW VP      TV      TV SKEW TV DEWPT T  SD DPT SKW DPT NOBS TP NOBS TV   
           MEAN                    MEAN      SD            MEAN                                   
     KM      MB      MB          KELVIN  KELVIN          KELVIN  KELVIN                           
  0.000  16.000   6.000    0.00  291.00    6.00    0.00  290.00    7.00    0.00       0       0
  0.004  27.790   3.530   -0.29  302.74    3.04   -0.32  295.85    2.17   -0.69    1960    1960
  0.500  23.784   3.045   -0.56  299.31    1.63   -0.98  293.31    2.18   -0.96    1960    1960
  1.000  18.811   2.657   -0.54  295.60    1.76   -1.14  289.54    2.36   -1.03    1960    1960
  1.500  14.931   2.917   -1.06  292.31    1.71   -1.40  285.78    3.61   -2.17    1960    1960
  2.000  11.511   3.234   -0.99  289.54    1.33   -0.65  281.45    5.43   -1.83    1960    1960
  2.500   9.072   2.905   -0.78  286.76    1.36   -0.33  277.77    6.07   -1.66    1960    1960
  3.000   7.089   2.554   -0.57  283.92    1.35   -0.41  274.06    6.57   -1.38    1960    1960
  3.500   5.463   2.283   -0.39  281.04    1.35   -0.37  270.19    7.27   -1.14    1954    1954
  4.000   4.281   2.016   -0.21  278.10    1.40   -0.24  266.61    7.82   -0.88    1954    1954
  4.500   3.380   1.725   -0.00  275.20    1.39   -0.23  263.33    8.10   -0.77    1954    1954
  5.000   2.594   1.450    0.24  272.35    1.41   -0.36  259.75    8.31   -0.61    1953    1953
  5.500   2.014   1.208    0.36  269.44    1.43   -0.34  256.40    8.58   -0.50    1953    1953
  6.000   1.556   0.973    0.48  266.47    1.42   -0.33  253.24    8.49   -0.42    1953    1953
  6.500   1.205   0.768    0.55  263.38    1.48   -0.33  250.23    8.41   -0.45    1953    1953
  7.000   0.914   0.595    0.60  260.21    1.58   -0.28  247.04    8.38   -0.47    1953    1953
  7.500   0.685   0.446    0.68  256.92    1.67   -0.30  244.00    7.93   -0.41    1953    1953
  8.000   0.513   0.335    0.67  253.51    1.75   -0.34  240.96    7.78   -0.47    1948    1948
  8.500   0.377   0.242    0.70  249.95    1.82   -0.32  237.88    7.45   -0.54    1948    1948
  9.000   0.266   0.168    0.75  246.27    1.88   -0.29  234.49    7.06   -0.56    1948    1948
  9.500   0.167   0.123    0.70  242.50    2.03   -0.21  231.29    6.43   -0.45    1740    1740
 10.000   0.112   0.081    0.71  238.61    2.09   -0.10  227.72    5.91   -0.37    1740    1740
 10.500   0.072   0.051    0.73  234.67    2.08   -0.02  223.85    5.51   -0.50    1740    1740
 11.000   0.044   0.031    0.69  230.68    2.09    0.08  219.94    5.14   -0.72    1710    1710
 11.500   0.028   0.019    0.62  226.66    2.08    0.26  216.20    4.78   -0.83    1710    1710
 12.000   0.017   0.011    0.63  222.69    2.07    0.44  212.46    4.34   -0.78    1709    1709
 12.500 999.900 999.900  999.90  218.86    2.09    0.57  208.83    4.00   -0.72    1602    1602
 13.000 999.900 999.900  999.90  215.22    2.15    0.70  205.52    4.04   -0.86    1126    1126
 13.500 999.900 999.900  999.90  211.83    2.17    0.77  201.82    5.51   -0.68     181     181
 14.000 999.900 999.900  999.90  208.70    2.16    0.71  199.16    6.54   -0.20      42      42
 14.500 999.900 999.900  999.90  205.98    2.17    0.50  999.90  999.90  999.90       0       0
 15.000 999.900 999.900  999.90  203.68    2.27    0.29  999.90  999.90  999.90       0       0
 15.500 999.900 999.900  999.90  201.83    2.40    0.18  999.90  999.90  999.90       0       0
 16.000 999.900 999.900  999.90  200.64    2.62    0.04  999.90  999.90  999.90       0       0
 16.500 999.900 999.900  999.90  200.29    2.87   -0.19  999.90  999.90  999.90       0       0
 17.000 999.900 999.900  999.90  200.78    3.03   -0.33  999.90  999.90  999.90       0       0
 17.500 999.900 999.900  999.90  201.85    3.02   -0.34  999.90  999.90  999.90       0       0
 18.000 999.900 999.900  999.90  203.37    2.88   -0.38  999.90  999.90  999.90       0       0
 18.500 999.900 999.900  999.90  205.11    2.61   -0.44  999.90  999.90  999.90       0       0
 19.000 999.900 999.900  999.90  206.76    2.36   -0.37  999.90  999.90  999.90       0       0
 19.500 999.900 999.900  999.90  208.26    2.22   -0.25  999.90  999.90  999.90       0       0
 20.000 999.900 999.900  999.90  209.63    2.03   -0.28  999.90  999.90  999.90       0       0
 20.500 999.900 999.900  999.90  210.94    1.90   -0.26  999.90  999.90  999.90       0       0
 21.000 999.900 999.900  999.90  212.14    1.88   -0.05  999.90  999.90  999.90       0       0
 21.500 999.900 999.900  999.90  213.29    1.87   -0.03  999.90  999.90  999.90       0       0
 22.000 999.900 999.900  999.90  214.35    1.92   -0.08  999.90  999.90  999.90       0       0
 22.500 999.900 999.900  999.90  215.49    1.93    0.10  999.90  999.90  999.90       0       0
 23.000 999.900 999.900  999.90  216.50    1.91    0.21  999.90  999.90  999.90       0       0
 23.500 999.900 999.900  999.90  217.50    1.96    0.19  999.90  999.90  999.90       0       0
 24.000 999.900 999.900  999.90  218.46    1.94    0.24  999.90  999.90  999.90       0       0
 24.500 999.900 999.900  999.90  219.35    1.92    0.21  999.90  999.90  999.90       0       0
 25.000 999.900 999.900  999.90  220.23    1.95    0.18  999.90  999.90  999.90       0       0
 25.500 999.900 999.900  999.90  221.13    1.95    0.14  999.90  999.90  999.90       0       0
 26.000 999.900 999.900  999.90  221.97    1.96    0.19  999.90  999.90  999.90       0       0
 26.500 999.900 999.900  999.90  222.79    2.06    0.19  999.90  999.90  999.90       0       0
 27.000 999.900 999.900  999.90  223.61    2.07    0.20  999.90  999.90  999.90       0       0
 27.500 999.900 999.900  999.90  224.38    2.12    0.14  999.90  999.90  999.90       0       0
 28.000 999.900 999.900  999.90  225.21    2.20    0.08  999.90  999.90  999.90       0       0
 28.500 999.900 999.900  999.90  225.97    2.23   -0.04  999.90  999.90  999.90       0       0
 29.000 999.900 999.900  999.90  226.72    2.28    0.03  999.90  999.90  999.90       0       0
 29.500 999.900 999.900  999.90  227.50    2.36    0.08  999.90  999.90  999.90       0       0
 30.000 999.900 999.900  999.90  228.26    2.40    0.05  999.90  999.90  999.90       0       0
  T A B L E  III -  10.  M O I S T U R E  R E L A T E D  S T A T I S T I C A L  P A R A M E T E R S
                                   October
 Station =   74794      Cape Canaveral Air Force Station
      Z VAPOR P   SD VP SKEW VP      TV      TV SKEW TV DEWPT T  SD DPT SKW DPT NOBS TP NOBS TV   
           MEAN                    MEAN      SD            MEAN                                   
     KM      MB      MB          KELVIN  KELVIN          KELVIN  KELVIN                           
  0.000  16.000   6.000    0.00  291.00    6.00    0.00  290.00    7.00    0.00       0       0
  0.004  23.888   5.407   -0.43  299.90    4.03   -1.32  293.08    4.09   -1.14    1764    1764
  0.500  20.473   4.701   -0.51  296.80    2.83   -1.29  290.60    4.13   -1.25    1764    1764
  1.000  16.536   4.008   -0.75  292.92    2.95   -0.92  287.16    4.62   -1.97    1764    1764
  1.500  12.567   4.403   -0.74  289.92    2.86   -0.74  282.20    7.53   -2.02    1764    1764
  2.000   9.122   4.289   -0.18  287.61    2.63   -0.70  276.74    9.03   -1.22    1764    1764
  2.500   6.731   3.827    0.15  285.36    2.30   -0.52  271.76   10.08   -0.87    1764    1764
  3.000   5.113   3.187    0.35  282.88    2.02   -0.41  267.71   10.24   -0.62    1764    1764
  3.500   3.965   2.658    0.49  280.16    1.94   -0.42  264.09   10.41   -0.50    1763    1763
  4.000   3.035   2.169    0.68  277.33    1.96   -0.34  260.52   10.32   -0.38    1763    1763
  4.500   2.358   1.770    0.85  274.40    1.93   -0.28  257.27   10.19   -0.29    1763    1763
  5.000   1.818   1.437    1.02  271.40    2.01   -0.32  253.99   10.09   -0.20    1763    1763
  5.500   1.422   1.178    1.12  268.38    2.13   -0.42  250.89   10.16   -0.15    1763    1763
  6.000   1.098   0.924    1.21  265.22    2.25   -0.42  247.86   10.11   -0.22    1763    1763
  6.500   0.869   0.729    1.21  261.95    2.40   -0.41  245.29    9.93   -0.26    1763    1763
  7.000   0.677   0.569    1.21  258.60    2.60   -0.41  242.63    9.63   -0.24    1763    1763
  7.500   0.514   0.425    1.16  255.16    2.72   -0.37  239.86    9.26   -0.24    1763    1763
  8.000   0.390   0.318    1.06  251.66    2.85   -0.36  237.19    8.90   -0.19    1751    1751
  8.500   0.289   0.232    1.02  248.08    2.94   -0.34  234.28    8.57   -0.20    1751    1751
  9.000   0.203   0.157    1.09  244.42    2.96   -0.37  231.13    8.03   -0.31    1751    1751
  9.500   0.126   0.108    1.13  240.57    2.96   -0.36  228.01    7.24   -0.27    1575    1575
 10.000   0.084   0.070    1.17  236.81    2.89   -0.34  224.45    6.74   -0.29    1575    1575
 10.500   0.053   0.043    1.21  233.02    2.75   -0.26  220.82    6.00   -0.22    1575    1575
 11.000   0.034   0.026    1.11  229.19    2.59   -0.19  217.31    5.52   -0.46    1555    1555
 11.500   0.022   0.016    1.00  225.36    2.44   -0.16  213.92    4.86   -0.45    1555    1555
 12.000   0.014   0.009    0.81  221.57    2.31   -0.09  210.52    4.40   -0.60    1550    1550
 12.500 999.900 999.900  999.90  217.90    2.20   -0.05  207.41    4.01   -0.76    1326    1326
 13.000 999.900 999.900  999.90  214.44    2.06    0.10  204.35    3.83   -0.71     877     877
 13.500 999.900 999.900  999.90  211.13    1.99    0.20  199.22    4.83    0.20      71      71
 14.000 999.900 999.900  999.90  208.05    1.99    0.40  197.54    5.23    0.38      16      16
 14.500 999.900 999.900  999.90  205.35    2.06    0.58  999.90  999.90  999.90       0       0
 15.000 999.900 999.900  999.90  202.96    2.30    0.50  999.90  999.90  999.90       0       0
 15.500 999.900 999.900  999.90  201.08    2.58    0.25  999.90  999.90  999.90       0       0
 16.000 999.900 999.900  999.90  199.72    2.84    0.15  999.90  999.90  999.90       0       0
 16.500 999.900 999.900  999.90  199.05    3.11    0.05  999.90  999.90  999.90       0       0
 17.000 999.900 999.900  999.90  199.16    3.31   -0.03  999.90  999.90  999.90       0       0
 17.500 999.900 999.900  999.90  200.02    3.35    0.04  999.90  999.90  999.90       0       0
 18.000 999.900 999.900  999.90  201.55    3.27   -0.00  999.90  999.90  999.90       0       0
 18.500 999.900 999.900  999.90  203.44    3.09    0.01  999.90  999.90  999.90       0       0
 19.000 999.900 999.900  999.90  205.31    2.94    0.01  999.90  999.90  999.90       0       0
 19.500 999.900 999.900  999.90  207.06    2.73   -0.02  999.90  999.90  999.90       0       0
 20.000 999.900 999.900  999.90  208.61    2.40   -0.13  999.90  999.90  999.90       0       0
 20.500 999.900 999.900  999.90  209.99    2.20   -0.05  999.90  999.90  999.90       0       0
 21.000 999.900 999.900  999.90  211.25    2.12   -0.04  999.90  999.90  999.90       0       0
 21.500 999.900 999.900  999.90  212.33    2.01   -0.01  999.90  999.90  999.90       0       0
 22.000 999.900 999.900  999.90  213.43    2.02    0.06  999.90  999.90  999.90       0       0
 22.500 999.900 999.900  999.90  214.52    1.99    0.08  999.90  999.90  999.90       0       0
 23.000 999.900 999.900  999.90  215.56    1.96    0.04  999.90  999.90  999.90       0       0
 23.500 999.900 999.900  999.90  216.50    1.99   -0.03  999.90  999.90  999.90       0       0
 24.000 999.900 999.900  999.90  217.46    1.97   -0.02  999.90  999.90  999.90       0       0
 24.500 999.900 999.900  999.90  218.42    2.05   -0.01  999.90  999.90  999.90       0       0
 25.000 999.900 999.900  999.90  219.30    2.18    0.03  999.90  999.90  999.90       0       0
 25.500 999.900 999.900  999.90  220.22    2.15    0.15  999.90  999.90  999.90       0       0
 26.000 999.900 999.900  999.90  221.01    2.19    0.15  999.90  999.90  999.90       0       0
 26.500 999.900 999.900  999.90  221.80    2.30    0.22  999.90  999.90  999.90       0       0
 27.000 999.900 999.900  999.90  222.67    2.32    0.24  999.90  999.90  999.90       0       0
 27.500 999.900 999.900  999.90  223.50    2.41    0.16  999.90  999.90  999.90       0       0
 28.000 999.900 999.900  999.90  224.32    2.45    0.15  999.90  999.90  999.90       0       0
 28.500 999.900 999.900  999.90  225.06    2.47    0.04  999.90  999.90  999.90       0       0
 29.000 999.900 999.900  999.90  225.84    2.55    0.12  999.90  999.90  999.90       0       0
 29.500 999.900 999.900  999.90  226.53    2.60    0.22  999.90  999.90  999.90       0       0
 30.000 999.900 999.900  999.90  227.20    2.66    0.17  999.90  999.90  999.90       0       0
  T A B L E  III -  11.  M O I S T U R E  R E L A T E D  S T A T I S T I C A L  P A R A M E T E R S
                                  November
 Station =   74794      Cape Canaveral Air Force Station
      Z VAPOR P   SD VP SKEW VP      TV      TV SKEW TV DEWPT T  SD DPT SKW DPT NOBS TP NOBS TV   
           MEAN                    MEAN      SD            MEAN                                   
     KM      MB      MB          KELVIN  KELVIN          KELVIN  KELVIN                           
  0.000  16.000   6.000    0.00  291.00    6.00    0.00  290.00    7.00    0.00       0       0
  0.004  19.933   5.476   -0.31  295.94    5.01   -0.87  289.99    4.91   -1.00    1644    1644
  0.500  17.051   4.674   -0.37  293.77    3.64   -1.07  287.54    4.93   -1.25    1644    1644
  1.000  13.799   4.280   -0.80  290.13    3.42   -0.74  283.92    6.54   -2.17    1644    1644
  1.500  10.382   4.344   -0.54  287.40    3.15   -0.44  278.76    9.11   -1.79    1644    1644
  2.000   7.260   3.916    0.08  285.43    2.99   -0.28  273.03    9.74   -0.94    1644    1644
  2.500   5.216   3.281    0.39  283.46    2.78   -0.37  267.79   10.80   -0.85    1644    1644
  3.000   3.825   2.622    0.68  281.13    2.64   -0.40  263.51   10.67   -0.64    1644    1644
  3.500   2.770   1.962    0.97  278.60    2.60   -0.40  259.49   10.22   -0.63    1644    1644
  4.000   2.114   1.579    1.18  275.86    2.58   -0.32  256.09    9.99   -0.52    1644    1644
  4.500   1.637   1.247    1.38  272.95    2.60   -0.28  253.08    9.72   -0.51    1644    1644
  5.000   1.268   0.955    1.50  269.90    2.65   -0.23  250.26    9.28   -0.54    1644    1644
  5.500   0.985   0.775    1.59  266.72    2.75   -0.21  247.27    9.23   -0.44    1644    1644
  6.000   0.760   0.598    1.73  263.45    2.84   -0.22  244.57    8.75   -0.40    1644    1644
  6.500   0.594   0.473    1.79  260.04    2.94   -0.17  241.92    8.57   -0.36    1644    1644
  7.000   0.467   0.375    1.68  256.54    3.00   -0.13  239.30    8.59   -0.37    1644    1644
  7.500   0.359   0.284    1.69  252.95    3.05   -0.10  236.76    8.15   -0.34    1644    1644
  8.000   0.273   0.218    1.60  249.34    3.07   -0.08  234.10    7.99   -0.30    1629    1629
  8.500   0.205   0.161    1.43  245.70    3.06   -0.10  231.37    7.84   -0.35    1628    1628
  9.000   0.147   0.110    1.37  242.00    3.04   -0.12  228.38    7.44   -0.44    1628    1628
  9.500   0.091   0.074    1.31  238.27    3.03   -0.15  225.22    6.68   -0.41    1487    1487
 10.000   0.061   0.046    1.23  234.50    3.02   -0.18  221.86    6.13   -0.53    1487    1487
 10.500   0.039   0.028    1.07  230.70    2.95   -0.14  218.45    5.47   -0.51    1485    1485
 11.000   0.025   0.018    0.88  226.97    2.82   -0.12  215.11    5.13   -0.68    1461    1461
 11.500   0.016   0.011    0.74  223.29    2.69   -0.05  211.81    4.70   -0.74    1461    1461
 12.000   0.010   0.007    0.49  219.79    2.53    0.04  208.71    4.25   -0.89    1417    1417
 12.500 999.900 999.900  999.90  216.42    2.46    0.07  205.60    4.29   -0.92     967     967
 13.000 999.900 999.900  999.90  213.28    2.38    0.28  202.27    4.71   -0.72     505     505
 13.500 999.900 999.900  999.90  210.42    2.40    0.44  197.13    5.90    0.17      89      89
 14.000 999.900 999.900  999.90  207.86    2.54    0.42  194.58    6.58    0.63      28      28
 14.500 999.900 999.900  999.90  205.70    2.55    0.37  999.90  999.90  999.90       0       0
 15.000 999.900 999.900  999.90  203.83    2.68    0.27  999.90  999.90  999.90       0       0
 15.500 999.900 999.900  999.90  202.22    2.79    0.20  999.90  999.90  999.90       0       0
 16.000 999.900 999.900  999.90  200.90    2.88    0.06  999.90  999.90  999.90       0       0
 16.500 999.900 999.900  999.90  199.92    2.99    0.12  999.90  999.90  999.90       0       0
 17.000 999.900 999.900  999.90  199.39    3.17    0.05  999.90  999.90  999.90       0       0
 17.500 999.900 999.900  999.90  199.48    3.37    0.00  999.90  999.90  999.90       0       0
 18.000 999.900 999.900  999.90  200.24    3.57    0.17  999.90  999.90  999.90       0       0
 18.500 999.900 999.900  999.90  201.65    3.46    0.16  999.90  999.90  999.90       0       0
 19.000 999.900 999.900  999.90  203.40    3.33    0.14  999.90  999.90  999.90       0       0
 19.500 999.900 999.900  999.90  205.25    3.21    0.21  999.90  999.90  999.90       0       0
 20.000 999.900 999.900  999.90  206.97    2.97    0.11  999.90  999.90  999.90       0       0
 20.500 999.900 999.900  999.90  208.48    2.83    0.06  999.90  999.90  999.90       0       0
 21.000 999.900 999.900  999.90  210.01    2.69   -0.09  999.90  999.90  999.90       0       0
 21.500 999.900 999.900  999.90  211.27    2.63   -0.08  999.90  999.90  999.90       0       0
 22.000 999.900 999.900  999.90  212.42    2.51   -0.15  999.90  999.90  999.90       0       0
 22.500 999.900 999.900  999.90  213.50    2.46   -0.16  999.90  999.90  999.90       0       0
 23.000 999.900 999.900  999.90  214.49    2.42   -0.09  999.90  999.90  999.90       0       0
 23.500 999.900 999.900  999.90  215.45    2.44   -0.03  999.90  999.90  999.90       0       0
 24.000 999.900 999.900  999.90  216.45    2.48    0.08  999.90  999.90  999.90       0       0
 24.500 999.900 999.900  999.90  217.38    2.60    0.06  999.90  999.90  999.90       0       0
 25.000 999.900 999.900  999.90  218.30    2.75    0.00  999.90  999.90  999.90       0       0
 25.500 999.900 999.900  999.90  219.22    2.84   -0.02  999.90  999.90  999.90       0       0
 26.000 999.900 999.900  999.90  220.02    2.90   -0.01  999.90  999.90  999.90       0       0
 26.500 999.900 999.900  999.90  220.92    3.07    0.03  999.90  999.90  999.90       0       0
 27.000 999.900 999.900  999.90  221.81    3.16    0.05  999.90  999.90  999.90       0       0
 27.500 999.900 999.900  999.90  222.73    3.19    0.09  999.90  999.90  999.90       0       0
 28.000 999.900 999.900  999.90  223.57    3.25    0.16  999.90  999.90  999.90       0       0
 28.500 999.900 999.900  999.90  224.28    3.31    0.19  999.90  999.90  999.90       0       0
 29.000 999.900 999.900  999.90  224.92    3.49    0.20  999.90  999.90  999.90       0       0
 29.500 999.900 999.900  999.90  225.66    3.66    0.19  999.90  999.90  999.90       0       0
 30.000 999.900 999.900  999.90  226.40    3.71    0.16  999.90  999.90  999.90       0       0
  T A B L E  III -  12.  M O I S T U R E  R E L A T E D  S T A T I S T I C A L  P A R A M E T E R S
                                  December
 Station =   74794      Cape Canaveral Air Force Station
      Z VAPOR P   SD VP SKEW VP      TV      TV SKEW TV DEWPT T  SD DPT SKW DPT NOBS TP NOBS TV   
           MEAN                    MEAN      SD            MEAN                                   
     KM      MB      MB          KELVIN  KELVIN          KELVIN  KELVIN                           
  0.000  16.000   6.000    0.00  291.00    6.00    0.00  290.00    7.00    0.00       0       0
  0.004  17.643   5.715   -0.16  293.20    5.93   -0.59  287.84    5.73   -0.85    1728    1728
  0.500  15.180   5.053   -0.41  291.68    4.50   -0.97  285.38    6.30   -1.38    1728    1728
  1.000  12.077   4.764   -0.64  288.50    3.96   -0.81  281.19    8.71   -1.85    1728    1728
  1.500   9.132   4.502   -0.34  286.09    3.60   -0.66  276.27   10.25   -1.26    1728    1728
  2.000   6.463   3.734    0.16  284.26    3.33   -0.37  271.12   10.16   -0.78    1728    1728
  2.500   4.690   3.028    0.54  282.36    3.07   -0.28  266.56   10.06   -0.51    1728    1728
  3.000   3.532   2.448    0.81  280.08    2.91   -0.32  262.74    9.89   -0.37    1728    1728
  3.500   2.649   1.907    0.98  277.47    2.82   -0.29  259.02    9.79   -0.34    1728    1728
  4.000   2.031   1.544    1.18  274.65    2.79   -0.29  255.50   10.17   -0.55    1728    1728
  4.500   1.533   1.182    1.36  271.69    2.77   -0.33  252.24    9.75   -0.48    1728    1728
  5.000   1.179   0.896    1.49  268.62    2.83   -0.33  249.34    9.43   -0.57    1727    1727
  5.500   0.954   0.730    1.44  265.48    2.96   -0.23  246.98    9.15   -0.48    1727    1727
  6.000   0.759   0.564    1.38  262.17    3.07   -0.21  244.67    8.69   -0.50    1727    1727
  6.500   0.599   0.437    1.34  258.82    3.17   -0.24  242.19    8.45   -0.55    1727    1727
  7.000   0.466   0.340    1.37  255.33    3.22   -0.26  239.61    8.21   -0.55    1727    1727
  7.500   0.366   0.257    1.21  251.74    3.20   -0.23  237.27    7.80   -0.50    1727    1727
  8.000   0.271   0.185    1.07  248.05    3.21   -0.19  234.67    7.23   -0.53    1699    1699
  8.500   0.195   0.130    1.05  244.32    3.20   -0.17  231.63    6.81   -0.53    1699    1699
  9.000   0.136   0.087    1.03  240.53    3.15   -0.17  228.43    6.29   -0.51    1699    1699
  9.500   0.087   0.059    0.93  236.62    3.15   -0.10  225.09    5.70   -0.41    1600    1600
 10.000   0.057   0.037    0.81  232.76    3.10   -0.03  221.51    5.33   -0.55    1600    1600
 10.500   0.037   0.023    0.73  229.00    3.01    0.07  218.06    4.79   -0.50    1600    1600
 11.000   0.024   0.015    0.65  225.32    2.93    0.20  214.74    4.41   -0.65    1580    1580
 11.500   0.016   0.009    0.46  221.82    2.87    0.34  211.51    3.92   -0.67    1576    1576
 12.000 999.900 999.900  999.90  218.53    2.92    0.42  208.57    3.67   -0.76    1449    1449
 12.500 999.900 999.900  999.90  215.58    3.06    0.47  206.22    3.95   -0.98     873     873
 13.000 999.900 999.900  999.90  213.03    3.13    0.40  204.30    4.39   -1.15     563     563
 13.500 999.900 999.900  999.90  210.91    3.15    0.17  202.53    5.16   -0.99     230     230
 14.000 999.900 999.900  999.90  209.03    3.06   -0.10  201.67    4.85   -1.25      94      94
 14.500 999.900 999.900  999.90  207.23    2.84   -0.19  999.90  999.90  999.90       0       0
 15.000 999.900 999.900  999.90  205.53    2.67   -0.21  999.90  999.90  999.90       0       0
 15.500 999.900 999.900  999.90  203.90    2.61   -0.12  999.90  999.90  999.90       0       0
 16.000 999.900 999.900  999.90  202.32    2.64   -0.23  999.90  999.90  999.90       0       0
 16.500 999.900 999.900  999.90  200.99    2.89   -0.23  999.90  999.90  999.90       0       0
 17.000 999.900 999.900  999.90  200.00    3.11   -0.22  999.90  999.90  999.90       0       0
 17.500 999.900 999.900  999.90  199.53    3.31   -0.14  999.90  999.90  999.90       0       0
 18.000 999.900 999.900  999.90  199.71    3.52   -0.03  999.90  999.90  999.90       0       0
 18.500 999.900 999.900  999.90  200.48    3.54    0.02  999.90  999.90  999.90       0       0
 19.000 999.900 999.900  999.90  201.78    3.55    0.03  999.90  999.90  999.90       0       0
 19.500 999.900 999.900  999.90  203.33    3.55    0.08  999.90  999.90  999.90       0       0
 20.000 999.900 999.900  999.90  205.05    3.26    0.11  999.90  999.90  999.90       0       0
 20.500 999.900 999.900  999.90  206.57    3.09    0.11  999.90  999.90  999.90       0       0
 21.000 999.900 999.900  999.90  208.11    3.00    0.18  999.90  999.90  999.90       0       0
 21.500 999.900 999.900  999.90  209.43    2.88    0.25  999.90  999.90  999.90       0       0
 22.000 999.900 999.900  999.90  210.68    2.85    0.37  999.90  999.90  999.90       0       0
 22.500 999.900 999.900  999.90  211.86    2.86    0.44  999.90  999.90  999.90       0       0
 23.000 999.900 999.900  999.90  212.86    2.88    0.41  999.90  999.90  999.90       0       0
 23.500 999.900 999.900  999.90  213.79    2.94    0.38  999.90  999.90  999.90       0       0
 24.000 999.900 999.900  999.90  214.73    3.05    0.47  999.90  999.90  999.90       0       0
 24.500 999.900 999.900  999.90  215.66    3.13    0.44  999.90  999.90  999.90       0       0
 25.000 999.900 999.900  999.90  216.62    3.20    0.37  999.90  999.90  999.90       0       0
 25.500 999.900 999.900  999.90  217.57    3.25    0.36  999.90  999.90  999.90       0       0
 26.000 999.900 999.900  999.90  218.48    3.38    0.34  999.90  999.90  999.90       0       0
 26.500 999.900 999.900  999.90  219.37    3.54    0.29  999.90  999.90  999.90       0       0
 27.000 999.900 999.900  999.90  220.23    3.57    0.40  999.90  999.90  999.90       0       0
 27.500 999.900 999.900  999.90  221.11    3.72    0.40  999.90  999.90  999.90       0       0
 28.000 999.900 999.900  999.90  221.96    3.87    0.32  999.90  999.90  999.90       0       0
 28.500 999.900 999.900  999.90  222.82    3.98    0.36  999.90  999.90  999.90       0       0
 29.000 999.900 999.900  999.90  223.57    4.10    0.42  999.90  999.90  999.90       0       0
 29.500 999.900 999.900  999.90  224.54    4.26    0.41  999.90  999.90  999.90       0       0
 30.000 999.900 999.900  999.90  225.44    4.36    0.36  999.90  999.90  999.90       0       0
  T A B L E  III -  13.  M O I S T U R E  R E L A T E D  S T A T I S T I C A L  P A R A M E T E R S
                                    Annual
 Station =   74794      Cape Canaveral Air Force Station
      Z VAPOR P   SD VP SKEW VP      TV      TV SKEW TV DEWPT T  SD DPT SKW DPT NOBS TP NOBS TV   
           MEAN                    MEAN      SD            MEAN                                   
     KM      MB      MB          KELVIN  KELVIN          KELVIN  KELVIN                           
  0.000  16.000   6.000    0.00  291.00    6.00    0.00  290.00    7.00    0.00       0       0
  0.004  22.718   6.934   -0.53  298.48    6.50   -0.91  291.84    5.93   -1.30   22263   22263
  0.500  19.200   6.034   -0.61  295.76    5.08   -1.18  289.08    6.28   -1.61   22263   22263
  1.000  15.167   5.094   -0.73  292.29    4.86   -1.00  285.14    7.37   -2.23   22263   22263
  1.500  11.749   4.803   -0.61  289.29    4.40   -0.93  280.58    9.29   -1.95   22263   22263
  2.000   8.732   4.287   -0.27  286.75    3.88   -0.94  275.71   10.10   -1.38   22262   22262
  2.500   6.585   3.641   -0.02  284.24    3.48   -0.91  271.31   10.61   -1.14   22262   22262
  3.000   5.059   3.007    0.16  281.55    3.22   -0.89  267.52   10.64   -0.96   22261   22261
  3.500   3.915   2.466    0.31  278.72    3.10   -0.84  263.96   10.74   -0.90   22244   22244
  4.000   3.071   2.065    0.46  275.79    3.07   -0.77  260.59   10.89   -0.80   22241   22241
  4.500   2.406   1.713    0.64  272.80    3.10   -0.75  257.39   10.81   -0.68   22240   22240
  5.000   1.862   1.381    0.80  269.79    3.21   -0.71  254.21   10.65   -0.62   22234   22234
  5.500   1.449   1.118    0.91  266.73    3.36   -0.67  251.14   10.55   -0.53   22232   22232
  6.000   1.117   0.875    1.02  263.58    3.51   -0.64  248.23   10.21   -0.51   22229   22229
  6.500   0.862   0.683    1.08  260.34    3.67   -0.61  245.35    9.98   -0.50   22220   22220
  7.000   0.662   0.527    1.12  256.99    3.84   -0.57  242.51    9.72   -0.49   22220   22220
  7.500   0.498   0.392    1.14  253.55    3.97   -0.52  239.68    9.28   -0.49   22218   22218
  8.000   0.368   0.291    1.15  250.03    4.09   -0.49  236.83    8.83   -0.45   21991   21991
  8.500   0.266   0.210    1.21  246.41    4.17   -0.47  233.68    8.45   -0.43   21989   21989
  9.000   0.187   0.144    1.25  242.71    4.20   -0.45  230.44    7.95   -0.43   21984   21984
  9.500   0.117   0.099    1.28  238.85    4.24   -0.41  227.15    7.28   -0.36   20127   20127
 10.000   0.078   0.065    1.30  235.02    4.18   -0.39  223.61    6.82   -0.36   20125   20125
 10.500   0.050   0.041    1.33  231.20    4.05   -0.37  220.03    6.24   -0.35   20120   20120
 11.000   0.032   0.025    1.30  227.42    3.87   -0.35  216.51    5.77   -0.43   19851   19851
 11.500   0.020   0.015    1.21  223.79    3.58   -0.32  213.15    5.26   -0.49   19797   19797
 12.000   0.013   0.010    0.95  220.36    3.27   -0.28  210.06    4.80   -0.71   18869   18869
 12.500 999.900 999.900  999.90  217.18    3.00   -0.20  207.29    4.69   -1.12   15069   15069
 13.000 999.900 999.900  999.90  214.28    2.79    0.01  204.43    4.86   -1.25   10367   10367
 13.500 999.900 999.900  999.90  211.62    2.78    0.26  200.98    6.11   -0.74    2953    2953
 14.000 999.900 999.900  999.90  209.23    2.91    0.37  199.69    6.32   -0.74    1381    1381
 14.500 999.900 999.900  999.90  207.11    3.02    0.35  199.66    5.67   -0.56     273     273
 15.000 999.900 999.900  999.90  205.24    3.16    0.22  197.46    4.28    0.20      40      40
 15.500 999.900 999.900  999.90  203.68    3.25    0.04  999.90  999.90  999.90       0       0
 16.000 999.900 999.900  999.90  202.48    3.31   -0.15  999.90  999.90  999.90       0       0
 16.500 999.900 999.900  999.90  201.72    3.42   -0.30  999.90  999.90  999.90       0       0
 17.000 999.900 999.900  999.90  201.44    3.54   -0.40  999.90  999.90  999.90       0       0
 17.500 999.900 999.900  999.90  201.66    3.64   -0.42  999.90  999.90  999.90       0       0
 18.000 999.900 999.900  999.90  202.33    3.75   -0.41  999.90  999.90  999.90       0       0
 18.500 999.900 999.900  999.90  203.44    3.74   -0.44  999.90  999.90  999.90       0       0
 19.000 999.900 999.900  999.90  204.83    3.70   -0.47  999.90  999.90  999.90       0       0
 19.500 999.900 999.900  999.90  206.36    3.62   -0.50  999.90  999.90  999.90       0       0
 20.000 999.900 999.900  999.90  207.90    3.40   -0.55  999.90  999.90  999.90       0       0
 20.500 999.900 999.900  999.90  209.38    3.25   -0.56  999.90  999.90  999.90       0       0
 21.000 999.900 999.900  999.90  210.79    3.12   -0.55  999.90  999.90  999.90       0       0
 21.500 999.900 999.900  999.90  212.05    3.00   -0.54  999.90  999.90  999.90       0       0
 22.000 999.900 999.900  999.90  213.24    2.94   -0.50  999.90  999.90  999.90       0       0
 22.500 999.900 999.900  999.90  214.41    2.93   -0.47  999.90  999.90  999.90       0       0
 23.000 999.900 999.900  999.90  215.44    2.94   -0.47  999.90  999.90  999.90       0       0
 23.500 999.900 999.900  999.90  216.43    2.98   -0.45  999.90  999.90  999.90       0       0
 24.000 999.900 999.900  999.90  217.44    3.02   -0.44  999.90  999.90  999.90       0       0
 24.500 999.900 999.900  999.90  218.42    3.07   -0.46  999.90  999.90  999.90       0       0
 25.000 999.900 999.900  999.90  219.37    3.13   -0.45  999.90  999.90  999.90       0       0
 25.500 999.900 999.900  999.90  220.36    3.16   -0.47  999.90  999.90  999.90       0       0
 26.000 999.900 999.900  999.90  221.27    3.20   -0.45  999.90  999.90  999.90       0       0
 26.500 999.900 999.900  999.90  222.23    3.30   -0.42  999.90  999.90  999.90       0       0
 27.000 999.900 999.900  999.90  223.16    3.33   -0.43  999.90  999.90  999.90       0       0
 27.500 999.900 999.900  999.90  224.08    3.38   -0.43  999.90  999.90  999.90       0       0
 28.000 999.900 999.900  999.90  225.02    3.46   -0.40  999.90  999.90  999.90       0       0
 28.500 999.900 999.900  999.90  225.90    3.51   -0.44  999.90  999.90  999.90       0       0
 29.000 999.900 999.900  999.90  226.74    3.60   -0.44  999.90  999.90  999.90       0       0
 29.500 999.900 999.900  999.90  227.64    3.66   -0.41  999.90  999.90  999.90       0       0
 30.000 999.900 999.900  999.90  228.49    3.69   -0.44  999.90  999.90  999.90       0       0
