      74612      35.68N  117.68W
  T A B L E  III -   1.  M O I S T U R E  R E L A T E D  S T A T I S T I C A L  P A R A M E T E R S
                                   January
 STATION =   746120     CHINA LAKE NAWS, CA
      Z VAPOR P   SD VP SKEW VP      TV      TV SKEW TV DEWPT T  SD DPT SKW DPT NOBS TP NOBS TV   
           MEAN                    MEAN      SD            MEAN                                   
     KM      MB      MB          KELVIN  KELVIN          KELVIN  KELVIN                           
  0.000  16.000   6.000    0.00  291.00    6.00    0.00  290.00    7.00    0.00       0       0
  0.665   4.476   2.210    0.93  282.18    7.49   -0.39  267.44    6.88   -0.37     629     629
  1.000   3.903   1.850    1.11  282.85    4.04   -0.16  265.83    6.36   -0.63     629     629
  1.500   3.287   1.658    1.12  280.47    4.35   -0.18  263.46    6.57   -0.40     629     629
  2.000   2.671   1.537    1.05  278.15    4.60   -0.23  260.29    7.76   -0.53     629     629
  2.500   2.083   1.416    1.02  275.74    4.75   -0.40  256.21    9.70   -0.71     629     629
  3.000   1.620   1.242    1.09  273.15    4.71   -0.63  252.28   11.09   -0.69     629     629
  3.500   1.266   1.055    1.12  270.43    4.65   -0.78  248.72   11.86   -0.59     629     629
  4.000   0.988   0.879    1.14  267.41    4.67   -0.84  245.39   12.20   -0.42     629     629
  4.500   0.759   0.683    1.23  264.25    4.74   -0.88  242.47   12.03   -0.44     629     629
  5.000   0.590   0.520    1.20  260.84    4.75   -0.93  240.16   11.28   -0.44     629     629
  5.500   0.472   0.407    1.05  257.30    4.74   -0.99  237.84   11.27   -0.54     629     629
  6.000   0.371   0.321    1.11  253.65    4.72   -1.02  235.48   10.93   -0.55     628     628
  6.500   0.272   0.244    1.30  249.92    4.77   -0.98  232.50   10.73   -0.58     622     622
  7.000   0.202   0.191    1.43  246.22    4.62   -0.76  229.44   10.69   -0.49     619     619
  7.500   0.142   0.139    1.52  242.46    4.37   -0.44  226.19   10.59   -0.50     612     612
  8.000   0.095   0.094    1.47  238.71    4.14   -0.17  223.06   10.20   -0.58     591     591
  8.500   0.063   0.062    1.51  234.92    3.95   -0.02  219.89    9.60   -0.62     583     583
  9.000   0.042   0.040    1.34  231.21    3.86    0.16  216.79    9.10   -0.69     577     577
  9.500   0.025   0.025    1.43  227.56    3.84    0.29  213.03    8.48   -0.59     555     555
 10.000   0.015   0.016    1.54  224.12    3.84    0.41  209.58    7.77   -0.48     540     540
 10.500 999.900 999.900  999.90  221.13    4.22    0.79  206.15    7.21   -0.36     529     529
 11.000 999.900 999.900  999.90  218.69    4.85    0.96  203.37    7.01   -0.14     436     436
 11.500 999.900 999.900  999.90  216.97    5.56    0.86  200.25    7.66    0.14     310     310
 12.000 999.900 999.900  999.90  216.04    6.09    0.55  196.74    7.59    0.68     260     260
 12.500 999.900 999.900  999.90  215.95    6.09    0.02  193.71    7.28    1.19     258     258
 13.000 999.900 999.900  999.90  216.00    5.41   -0.27  191.60    6.92    1.64     264     264
 13.500 999.900 999.900  999.90  215.66    4.59   -0.20  189.94    6.90    1.78     241     241
 14.000 999.900 999.900  999.90  214.97    4.03   -0.07  188.98    7.17    1.87     201     201
 14.500 999.900 999.900  999.90  213.94    3.70   -0.03  188.22    7.13    1.92     173     173
 15.000 999.900 999.900  999.90  212.80    3.63    0.08  187.82    7.36    1.90     138     138
 15.500 999.900 999.900  999.90  211.72    3.62    0.02  187.90    7.71    1.65     102     102
 16.000 999.900 999.900  999.90  210.73    3.69   -0.09  188.09    7.93    1.39      75      75
 16.500 999.900 999.900  999.90  209.75    3.78   -0.22  188.25    7.85    1.29      48      48
 17.000 999.900 999.900  999.90  209.06    3.74   -0.19  188.57    8.47    1.08      35      35
 17.500 999.900 999.900  999.90  208.64    3.68   -0.20  188.91    8.58    0.86      24      24
 18.000 999.900 999.900  999.90  208.59    3.67   -0.23  189.29    8.80    0.89      18      18
 18.500 999.900 999.900  999.90  208.72    3.54   -0.28  190.55    9.12    0.54      14      14
 19.000 999.900 999.900  999.90  209.07    3.21   -0.11  189.04    9.09    0.88      17      17
 19.500 999.900 999.900  999.90  209.45    3.11    0.01  189.45    9.24    0.89      17      17
 20.000 999.900 999.900  999.90  210.20    3.05   -0.25  188.78    8.57    0.98      21      21
 20.500 999.900 999.900  999.90  210.98    2.73   -0.29  188.73    8.30    1.06      23      23
 21.000 999.900 999.900  999.90  211.74    2.68   -0.54  186.51    6.62    1.89      27      27
 21.500 999.900 999.900  999.90  212.55    2.45   -0.14  186.93    6.87    1.75      33      33
 22.000 999.900 999.900  999.90  213.02    2.46   -0.31  188.30    8.10    1.35      37      37
 22.500 999.900 999.900  999.90  213.69    2.39   -0.21  187.97    7.86    1.50      37      37
 23.000 999.900 999.900  999.90  214.04    2.42   -0.05  187.05    6.58    1.79      36      36
 23.500 999.900 999.900  999.90  214.66    2.61    0.00  187.75    7.03    1.69      33      33
 24.000 999.900 999.900  999.90  215.15    2.51   -0.29  186.95    6.82    1.97      40      40
 24.500 999.900 999.900  999.90  215.85    2.69   -0.42  187.09    6.07    2.22      39      39
 25.000 999.900 999.900  999.90  216.52    2.82   -0.19  186.30    3.77    2.03      41      41
 25.500 999.900 999.900  999.90  217.19    2.77   -0.17  185.80    2.38    0.25      42      42
 26.000 999.900 999.900  999.90  217.78    2.59   -0.42  185.87    2.01    0.11      43      43
 26.500 999.900 999.900  999.90  218.26    2.59   -0.39  185.83    2.17    0.51      45      45
 27.000 999.900 999.900  999.90  218.79    2.63   -0.24  186.35    2.31    0.47      47      47
 27.500 999.900 999.900  999.90  219.48    2.74   -0.50  186.77    2.40    0.38      46      46
 28.000 999.900 999.900  999.90  220.05    2.87   -0.63  187.16    2.54    0.33      47      47
 28.500 999.900 999.900  999.90  220.75    2.90   -0.45  187.80    2.58    0.31      46      46
 29.000 999.900 999.900  999.90  221.22    3.01   -0.55  188.17    2.42    0.27      45      45
 29.500 999.900 999.900  999.90  221.99    3.27   -0.73  188.62    2.56    0.21      45      45
 30.000 999.900 999.900  999.90  222.87    3.37   -0.51  189.35    2.64   -0.09      44      44
  T A B L E  III -   2.  M O I S T U R E  R E L A T E D  S T A T I S T I C A L  P A R A M E T E R S
                                  February
 STATION =   746120     CHINA LAKE NAWS, CA
      Z VAPOR P   SD VP SKEW VP      TV      TV SKEW TV DEWPT T  SD DPT SKW DPT NOBS TP NOBS TV   
           MEAN                    MEAN      SD            MEAN                                   
     KM      MB      MB          KELVIN  KELVIN          KELVIN  KELVIN                           
  0.000  16.000   6.000    0.00  291.00    6.00    0.00  290.00    7.00    0.00       0       0
  0.665   5.076   2.410    0.73  285.11    7.70   -0.40  269.19    6.75   -0.32     653     653
  1.000   4.227   1.970    0.67  284.48    4.42    0.08  266.83    6.48   -0.29     653     653
  1.500   3.564   1.703    0.68  281.11    4.50    0.08  264.52    6.64   -0.44     653     653
  2.000   2.921   1.506    0.58  277.88    4.72    0.01  261.61    7.59   -0.87     653     653
  2.500   2.284   1.391    0.65  274.91    4.91   -0.14  257.62    9.56   -1.07     653     653
  3.000   1.734   1.187    0.72  272.10    5.06   -0.38  253.61   10.46   -0.86     653     653
  3.500   1.330   0.973    0.84  269.15    5.12   -0.51  250.20   10.66   -0.74     653     653
  4.000   1.028   0.793    0.90  266.07    5.09   -0.62  246.86   11.15   -0.73     652     652
  4.500   0.798   0.651    1.06  262.79    5.01   -0.64  243.88   11.03   -0.55     652     652
  5.000   0.623   0.542    1.20  259.47    4.96   -0.74  240.73   11.58   -0.59     651     651
  5.500   0.470   0.420    1.24  256.01    4.92   -0.80  237.71   11.37   -0.55     651     651
  6.000   0.341   0.310    1.23  252.52    4.89   -0.75  234.40   11.17   -0.47     649     649
  6.500   0.245   0.235    1.39  248.96    4.72   -0.62  231.18   10.91   -0.44     643     643
  7.000   0.176   0.172    1.58  245.25    4.62   -0.54  228.20   10.54   -0.46     639     639
  7.500   0.124   0.127    1.79  241.50    4.44   -0.46  225.00   10.40   -0.42     628     628
  8.000   0.082   0.085    1.70  237.71    4.25   -0.41  221.89    9.91   -0.46     607     607
  8.500   0.054   0.056    1.69  233.96    3.95   -0.28  218.59    9.40   -0.51     599     599
  9.000   0.034   0.035    1.55  230.30    3.67   -0.08  215.27    8.79   -0.47     584     584
  9.500   0.020   0.022    1.68  226.73    3.43    0.25  211.61    8.31   -0.46     553     553
 10.000   0.012   0.013    1.52  223.55    3.51    0.48  208.10    7.76   -0.39     540     540
 10.500 999.900 999.900  999.90  220.71    3.90    0.63  204.88    7.09   -0.31     524     524
 11.000 999.900 999.900  999.90  218.68    4.68    0.64  201.48    6.81   -0.17     436     436
 11.500 999.900 999.900  999.90  217.60    5.43    0.49  198.01    6.47    0.27     347     347
 12.000 999.900 999.900  999.90  217.44    5.86    0.08  194.57    5.90    0.96     313     313
 12.500 999.900 999.900  999.90  217.58    5.74   -0.45  191.78    5.19    1.62     324     324
 13.000 999.900 999.900  999.90  217.72    4.77   -0.64  189.82    4.89    1.94     336     336
 13.500 999.900 999.900  999.90  217.24    3.77   -0.35  188.23    4.38    2.24     337     337
 14.000 999.900 999.900  999.90  216.24    3.33   -0.16  187.05    4.17    2.35     301     301
 14.500 999.900 999.900  999.90  214.88    3.18    0.01  186.30    3.70    2.86     231     231
 15.000 999.900 999.900  999.90  213.56    3.32    0.21  185.36    2.73    2.33     183     183
 15.500 999.900 999.900  999.90  212.49    3.48    0.25  185.03    2.27    1.54     129     129
 16.000 999.900 999.900  999.90  211.39    3.67    0.25  184.59    1.65    1.58      95      95
 16.500 999.900 999.900  999.90  210.37    3.70    0.25  184.48    1.52    1.35      58      58
 17.000 999.900 999.900  999.90  209.71    3.58    0.25  184.24    1.60    1.61      46      46
 17.500 999.900 999.900  999.90  209.34    3.60    0.29  184.29    1.65    0.93      38      38
 18.000 999.900 999.900  999.90  209.56    3.53    0.18  184.55    2.75    3.35      36      36
 18.500 999.900 999.900  999.90  209.73    3.46    0.16  184.28    1.52    1.64      31      31
 19.000 999.900 999.900  999.90  209.63    3.20    0.22  184.09    1.69    1.81      24      24
 19.500 999.900 999.900  999.90  210.04    3.02    0.19  185.05    4.36    3.42      22      22
 20.000 999.900 999.900  999.90  210.43    3.11   -0.17  184.99    4.22    2.75      25      25
 20.500 999.900 999.900  999.90  210.89    3.08   -0.31  184.62    1.77    0.85      15      15
 21.000 999.900 999.900  999.90  211.41    2.93   -0.30  184.67    1.76    1.20      16      16
 21.500 999.900 999.900  999.90  212.00    2.66   -0.23  184.26    1.54    1.24      20      20
 22.000 999.900 999.900  999.90  212.76    2.38   -0.48  183.98    0.98    0.77      23      23
 22.500 999.900 999.900  999.90  213.17    2.22   -0.11  183.98    1.16    0.38      22      22
 23.000 999.900 999.900  999.90  213.76    2.26   -0.12  184.13    1.41    0.64      24      24
 23.500 999.900 999.900  999.90  214.41    2.01   -0.05  184.06    1.18    0.58      31      31
 24.000 999.900 999.900  999.90  214.93    2.24    0.24  184.43    1.55    0.64      34      34
 24.500 999.900 999.900  999.90  215.64    2.12    0.10  184.38    1.53    0.79      41      41
 25.000 999.900 999.900  999.90  216.05    2.10    0.20  184.53    1.64    0.71      41      41
 25.500 999.900 999.900  999.90  216.41    2.01    0.27  184.82    1.54    0.56      44      44
 26.000 999.900 999.900  999.90  217.13    2.17    0.34  185.01    1.80    0.51      47      47
 26.500 999.900 999.900  999.90  217.78    2.39    0.32  185.30    1.99    0.67      47      47
 27.000 999.900 999.900  999.90  218.50    2.63    0.43  185.74    2.32    1.21      48      48
 27.500 999.900 999.900  999.90  219.32    2.85    0.74  186.29    2.08    0.79      48      48
 28.000 999.900 999.900  999.90  220.25    2.99    0.61  186.94    2.32    1.10      47      47
 28.500 999.900 999.900  999.90  220.85    3.09    0.37  187.32    2.41    0.60      47      47
 29.000 999.900 999.900  999.90  221.50    2.95    0.35  187.88    2.37    0.43      46      46
 29.500 999.900 999.900  999.90  222.36    2.98    0.33  188.68    2.37    0.25      44      44
 30.000 999.900 999.900  999.90  223.32    3.23    0.23  189.33    2.61    0.46      44      44
  T A B L E  III -   3.  M O I S T U R E  R E L A T E D  S T A T I S T I C A L  P A R A M E T E R S
                                     March
 STATION =   746120     CHINA LAKE NAWS, CA
      Z VAPOR P   SD VP SKEW VP      TV      TV SKEW TV DEWPT T  SD DPT SKW DPT NOBS TP NOBS TV   
           MEAN                    MEAN      SD            MEAN                                   
     KM      MB      MB          KELVIN  KELVIN          KELVIN  KELVIN                           
  0.000  16.000   6.000    0.00  291.00    6.00    0.00  290.00    7.00    0.00       0       0
  0.665   5.288   2.140    0.65  289.52    7.87   -0.33  270.11    5.85   -0.45     834     834
  1.000   4.347   1.670    0.29  287.87    4.74    0.01  267.56    5.61   -0.62     834     834
  1.500   3.676   1.445    0.40  284.32    4.54   -0.14  265.35    5.53   -0.48     834     834
  2.000   3.092   1.319    0.34  280.60    4.47   -0.28  262.91    6.14   -0.70     834     834
  2.500   2.468   1.244    0.36  277.08    4.39   -0.40  259.30    8.28   -1.41     834     834
  3.000   1.828   1.137    0.59  273.95    4.28   -0.53  254.58   10.18   -1.11     834     834
  3.500   1.347   0.959    0.78  270.92    4.21   -0.65  250.30   10.91   -0.83     834     834
  4.000   1.012   0.792    0.97  267.79    4.17   -0.66  246.60   11.23   -0.65     832     832
  4.500   0.752   0.608    0.98  264.53    4.12   -0.64  243.03   11.44   -0.63     832     832
  5.000   0.591   0.491    1.03  261.07    4.07   -0.66  240.41   11.30   -0.62     831     831
  5.500   0.452   0.395    1.23  257.52    4.04   -0.67  237.56   11.05   -0.51     829     829
  6.000   0.340   0.302    1.18  253.87    4.03   -0.65  234.61   10.84   -0.46     829     829
  6.500   0.246   0.230    1.38  250.11    4.02   -0.61  231.63   10.52   -0.44     813     813
  7.000   0.177   0.168    1.42  246.29    4.04   -0.51  228.57   10.18   -0.40     811     811
  7.500   0.124   0.118    1.44  242.39    4.02   -0.45  225.63    9.48   -0.35     804     804
  8.000   0.084   0.082    1.60  238.49    3.92   -0.27  222.54    8.98   -0.34     782     782
  8.500   0.057   0.054    1.62  234.55    3.83   -0.14  219.35    8.69   -0.47     776     776
  9.000   0.037   0.035    1.44  230.67    3.68    0.00  216.12    8.10   -0.41     772     772
  9.500   0.023   0.024    1.91  226.92    3.52    0.17  212.69    7.57   -0.34     745     745
 10.000   0.014   0.014    1.94  223.28    3.24    0.32  208.97    6.98   -0.25     722     722
 10.500 999.900 999.900  999.90  220.01    3.26    0.52  205.55    6.36   -0.28     709     709
 11.000 999.900 999.900  999.90  217.34    3.64    0.83  202.09    5.93   -0.26     584     584
 11.500 999.900 999.900  999.90  215.62    4.46    0.83  198.41    6.20    0.09     394     394
 12.000 999.900 999.900  999.90  214.82    5.40    0.50  194.36    5.63    0.62     318     318
 12.500 999.900 999.900  999.90  215.05    5.65    0.03  191.86    4.74    0.88     330     330
 13.000 999.900 999.900  999.90  215.71    5.03   -0.38  189.53    4.06    1.12     367     367
 13.500 999.900 999.900  999.90  215.77    4.19   -0.53  187.57    2.94    1.24     381     381
 14.000 999.900 999.900  999.90  215.35    3.50   -0.27  186.15    2.40    1.22     356     356
 14.500 999.900 999.900  999.90  214.53    3.21   -0.22  185.29    1.92    1.00     311     311
 15.000 999.900 999.900  999.90  213.52    3.26   -0.28  184.92    1.86    1.41     244     244
 15.500 999.900 999.900  999.90  212.48    3.35   -0.12  184.49    1.54    1.32     177     177
 16.000 999.900 999.900  999.90  211.68    3.46    0.03  184.31    1.64    1.46     144     144
 16.500 999.900 999.900  999.90  210.96    3.49    0.01  184.15    1.49    1.15     108     108
 17.000 999.900 999.900  999.90  210.40    3.42    0.09  184.14    1.41    1.14      77      77
 17.500 999.900 999.900  999.90  210.03    3.42    0.18  183.99    1.49    1.66      67      67
 18.000 999.900 999.900  999.90  210.01    3.33    0.14  183.82    1.20    1.52      60      60
 18.500 999.900 999.900  999.90  210.27    2.94    0.09  184.07    1.41    1.01      37      37
 19.000 999.900 999.900  999.90  210.56    2.76    0.05  183.74    1.37    1.51      41      41
 19.500 999.900 999.900  999.90  210.82    2.70    0.02  183.75    1.44    1.78      42      42
 20.000 999.900 999.900  999.90  211.27    2.62    0.10  184.49    1.57    0.70      41      41
 20.500 999.900 999.900  999.90  211.82    2.51   -0.10  184.32    1.61    1.06      46      46
 21.000 999.900 999.900  999.90  212.35    2.51   -0.31  184.38    1.80    1.01      50      50
 21.500 999.900 999.900  999.90  213.08    2.20   -0.42  184.29    1.79    1.07      52      52
 22.000 999.900 999.900  999.90  213.76    2.06   -0.47  184.12    1.45    1.22      50      50
 22.500 999.900 999.900  999.90  214.41    1.82   -0.30  184.13    1.31    1.00      57      57
 23.000 999.900 999.900  999.90  215.01    1.69   -0.42  184.07    1.12    1.22      56      56
 23.500 999.900 999.900  999.90  215.28    1.63   -0.33  184.10    1.10    0.66      55      55
 24.000 999.900 999.900  999.90  215.88    1.58   -0.64  184.37    0.97    0.06      58      58
 24.500 999.900 999.900  999.90  216.42    1.63   -0.77  184.68    0.93   -0.10      59      59
 25.000 999.900 999.900  999.90  216.99    1.65   -0.84  185.06    1.08   -0.34      57      57
 25.500 999.900 999.900  999.90  217.57    1.63   -0.77  185.40    1.32    0.04      58      58
 26.000 999.900 999.900  999.90  218.23    1.70   -0.89  185.90    1.23   -0.54      57      57
 26.500 999.900 999.900  999.90  218.98    1.84   -0.60  186.55    1.65    0.31      58      58
 27.000 999.900 999.900  999.90  219.64    1.86   -0.31  186.91    1.75    0.23      60      60
 27.500 999.900 999.900  999.90  220.27    1.90    0.07  187.41    1.87    0.49      59      59
 28.000 999.900 999.900  999.90  220.96    2.05    0.01  187.90    1.96    0.34      59      59
 28.500 999.900 999.900  999.90  221.74    2.13   -0.26  188.32    1.78   -0.08      58      58
 29.000 999.900 999.900  999.90  222.65    2.31    0.14  189.17    1.88   -0.10      57      57
 29.500 999.900 999.900  999.90  223.60    2.51    0.33  189.96    1.88   -0.13      57      57
 30.000 999.900 999.900  999.90  224.47    2.85    0.32  190.69    2.28   -0.12      56      56
  T A B L E  III -   4.  M O I S T U R E  R E L A T E D  S T A T I S T I C A L  P A R A M E T E R S
                                     April
 STATION =   746120     CHINA LAKE NAWS, CA
      Z VAPOR P   SD VP SKEW VP      TV      TV SKEW TV DEWPT T  SD DPT SKW DPT NOBS TP NOBS TV   
           MEAN                    MEAN      SD            MEAN                                   
     KM      MB      MB          KELVIN  KELVIN          KELVIN  KELVIN                           
  0.000  16.000   6.000    0.00  291.00    6.00    0.00  290.00    7.00    0.00       0       0
  0.665   5.278   1.938    0.64  292.62    8.03   -0.23  270.29    5.23   -0.51     690     690
  1.000   4.432   1.568    0.44  290.56    5.08   -0.13  267.99    5.06   -0.62     690     690
  1.500   3.714   1.331    0.54  286.95    5.04   -0.36  265.68    4.94   -0.51     690     690
  2.000   3.086   1.203    0.36  283.04    5.14   -0.47  263.04    5.89   -1.35     690     690
  2.500   2.540   1.122    0.22  279.10    5.19   -0.57  260.15    7.09   -1.46     690     690
  3.000   1.948   1.047    0.25  275.60    5.19   -0.68  256.01    9.11   -1.37     689     689
  3.500   1.449   0.951    0.48  272.40    5.12   -0.88  251.52   10.55   -0.97     688     688
  4.000   1.037   0.785    0.83  269.22    5.04   -1.01  247.20   10.80   -0.67     687     687
  4.500   0.797   0.648    1.14  265.97    4.94   -1.09  244.02   10.88   -0.61     687     687
  5.000   0.607   0.514    1.25  262.66    4.90   -1.21  240.73   11.23   -0.61     687     687
  5.500   0.468   0.404    1.31  259.17    4.83   -1.22  238.04   10.92   -0.58     687     687
  6.000   0.351   0.308    1.41  255.53    4.77   -1.18  235.18   10.56   -0.53     686     686
  6.500   0.255   0.226    1.32  251.85    4.67   -1.08  232.17   10.32   -0.56     676     676
  7.000   0.188   0.172    1.57  248.11    4.49   -0.99  229.43    9.82   -0.52     673     673
  7.500   0.132   0.125    1.76  244.31    4.32   -0.90  226.24    9.43   -0.50     670     670
  8.000   0.089   0.087    1.61  240.41    4.07   -0.70  223.15    9.15   -0.53     646     646
  8.500   0.062   0.059    1.50  236.61    3.75   -0.43  220.13    8.80   -0.58     643     643
  9.000   0.041   0.038    1.45  232.74    3.49   -0.19  216.83    8.38   -0.57     640     640
  9.500   0.026   0.025    1.56  228.97    3.31   -0.11  213.55    8.04   -0.58     603     603
 10.000   0.015   0.015    1.34  225.30    3.23    0.08  210.04    7.46   -0.54     588     588
 10.500 999.900 999.900  999.90  221.80    3.27    0.40  206.60    6.71   -0.47     579     579
 11.000 999.900 999.900  999.90  218.56    3.68    0.73  203.43    6.14   -0.43     511     511
 11.500 999.900 999.900  999.90  216.00    4.31    1.10  200.20    5.91   -0.30     385     385
 12.000 999.900 999.900  999.90  214.30    4.99    1.04  195.30    5.14    0.30     238     238
 12.500 999.900 999.900  999.90  213.44    5.47    0.63  192.04    4.67    0.72     192     192
 13.000 999.900 999.900  999.90  213.37    5.53    0.14  189.97    4.29    1.29     207     207
 13.500 999.900 999.900  999.90  213.69    5.17   -0.17  188.40    3.88    1.47     220     220
 14.000 999.900 999.900  999.90  213.65    4.67   -0.38  187.07    3.58    1.68     202     202
 14.500 999.900 999.900  999.90  213.29    4.35   -0.39  186.42    3.17    2.10     172     172
 15.000 999.900 999.900  999.90  212.72    4.09   -0.36  185.71    2.17    0.67     145     145
 15.500 999.900 999.900  999.90  211.96    3.97   -0.25  185.01    1.98    0.80     122     122
 16.000 999.900 999.900  999.90  211.41    3.97   -0.20  185.04    2.03    1.09     102     102
 16.500 999.900 999.900  999.90  211.00    3.99   -0.16  184.96    1.71    0.77      86      86
 17.000 999.900 999.900  999.90  210.64    3.83   -0.28  184.48    1.25    0.69      71      71
 17.500 999.900 999.900  999.90  210.55    3.52   -0.28  184.03    1.17    0.98      62      62
 18.000 999.900 999.900  999.90  210.45    3.43   -0.11  184.04    1.31    1.66      64      64
 18.500 999.900 999.900  999.90  210.64    3.33    0.04  184.10    1.24    1.28      60      60
 19.000 999.900 999.900  999.90  211.08    3.06   -0.05  183.95    1.04    1.45      57      57
 19.500 999.900 999.900  999.90  211.63    2.72    0.19  183.93    1.25    1.06      58      58
 20.000 999.900 999.900  999.90  211.70    2.64    0.30  184.08    1.28    0.73      41      41
 20.500 999.900 999.900  999.90  212.11    2.27    0.31  183.85    1.07    0.66      41      41
 21.000 999.900 999.900  999.90  212.72    2.04   -0.02  183.80    1.07    1.17      42      42
 21.500 999.900 999.900  999.90  213.34    2.01   -0.05  183.79    1.20    2.15      54      54
 22.000 999.900 999.900  999.90  213.91    1.85   -0.13  183.97    1.00    1.82      52      52
 22.500 999.900 999.900  999.90  214.55    1.95   -0.37  184.16    1.08    1.40      54      54
 23.000 999.900 999.900  999.90  215.08    1.98   -0.23  184.43    1.21    1.70      52      52
 23.500 999.900 999.900  999.90  215.68    2.01   -0.09  184.59    1.19    0.64      54      54
 24.000 999.900 999.900  999.90  216.33    1.99   -0.28  184.97    1.15   -0.21      51      51
 24.500 999.900 999.900  999.90  217.04    2.15   -0.11  185.38    1.35    0.21      52      52
 25.000 999.900 999.900  999.90  217.76    2.17    0.03  185.77    1.49    0.19      49      49
 25.500 999.900 999.900  999.90  218.63    2.04    0.11  186.14    1.39    0.60      48      48
 26.000 999.900 999.900  999.90  219.54    2.20    0.29  186.71    1.49    0.71      47      47
 26.500 999.900 999.900  999.90  220.35    2.29    0.11  187.15    1.47    0.55      46      46
 27.000 999.900 999.900  999.90  221.20    2.42    0.05  187.86    1.51    0.48      45      45
 27.500 999.900 999.900  999.90  222.19    2.71    0.12  188.24    1.68    0.80      45      45
 28.000 999.900 999.900  999.90  223.29    2.93   -0.00  188.93    1.73    0.50      45      45
 28.500 999.900 999.900  999.90  224.21    3.14    0.06  189.48    1.71    0.56      43      43
 29.000 999.900 999.900  999.90  225.31    3.15   -0.04  190.39    1.72    0.31      42      42
 29.500 999.900 999.900  999.90  226.45    3.14    0.06  191.23    1.80    0.19      42      42
 30.000 999.900 999.900  999.90  227.47    3.22   -0.02  191.97    1.96    0.40      41      41
  T A B L E  III -   5.  M O I S T U R E  R E L A T E D  S T A T I S T I C A L  P A R A M E T E R S
                                       May
 STATION =   746120     CHINA LAKE NAWS, CA
      Z VAPOR P   SD VP SKEW VP      TV      TV SKEW TV DEWPT T  SD DPT SKW DPT NOBS TP NOBS TV   
           MEAN                    MEAN      SD            MEAN                                   
     KM      MB      MB          KELVIN  KELVIN          KELVIN  KELVIN                           
  0.000  16.000   6.000    0.00  291.00    6.00    0.00  290.00    7.00    0.00       0       0
  0.665   6.571   2.288    0.99  297.89    8.37   -0.26  273.42    4.84   -0.24     768     768
  1.000   5.844   1.973    0.49  295.26    5.47   -0.01  271.79    4.91   -0.62     768     768
  1.500   5.002   1.715    0.50  291.53    5.11   -0.23  269.66    4.95   -0.71     768     768
  2.000   4.224   1.494    0.38  287.59    4.98   -0.40  267.33    5.19   -0.93     768     768
  2.500   3.566   1.413    0.22  283.52    4.87   -0.49  264.78    6.40   -1.68     768     768
  3.000   2.923   1.340    0.06  279.60    4.68   -0.55  261.56    8.28   -1.79     768     768
  3.500   2.235   1.221    0.17  275.88    4.54   -0.65  257.50    9.57   -1.38     768     768
  4.000   1.628   1.084    0.46  272.38    4.34   -0.73  252.75   10.80   -0.96     767     767
  4.500   1.210   0.896    0.74  269.03    4.27   -0.81  248.90   11.04   -0.76     766     766
  5.000   0.890   0.712    0.96  265.67    4.24   -0.84  245.23   10.90   -0.55     766     766
  5.500   0.659   0.547    1.02  262.20    4.25   -0.84  241.87   10.71   -0.48     765     765
  6.000   0.473   0.405    1.11  258.71    4.24   -0.85  238.40   10.47   -0.47     763     763
  6.500   0.338   0.296    1.15  255.10    4.30   -0.88  235.20   10.18   -0.50     749     749
  7.000   0.248   0.228    1.32  251.38    4.28   -0.93  232.05   10.07   -0.43     745     745
  7.500   0.178   0.165    1.29  247.58    4.25   -0.92  229.06    9.80   -0.47     737     737
  8.000   0.121   0.115    1.40  243.67    4.24   -0.82  226.03    9.25   -0.46     714     714
  8.500   0.082   0.077    1.48  239.78    3.95   -0.74  222.88    8.52   -0.42     709     709
  9.000   0.054   0.050    1.41  235.91    3.65   -0.48  219.54    8.11   -0.47     704     704
  9.500   0.033   0.033    1.50  232.10    3.13   -0.09  215.98    8.00   -0.53     659     659
 10.000   0.021   0.021    1.56  228.40    2.87    0.10  212.51    7.61   -0.57     645     645
 10.500   0.013   0.013    1.62  224.83    2.79    0.34  209.12    6.98   -0.56     634     634
 11.000 999.900 999.900  999.90  221.38    2.93    0.66  205.76    6.36   -0.54     603     603
 11.500 999.900 999.900  999.90  218.37    3.29    0.97  202.50    5.76   -0.43     580     580
 12.000 999.900 999.900  999.90  215.94    3.95    0.99  198.56    5.71   -0.15     415     415
 12.500 999.900 999.900  999.90  214.10    4.60    0.81  194.19    5.45    0.46     241     241
 13.000 999.900 999.900  999.90  213.18    5.03    0.47  191.29    5.11    0.97     219     219
 13.500 999.900 999.900  999.90  213.26    4.94    0.07  189.29    4.68    1.39     233     233
 14.000 999.900 999.900  999.90  213.18    4.60   -0.17  187.54    3.78    1.31     219     219
 14.500 999.900 999.900  999.90  212.88    4.24   -0.22  186.03    2.58    0.92     195     195
 15.000 999.900 999.900  999.90  212.20    3.72   -0.08  184.96    1.99    1.27     156     156
 15.500 999.900 999.900  999.90  211.60    3.60    0.21  184.57    1.89    1.35     119     119
 16.000 999.900 999.900  999.90  211.04    3.58    0.10  184.54    1.84    1.64      89      89
 16.500 999.900 999.900  999.90  210.67    3.56   -0.08  184.25    1.35    0.59      77      77
 17.000 999.900 999.900  999.90  210.33    3.50   -0.05  184.02    1.09    0.97      68      68
 17.500 999.900 999.900  999.90  210.18    3.48   -0.05  184.05    1.23    1.12      61      61
 18.000 999.900 999.900  999.90  210.16    3.29   -0.08  184.02    1.23    1.10      49      49
 18.500 999.900 999.900  999.90  210.38    2.98   -0.10  183.93    1.10    0.72      42      42
 19.000 999.900 999.900  999.90  210.75    2.68   -0.15  183.81    1.21    1.13      35      35
 19.500 999.900 999.900  999.90  211.08    2.47   -0.01  183.85    1.47    1.97      36      36
 20.000 999.900 999.900  999.90  211.92    2.26    0.21  183.95    1.56    1.83      40      40
 20.500 999.900 999.900  999.90  212.53    2.07    0.07  183.76    1.47    2.01      53      53
 21.000 999.900 999.900  999.90  213.29    1.99    0.27  183.86    1.77    1.84      62      62
 21.500 999.900 999.900  999.90  214.36    1.99    0.33  184.13    1.63    1.80      64      64
 22.000 999.900 999.900  999.90  215.20    2.00    0.57  184.37    1.82    1.58      70      70
 22.500 999.900 999.900  999.90  216.18    2.02    0.46  184.89    1.71    1.15      71      71
 23.000 999.900 999.900  999.90  216.94    2.04    0.15  185.16    1.55    0.99      67      67
 23.500 999.900 999.900  999.90  218.07    2.15    0.08  185.77    1.66    0.88      63      63
 24.000 999.900 999.900  999.90  218.87    2.07    0.18  186.22    1.68    0.78      61      61
 24.500 999.900 999.900  999.90  219.68    2.13    0.36  186.80    1.66    0.60      60      60
 25.000 999.900 999.900  999.90  220.57    2.13    0.14  187.29    1.63    0.63      57      57
 25.500 999.900 999.900  999.90  221.43    2.37    0.10  187.74    1.58    0.23      55      55
 26.000 999.900 999.900  999.90  222.34    2.48    0.28  188.42    1.63    0.22      54      54
 26.500 999.900 999.900  999.90  223.25    2.61    0.38  188.95    1.60    0.13      54      54
 27.000 999.900 999.900  999.90  224.37    2.63    0.12  189.68    1.60   -0.10      53      53
 27.500 999.900 999.900  999.90  225.44    2.78    0.08  190.51    1.76   -0.28      51      51
 28.000 999.900 999.900  999.90  226.43    2.74   -0.08  191.15    1.65   -0.93      50      50
 28.500 999.900 999.900  999.90  227.52    2.78   -0.09  191.93    1.65   -0.95      48      48
 29.000 999.900 999.900  999.90  228.27    2.43    0.15  192.64    1.41   -0.07      47      47
 29.500 999.900 999.900  999.90  229.06    2.27    0.02  193.33    1.32   -0.06      47      47
 30.000 999.900 999.900  999.90  230.20    2.10   -0.18  194.19    1.18    0.03      46      46
  T A B L E  III -   6.  M O I S T U R E  R E L A T E D  S T A T I S T I C A L  P A R A M E T E R S
                                      June
 STATION =   746120     CHINA LAKE NAWS, CA
      Z VAPOR P   SD VP SKEW VP      TV      TV SKEW TV DEWPT T  SD DPT SKW DPT NOBS TP NOBS TV   
           MEAN                    MEAN      SD            MEAN                                   
     KM      MB      MB          KELVIN  KELVIN          KELVIN  KELVIN                           
  0.000  16.000   6.000    0.00  291.00    6.00    0.00  290.00    7.00    0.00       0       0
  0.665   6.723   2.250    0.32  302.19    8.56   -0.48  273.73    4.94   -0.46     737     737
  1.000   6.125   2.079    0.38  299.73    5.33   -0.43  272.43    4.94   -0.44     737     737
  1.500   5.180   1.829    0.33  296.11    5.05   -0.73  270.09    5.04   -0.37     737     737
  2.000   4.306   1.702    0.26  292.17    4.99   -0.89  267.35    5.89   -0.76     737     737
  2.500   3.576   1.631    0.21  288.11    4.87   -0.97  264.43    7.31   -1.16     737     737
  3.000   2.899   1.559    0.24  284.20    4.63   -1.04  260.95    9.09   -1.18     737     737
  3.500   2.177   1.387    0.46  280.52    4.36   -1.21  256.68   10.18   -0.90     735     735
  4.000   1.613   1.221    0.87  277.04    4.12   -1.41  252.30   10.96   -0.59     735     735
  4.500   1.215   1.044    1.19  273.66    3.93   -1.50  248.54   11.08   -0.31     735     735
  5.000   0.857   0.789    1.42  270.25    3.87   -1.60  244.82   10.85   -0.28     718     718
  5.500   0.614   0.592    1.63  266.85    3.78   -1.64  241.23   10.50   -0.19     715     715
  6.000   0.463   0.455    1.79  263.33    3.72   -1.62  238.39   10.01   -0.09     715     715
  6.500   0.335   0.331    1.90  259.70    3.71   -1.56  235.59    9.51   -0.14     698     698
  7.000   0.252   0.243    1.83  255.95    3.60   -1.37  233.07    9.18   -0.30     692     692
  7.500   0.186   0.178    1.75  252.09    3.45   -1.09  230.20    9.01   -0.34     690     690
  8.000   0.127   0.128    1.91  248.19    3.26   -0.83  226.83    8.78   -0.33     670     670
  8.500   0.085   0.086    1.96  244.33    3.17   -0.71  223.38    8.43   -0.32     666     666
  9.000   0.058   0.058    1.94  240.44    3.11   -0.60  220.30    7.90   -0.28     661     661
  9.500   0.037   0.038    1.58  236.46    3.01   -0.56  217.20    7.41   -0.29     632     632
 10.000   0.024   0.024    1.55  232.62    2.93   -0.44  214.17    6.77   -0.25     616     616
 10.500   0.015   0.015    1.57  228.92    2.79   -0.16  210.95    6.24   -0.16     603     603
 11.000 999.900 999.900  999.90  225.38    2.68    0.01  207.53    6.04   -0.31     578     578
 11.500 999.900 999.900  999.90  222.16    2.80    0.34  204.13    5.75   -0.27     568     568
 12.000 999.900 999.900  999.90  219.24    3.13    0.63  200.98    5.33   -0.26     549     549
 12.500 999.900 999.900  999.90  216.86    3.59    0.75  197.61    4.97    0.13     412     412
 13.000 999.900 999.900  999.90  214.95    4.01    0.72  193.59    4.93    0.63     297     297
 13.500 999.900 999.900  999.90  213.49    4.26    0.52  190.51    4.96    1.31     221     221
 14.000 999.900 999.900  999.90  212.36    4.41    0.42  188.52    4.88    1.92     171     171
 14.500 999.900 999.900  999.90  211.12    4.38    0.28  186.92    4.30    2.26     122     122
 15.000 999.900 999.900  999.90  210.12    4.37    0.11  185.47    2.45    1.05      93      93
 15.500 999.900 999.900  999.90  209.12    4.30   -0.02  184.48    1.70    1.13      60      60
 16.000 999.900 999.900  999.90  208.49    4.18    0.21  184.34    1.60    0.59      41      41
 16.500 999.900 999.900  999.90  208.02    3.97    0.56  184.68    1.91    1.03      31      31
 17.000 999.900 999.900  999.90  207.90    3.56    0.52  184.66    1.88    1.22      24      24
 17.500 999.900 999.900  999.90  208.08    3.08    0.40  184.21    2.03    2.52      16      16
 18.000 999.900 999.900  999.90  208.45    2.75    0.29  184.19    2.60    2.45      13      13
 18.500 999.900 999.900  999.90  209.47    2.36    0.35  183.19    0.54    0.28      18      18
 19.000 999.900 999.900  999.90  210.39    2.12    0.19  183.54    0.65    0.48      13      13
 19.500 999.900 999.900  999.90  211.36    1.87    0.06  183.36    0.66    0.84      16      16
 20.000 999.900 999.900  999.90  212.37    1.75   -0.04  183.37    1.20    2.38      56      56
 20.500 999.900 999.900  999.90  213.32    1.70    0.33  183.88    1.55    1.57      66      66
 21.000 999.900 999.900  999.90  214.27    1.61    0.33  183.90    1.41    1.84      80      80
 21.500 999.900 999.900  999.90  215.23    1.63    0.17  184.10    1.52    1.48      94      94
 22.000 999.900 999.900  999.90  216.17    1.47    0.20  184.57    1.37    1.31      92      92
 22.500 999.900 999.900  999.90  217.26    1.48    0.13  185.26    1.53    1.66      85      85
 23.000 999.900 999.900  999.90  218.28    1.46    0.35  186.06    1.76    2.37      76      76
 23.500 999.900 999.900  999.90  219.18    1.54    0.19  186.23    1.12    1.23      69      69
 24.000 999.900 999.900  999.90  220.13    1.57    0.52  186.85    0.98    0.94      64      64
 24.500 999.900 999.900  999.90  221.24    1.62    0.01  187.63    1.18    0.61      61      61
 25.000 999.900 999.900  999.90  222.17    1.48    0.01  188.13    0.88    0.56      56      56
 25.500 999.900 999.900  999.90  223.18    1.44    0.35  188.89    0.85    0.85      55      55
 26.000 999.900 999.900  999.90  224.42    1.62    0.30  189.65    0.93    0.46      51      51
 26.500 999.900 999.900  999.90  225.23    1.63    0.26  190.27    1.02    0.48      49      49
 27.000 999.900 999.900  999.90  226.11    1.70    0.26  190.87    0.97    0.07      48      48
 27.500 999.900 999.900  999.90  227.29    1.65    0.09  191.71    0.92   -0.53      47      47
 28.000 999.900 999.900  999.90  228.32    1.90   -0.05  192.31    1.09   -0.64      45      45
 28.500 999.900 999.900  999.90  229.35    1.99   -0.00  193.07    1.21   -0.50      42      42
 29.000 999.900 999.900  999.90  230.15    1.77    0.06  193.75    1.08   -0.52      40      40
 29.500 999.900 999.900  999.90  231.11    1.71    0.15  194.54    1.18    0.51      38      38
 30.000 999.900 999.900  999.90  232.08    1.71    0.33  195.07    0.93    0.31      37      37
  T A B L E  III -   7.  M O I S T U R E  R E L A T E D  S T A T I S T I C A L  P A R A M E T E R S
                                      July
 STATION =   746120     CHINA LAKE NAWS, CA
      Z VAPOR P   SD VP SKEW VP      TV      TV SKEW TV DEWPT T  SD DPT SKW DPT NOBS TP NOBS TV   
           MEAN                    MEAN      SD            MEAN                                   
     KM      MB      MB          KELVIN  KELVIN          KELVIN  KELVIN                           
  0.000  16.000   6.000    0.00  291.00    6.00    0.00  290.00    7.00    0.00       0       0
  0.665   8.451   3.242    1.25  305.28    8.34   -0.50  276.84    5.26    0.09     749     749
  1.000   7.709   2.858    0.66  303.06    4.19    0.06  275.49    5.51   -0.51     749     749
  1.500   6.603   2.687    0.72  299.69    3.38   -0.12  273.17    5.86   -0.35     749     749
  2.000   5.529   2.634    0.58  295.88    3.05   -0.27  270.21    7.33   -0.83     749     749
  2.500   4.724   2.513    0.43  291.85    2.80   -0.43  267.44    8.98   -1.17     749     749
  3.000   4.026   2.344    0.39  287.78    2.60   -0.52  264.61   10.54   -1.26     749     749
  3.500   3.323   2.162    0.44  283.80    2.38   -0.52  261.43   11.51   -1.00     749     749
  4.000   2.671   1.918    0.56  279.86    2.22   -0.52  258.17   11.90   -0.73     749     749
  4.500   2.107   1.658    0.66  276.09    2.12   -0.51  254.66   12.40   -0.56     749     749
  5.000   1.587   1.348    0.81  272.45    2.11   -0.49  250.92   12.48   -0.40     748     748
  5.500   1.175   1.074    0.94  268.92    2.00   -0.31  247.08   12.53   -0.25     746     746
  6.000   0.831   0.805    1.13  265.43    1.93   -0.08  243.11   12.18   -0.14     746     746
  6.500   0.572   0.598    1.40  262.00    1.98   -0.12  238.89   12.07   -0.06     740     740
  7.000   0.387   0.439    1.64  258.55    2.08   -0.20  234.64   11.76    0.10     739     739
  7.500   0.268   0.323    1.73  255.05    2.20   -0.24  230.66   11.79    0.17     734     734
  8.000   0.179   0.225    1.85  251.37    2.26   -0.27  227.37   11.23    0.19     708     708
  8.500   0.123   0.157    1.97  247.65    2.31   -0.32  224.24   10.64    0.21     702     702
  9.000   0.085   0.107    1.99  243.86    2.39   -0.34  221.45   10.01    0.19     694     694
  9.500   0.055   0.070    1.94  240.10    2.39   -0.22  218.47    9.42    0.18     656     656
 10.000   0.035   0.044    2.00  236.35    2.42   -0.22  215.19    8.71    0.16     642     642
 10.500   0.022   0.027    1.85  232.68    2.40   -0.18  212.05    8.36    0.08     632     632
 11.000   0.014   0.017    1.81  229.16    2.28   -0.18  208.53    8.14    0.10     601     601
 11.500 999.900 999.900  999.90  225.75    2.22   -0.27  205.24    7.39    0.11     590     590
 12.000 999.900 999.900  999.90  222.50    2.20   -0.13  201.77    6.85    0.12     583     583
 12.500 999.900 999.900  999.90  219.35    2.20   -0.03  198.42    6.40    0.10     533     533
 13.000 999.900 999.900  999.90  216.46    2.22    0.32  194.95    5.90    0.23     481     481
 13.500 999.900 999.900  999.90  213.77    2.29    0.63  190.36    4.96    0.59     257     257
 14.000 999.900 999.900  999.90  211.29    2.45    0.74  186.75    3.59    1.23      93      93
 14.500 999.900 999.900  999.90  209.05    2.63    0.70  185.07    2.31    0.95      27      27
 15.000 999.900 999.900  999.90  207.32    2.67    0.61  999.90  999.90  999.90       0       0
 15.500 999.900 999.900  999.90  206.12    2.68    0.43  999.90  999.90  999.90       0       0
 16.000 999.900 999.900  999.90  205.42    2.66    0.38  999.90  999.90  999.90       0       0
 16.500 999.900 999.900  999.90  205.30    2.69    0.29  999.90  999.90  999.90       0       0
 17.000 999.900 999.900  999.90  205.57    2.54    0.14  999.90  999.90  999.90       0       0
 17.500 999.900 999.900  999.90  206.33    2.34   -0.10  999.90  999.90  999.90       0       0
 18.000 999.900 999.900  999.90  207.52    2.21   -0.33  999.90  999.90  999.90       0       0
 18.500 999.900 999.900  999.90  208.76    2.10   -0.35  999.90  999.90  999.90       0       0
 19.000 999.900 999.900  999.90  210.20    1.91   -0.19  999.90  999.90  999.90       0       0
 19.500 999.900 999.900  999.90  211.41    1.85   -0.24  184.00    2.33    1.02      15      15
 20.000 999.900 999.900  999.90  212.49    1.73    0.28  183.52    1.50    1.85      37      37
 20.500 999.900 999.900  999.90  213.60    1.61    0.57  183.72    1.42    1.68      76      76
 21.000 999.900 999.900  999.90  214.58    1.53    0.23  183.91    1.33    1.54     123     123
 21.500 999.900 999.900  999.90  215.67    1.48    0.46  184.43    1.62    1.57     143     143
 22.000 999.900 999.900  999.90  216.84    1.47    0.40  185.12    1.66    1.83     132     132
 22.500 999.900 999.900  999.90  217.88    1.59    0.13  185.77    1.68    1.63     117     117
 23.000 999.900 999.900  999.90  218.88    1.54    0.40  186.54    1.64    1.53      98      98
 23.500 999.900 999.900  999.90  219.87    1.68    0.72  187.15    1.69    1.46      75      75
 24.000 999.900 999.900  999.90  220.92    1.80    0.55  187.54    1.60    1.95      64      64
 24.500 999.900 999.900  999.90  221.86    1.76    0.32  187.97    1.31    1.30      58      58
 25.000 999.900 999.900  999.90  222.75    1.72    0.33  188.63    1.26    1.16      53      53
 25.500 999.900 999.900  999.90  223.71    1.63    0.24  189.32    1.11    0.80      50      50
 26.000 999.900 999.900  999.90  224.54    1.57    0.27  189.91    1.08    1.13      48      48
 26.500 999.900 999.900  999.90  225.34    1.69    0.49  190.34    1.19    1.33      45      45
 27.000 999.900 999.900  999.90  226.13    1.60   -0.11  190.94    1.12    0.32      44      44
 27.500 999.900 999.900  999.90  227.05    1.77   -0.15  191.68    1.24    0.14      41      41
 28.000 999.900 999.900  999.90  227.89    1.89    0.06  192.25    1.28    0.71      40      40
 28.500 999.900 999.900  999.90  228.70    1.78    0.11  192.96    1.56    1.57      39      39
 29.000 999.900 999.900  999.90  229.47    1.63    0.38  193.45    1.24    1.65      39      39
 29.500 999.900 999.900  999.90  230.29    1.67   -0.04  193.90    1.05    1.43      36      36
 30.000 999.900 999.900  999.90  231.24    1.65    0.24  194.89    2.08    2.60      34      34
  T A B L E  III -   8.  M O I S T U R E  R E L A T E D  S T A T I S T I C A L  P A R A M E T E R S
                                    August
 STATION =   746120     CHINA LAKE NAWS, CA
      Z VAPOR P   SD VP SKEW VP      TV      TV SKEW TV DEWPT T  SD DPT SKW DPT NOBS TP NOBS TV   
           MEAN                    MEAN      SD            MEAN                                   
     KM      MB      MB          KELVIN  KELVIN          KELVIN  KELVIN                           
  0.000  16.000   6.000    0.00  291.00    6.00    0.00  290.00    7.00    0.00       0       0
  0.665   7.755   3.020    1.42  304.16    8.85   -0.46  275.59    5.36   -0.12     740     740
  1.000   6.995   2.479    0.84  302.97    4.10   -0.17  274.23    5.08   -0.40     740     740
  1.500   5.913   2.350    0.77  299.64    3.27   -0.25  271.70    5.69   -0.51     740     740
  2.000   5.038   2.391    0.65  295.77    2.92   -0.25  268.95    7.32   -0.90     740     740
  2.500   4.323   2.303    0.56  291.65    2.69   -0.29  266.30    8.83   -1.14     740     740
  3.000   3.757   2.251    0.51  287.56    2.49   -0.47  263.68   10.40   -1.08     740     740
  3.500   3.181   2.104    0.39  283.60    2.27   -0.71  260.70   11.80   -0.95     739     739
  4.000   2.589   1.871    0.44  279.73    2.02   -0.67  257.40   12.65   -0.79     739     739
  4.500   1.988   1.580    0.57  276.01    1.90   -0.40  253.68   12.86   -0.55     738     738
  5.000   1.457   1.243    0.75  272.45    1.90   -0.15  249.73   12.75   -0.43     738     738
  5.500   1.023   0.953    1.02  268.98    1.90   -0.06  245.44   12.48   -0.26     738     738
  6.000   0.683   0.684    1.44  265.60    1.96   -0.17  241.21   11.65   -0.13     737     737
  6.500   0.438   0.473    1.69  262.20    2.07   -0.29  237.08   11.09   -0.03     706     706
  7.000   0.306   0.330    1.89  258.69    2.15   -0.39  233.94   10.32   -0.05     701     701
  7.500   0.216   0.246    2.10  255.05    2.15   -0.50  230.48   10.14    0.01     695     695
  8.000   0.157   0.184    2.09  251.33    2.25   -0.49  227.82    9.82    0.04     672     672
  8.500   0.107   0.121    1.93  247.59    2.32   -0.47  224.72    9.21   -0.03     670     670
  9.000   0.077   0.088    1.90  243.82    2.42   -0.47  221.89    8.90    0.00     666     666
  9.500   0.049   0.059    2.08  240.09    2.51   -0.53  218.61    8.42    0.07     637     637
 10.000   0.030   0.036    2.38  236.47    2.58   -0.56  214.97    7.78    0.02     622     622
 10.500   0.019   0.023    2.31  232.92    2.60   -0.53  211.39    7.55    0.01     613     613
 11.000   0.011   0.014    2.33  229.46    2.56   -0.60  208.17    7.04    0.07     581     581
 11.500 999.900 999.900  999.90  226.11    2.48   -0.57  204.73    6.48    0.03     569     569
 12.000 999.900 999.900  999.90  222.87    2.24   -0.50  201.53    6.16    0.02     564     564
 12.500 999.900 999.900  999.90  219.74    1.90   -0.27  198.44    5.87   -0.02     515     515
 13.000 999.900 999.900  999.90  216.75    1.69    0.14  195.11    5.65    0.14     480     480
 13.500 999.900 999.900  999.90  213.91    1.83    0.63  191.09    5.65    0.87     265     265
 14.000 999.900 999.900  999.90  211.25    2.20    1.21  189.92    6.91    1.18      67      67
 14.500 999.900 999.900  999.90  208.67    2.65    1.26  190.24    8.64    1.05      30      30
 15.000 999.900 999.900  999.90  206.62    2.91    1.04  190.72    9.62    0.67      16      16
 15.500 999.900 999.900  999.90  205.30    3.14    0.79  999.90  999.90  999.90       0       0
 16.000 999.900 999.900  999.90  204.78    3.04    0.54  999.90  999.90  999.90       0       0
 16.500 999.900 999.900  999.90  204.53    2.90    0.73  999.90  999.90  999.90       0       0
 17.000 999.900 999.900  999.90  205.12    2.78    0.54  999.90  999.90  999.90       0       0
 17.500 999.900 999.900  999.90  206.03    2.61    0.54  999.90  999.90  999.90       0       0
 18.000 999.900 999.900  999.90  207.35    2.38    0.53  999.90  999.90  999.90       0       0
 18.500 999.900 999.900  999.90  208.73    2.25    0.32  999.90  999.90  999.90       0       0
 19.000 999.900 999.900  999.90  210.20    2.11    0.03  999.90  999.90  999.90       0       0
 19.500 999.900 999.900  999.90  211.37    1.92   -0.20  182.93    0.54    2.01      21      21
 20.000 999.900 999.900  999.90  212.50    1.76   -0.15  183.60    1.58    2.64      46      46
 20.500 999.900 999.900  999.90  213.43    1.63   -0.13  183.79    1.45    2.30      74      74
 21.000 999.900 999.900  999.90  214.32    1.52   -0.02  183.84    1.43    2.36      96      96
 21.500 999.900 999.900  999.90  215.18    1.41   -0.09  183.96    1.17    1.68     116     116
 22.000 999.900 999.900  999.90  216.17    1.33    0.24  184.39    1.20    1.59     116     116
 22.500 999.900 999.900  999.90  217.14    1.26    0.40  184.97    1.04    1.76      93      93
 23.000 999.900 999.900  999.90  218.16    1.47    0.32  185.66    1.09    2.27      80      80
 23.500 999.900 999.900  999.90  218.93    1.49    0.34  186.04    0.98    1.70      71      71
 24.000 999.900 999.900  999.90  219.90    1.33    0.16  186.75    1.03    1.53      63      63
 24.500 999.900 999.900  999.90  220.92    1.49   -0.10  187.33    1.20    1.31      62      62
 25.000 999.900 999.900  999.90  221.79    1.38   -0.09  188.04    1.11    1.33      61      61
 25.500 999.900 999.900  999.90  222.75    1.51    0.14  188.64    1.00    0.09      59      59
 26.000 999.900 999.900  999.90  223.78    1.71    0.26  189.21    0.99    0.24      56      56
 26.500 999.900 999.900  999.90  224.67    1.55    0.19  189.88    1.08    0.18      52      52
 27.000 999.900 999.900  999.90  225.58    1.60    0.19  190.51    0.93    0.04      47      47
 27.500 999.900 999.900  999.90  226.41    1.75    0.14  191.02    1.10    0.61      44      44
 28.000 999.900 999.900  999.90  227.06    1.80    0.02  191.35    1.13    1.00      41      41
 28.500 999.900 999.900  999.90  227.93    1.69    0.15  192.06    1.08    0.55      41      41
 29.000 999.900 999.900  999.90  228.87    1.73    0.27  192.61    0.88    0.43      40      40
 29.500 999.900 999.900  999.90  229.64    1.79    0.41  193.19    0.96    0.16      40      40
 30.000 999.900 999.900  999.90  230.32    1.97    1.00  193.58    0.96    0.47      38      38
  T A B L E  III -   9.  M O I S T U R E  R E L A T E D  S T A T I S T I C A L  P A R A M E T E R S
                                 September
 STATION =   746120     CHINA LAKE NAWS, CA
      Z VAPOR P   SD VP SKEW VP      TV      TV SKEW TV DEWPT T  SD DPT SKW DPT NOBS TP NOBS TV   
           MEAN                    MEAN      SD            MEAN                                   
     KM      MB      MB          KELVIN  KELVIN          KELVIN  KELVIN                           
  0.000  16.000   6.000    0.00  291.00    6.00    0.00  290.00    7.00    0.00       0       0
  0.665   7.045   3.076    1.51  300.18    8.84   -0.47  274.03    5.90   -0.07     737     737
  1.000   6.475   2.573    1.08  299.58    4.34   -0.24  273.01    5.43   -0.08     737     737
  1.500   5.609   2.318    1.00  296.07    3.82   -0.45  270.95    5.69   -0.26     737     737
  2.000   4.887   2.175    0.78  292.09    3.57   -0.62  268.79    6.68   -1.09     737     737
  2.500   4.189   2.085    0.56  287.98    3.34   -0.74  266.20    8.11   -1.20     737     737
  3.000   3.514   2.025    0.50  283.99    3.11   -0.88  263.04    9.99   -1.20     737     737
  3.500   2.748   1.881    0.63  280.32    2.76   -0.83  258.86   11.53   -0.88     737     737
  4.000   2.122   1.593    0.72  276.84    2.63   -0.72  255.13   12.02   -0.72     737     737
  4.500   1.505   1.289    1.08  273.56    2.57   -0.67  250.51   12.11   -0.44     737     737
  5.000   0.981   0.947    1.43  270.46    2.58   -0.58  245.18   12.02   -0.23     737     737
  5.500   0.663   0.680    1.73  267.24    2.50   -0.58  240.99   11.31   -0.05     737     737
  6.000   0.491   0.498    1.91  263.86    2.47   -0.59  238.30   10.56   -0.09     735     735
  6.500   0.355   0.358    1.94  260.28    2.41   -0.61  235.47    9.97   -0.10     721     721
  7.000   0.262   0.270    2.08  256.57    2.35   -0.50  232.66    9.54   -0.06     716     716
  7.500   0.190   0.186    1.98  252.82    2.33   -0.45  229.90    8.95   -0.11     714     714
  8.000   0.133   0.141    2.16  249.05    2.30   -0.43  226.96    8.66    0.00     687     687
  8.500   0.102   0.108    2.14  245.18    2.33   -0.28  224.58    8.42    0.01     684     684
  9.000   0.070   0.075    2.31  241.32    2.34   -0.11  221.34    8.09    0.03     680     680
  9.500   0.044   0.050    2.39  237.51    2.44    0.06  217.99    7.78    0.04     634     634
 10.000   0.028   0.031    2.37  233.76    2.57    0.31  214.95    7.13    0.00     624     624
 10.500   0.018   0.019    1.99  230.21    2.74    0.39  211.42    6.86   -0.01     611     611
 11.000   0.010   0.012    2.40  226.95    2.82    0.40  207.71    6.58    0.03     590     590
 11.500 999.900 999.900  999.90  223.98    2.89    0.20  203.93    6.39    0.07     578     578
 12.000 999.900 999.900  999.90  221.29    2.81   -0.14  200.59    6.03    0.15     571     571
 12.500 999.900 999.900  999.90  218.77    2.81   -0.41  196.93    5.79    0.39     505     505
 13.000 999.900 999.900  999.90  216.41    2.67   -0.50  193.38    5.60    0.72     449     449
 13.500 999.900 999.900  999.90  214.16    2.58   -0.19  189.83    5.42    1.31     334     334
 14.000 999.900 999.900  999.90  212.05    2.71    0.25  186.86    5.32    2.25     143     143
 14.500 999.900 999.900  999.90  210.11    2.89    0.54  186.40    4.51    2.75      54      54
 15.000 999.900 999.900  999.90  208.39    3.09    0.47  185.66    3.86    2.20      30      30
 15.500 999.900 999.900  999.90  207.12    3.31    0.42  183.89    0.99   -0.17      12      12
 16.000 999.900 999.900  999.90  206.35    3.39    0.34  183.32    0.61    0.49      11      11
 16.500 999.900 999.900  999.90  206.04    3.39    0.34  999.90  999.90  999.90       0       0
 17.000 999.900 999.900  999.90  206.31    3.23    0.47  999.90  999.90  999.90       0       0
 17.500 999.900 999.900  999.90  206.68    3.06    0.61  999.90  999.90  999.90       0       0
 18.000 999.900 999.900  999.90  207.54    3.03    0.35  999.90  999.90  999.90       0       0
 18.500 999.900 999.900  999.90  208.46    2.83    0.32  999.90  999.90  999.90       0       0
 19.000 999.900 999.900  999.90  209.64    2.57    0.27  183.82    1.33    1.41      11      11
 19.500 999.900 999.900  999.90  210.75    2.33    0.09  183.35    1.09    1.87      20      20
 20.000 999.900 999.900  999.90  211.95    2.03    0.16  183.51    1.29    1.60      35      35
 20.500 999.900 999.900  999.90  212.76    2.00   -0.10  183.62    1.32    1.79      54      54
 21.000 999.900 999.900  999.90  213.78    1.94   -0.01  183.71    1.21    1.95      61      61
 21.500 999.900 999.900  999.90  214.74    1.97    0.01  183.88    1.36    1.98      73      73
 22.000 999.900 999.900  999.90  215.73    1.93    0.06  184.21    1.41    1.78      82      82
 22.500 999.900 999.900  999.90  216.60    1.83    0.15  184.53    1.36    1.69      83      83
 23.000 999.900 999.900  999.90  217.53    1.82   -0.15  185.06    1.19    0.36      75      75
 23.500 999.900 999.900  999.90  218.56    1.62    0.03  185.65    1.13    0.20      72      72
 24.000 999.900 999.900  999.90  219.34    1.64    0.18  186.23    1.18    0.44      68      68
 24.500 999.900 999.900  999.90  220.40    1.72    0.27  186.78    1.15    0.85      60      60
 25.000 999.900 999.900  999.90  221.34    1.71    0.25  187.42    1.09    0.53      57      57
 25.500 999.900 999.900  999.90  222.17    1.73   -0.01  188.01    1.08   -0.45      57      57
 26.000 999.900 999.900  999.90  222.94    1.80    0.47  188.61    1.14    0.94      56      56
 26.500 999.900 999.900  999.90  223.75    1.77    0.34  189.23    1.15    0.68      55      55
 27.000 999.900 999.900  999.90  224.50    1.61    0.17  189.92    0.99   -0.57      51      51
 27.500 999.900 999.900  999.90  225.44    1.81    0.60  190.56    1.17    0.55      50      50
 28.000 999.900 999.900  999.90  226.12    1.87    0.61  191.15    1.13    0.20      50      50
 28.500 999.900 999.900  999.90  226.62    1.94    0.59  191.45    1.12    0.45      49      49
 29.000 999.900 999.900  999.90  227.29    1.94    0.64  191.99    1.16    0.37      49      49
 29.500 999.900 999.900  999.90  227.95    1.69    0.33  192.44    0.82    0.05      49      49
 30.000 999.900 999.900  999.90  228.56    1.91    0.13  192.85    1.12   -0.09      48      48
  T A B L E  III -  10.  M O I S T U R E  R E L A T E D  S T A T I S T I C A L  P A R A M E T E R S
                                   October
 STATION =   746120     CHINA LAKE NAWS, CA
      Z VAPOR P   SD VP SKEW VP      TV      TV SKEW TV DEWPT T  SD DPT SKW DPT NOBS TP NOBS TV   
           MEAN                    MEAN      SD            MEAN                                   
     KM      MB      MB          KELVIN  KELVIN          KELVIN  KELVIN                           
  0.000  16.000   6.000    0.00  291.00    6.00    0.00  290.00    7.00    0.00       0       0
  0.665   5.592   2.502    0.75  293.08    8.85   -0.28  270.63    6.54   -0.54     633     633
  1.000   5.229   2.179    0.55  293.26    4.84   -0.17  269.84    6.27   -0.76     633     633
  1.500   4.539   1.828    0.58  290.04    4.74   -0.42  268.05    5.91   -0.75     633     633
  2.000   3.896   1.678    0.68  286.39    4.70   -0.49  265.91    6.15   -0.66     633     633
  2.500   3.179   1.603    0.51  282.91    4.65   -0.51  262.63    7.89   -1.05     633     633
  3.000   2.461   1.451    0.60  279.79    4.55   -0.58  258.43   10.03   -1.25     633     633
  3.500   1.839   1.208    0.75  276.85    4.45   -0.65  254.47   10.35   -0.94     633     633
  4.000   1.346   0.988    0.95  273.91    4.43   -0.69  250.38   10.55   -0.67     633     633
  4.500   1.047   0.795    0.99  270.75    4.36   -0.77  247.38   10.54   -0.65     633     633
  5.000   0.778   0.601    1.16  267.47    4.34   -0.88  244.28    9.89   -0.54     633     633
  5.500   0.578   0.467    1.31  264.09    4.32   -0.90  240.97    9.85   -0.49     632     632
  6.000   0.443   0.361    1.37  260.58    4.26   -0.95  238.22    9.60   -0.49     632     632
  6.500   0.322   0.279    1.58  257.00    4.27   -0.99  235.11    9.22   -0.32     624     624
  7.000   0.241   0.224    1.81  253.32    4.23   -1.00  231.93    9.53   -0.34     623     623
  7.500   0.179   0.160    1.95  249.54    4.17   -0.89  229.48    8.84   -0.41     620     620
  8.000   0.125   0.119    1.97  245.76    4.05   -0.81  226.61    8.47   -0.32     594     594
  8.500   0.090   0.087    2.18  241.90    3.90   -0.61  223.78    8.14   -0.24     590     590
  9.000   0.063   0.061    1.82  238.08    3.63   -0.32  220.68    7.97   -0.24     585     585
  9.500   0.040   0.042    2.11  234.30    3.36   -0.04  217.20    7.76   -0.23     557     557
 10.000   0.025   0.027    2.14  230.59    3.22    0.07  213.72    7.59   -0.33     549     549
 10.500   0.016   0.017    1.90  227.04    3.27    0.09  210.25    7.29   -0.29     543     543
 11.000 999.900 999.900  999.90  223.77    3.42    0.24  206.68    6.65   -0.28     515     515
 11.500 999.900 999.900  999.90  220.90    3.61    0.52  203.41    6.13   -0.16     500     500
 12.000 999.900 999.900  999.90  218.53    3.78    0.52  200.30    5.97   -0.08     459     459
 12.500 999.900 999.900  999.90  216.48    3.93    0.32  196.41    5.79    0.32     342     342
 13.000 999.900 999.900  999.90  214.83    3.89    0.08  192.82    5.48    0.91     274     274
 13.500 999.900 999.900  999.90  213.33    3.81    0.07  189.24    5.22    1.74     199     199
 14.000 999.900 999.900  999.90  211.64    3.69    0.17  186.97    4.75    2.43     123     123
 14.500 999.900 999.900  999.90  210.22    3.54    0.36  186.87    5.39    2.59      62      62
 15.000 999.900 999.900  999.90  208.94    3.64    0.52  186.01    4.53    2.99      45      45
 15.500 999.900 999.900  999.90  207.73    3.82    0.33  184.47    2.13    1.46      35      35
 16.000 999.900 999.900  999.90  206.96    3.92    0.32  184.93    2.47    1.01      18      18
 16.500 999.900 999.900  999.90  206.54    4.13    0.26  185.64    4.51    2.73      19      19
 17.000 999.900 999.900  999.90  206.49    4.01    0.09  185.06    3.81    2.87      17      17
 17.500 999.900 999.900  999.90  206.68    3.87   -0.04  184.17    1.48    1.36      13      13
 18.000 999.900 999.900  999.90  207.16    3.68   -0.10  184.05    2.20    2.30      14      14
 18.500 999.900 999.900  999.90  207.95    3.22    0.10  183.64    0.61    0.79      11      11
 19.000 999.900 999.900  999.90  208.78    2.80    0.07  183.71    0.91    0.55      14      14
 19.500 999.900 999.900  999.90  209.63    2.68    0.22  183.78    1.07    0.52      16      16
 20.000 999.900 999.900  999.90  210.40    2.41    0.10  183.76    0.95    1.70      22      22
 20.500 999.900 999.900  999.90  211.38    2.23    0.27  183.90    1.08    1.05      34      34
 21.000 999.900 999.900  999.90  212.04    2.17    0.22  184.01    1.29    1.08      35      35
 21.500 999.900 999.900  999.90  212.78    2.19    0.18  183.96    1.17    0.50      46      46
 22.000 999.900 999.900  999.90  213.72    2.24    0.14  184.42    1.66    1.08      63      63
 22.500 999.900 999.900  999.90  214.72    2.19    0.01  184.62    1.62    1.21      71      71
 23.000 999.900 999.900  999.90  215.65    2.32    0.04  184.76    1.56    0.95      73      73
 23.500 999.900 999.900  999.90  216.65    2.13   -0.25  185.19    1.48    0.08      70      70
 24.000 999.900 999.900  999.90  217.70    2.16   -0.39  185.59    1.54    0.15      68      68
 24.500 999.900 999.900  999.90  218.59    2.32   -0.36  186.03    1.63    0.16      67      67
 25.000 999.900 999.900  999.90  219.03    2.33   -0.50  186.23    1.63   -0.19      65      65
 25.500 999.900 999.900  999.90  219.68    2.35   -0.61  186.68    1.68   -0.75      65      65
 26.000 999.900 999.900  999.90  220.31    2.50   -0.61  187.18    1.77   -0.26      62      62
 26.500 999.900 999.900  999.90  221.14    2.70   -0.61  187.78    2.20    0.65      62      62
 27.000 999.900 999.900  999.90  221.61    2.61   -0.58  187.93    2.06    0.08      61      61
 27.500 999.900 999.900  999.90  222.34    2.68   -0.51  188.46    2.10   -0.13      61      61
 28.000 999.900 999.900  999.90  222.96    2.79   -0.47  188.98    2.13   -0.02      59      59
 28.500 999.900 999.900  999.90  223.52    2.62   -0.46  189.30    1.88   -0.37      58      58
 29.000 999.900 999.900  999.90  223.91    2.78   -0.30  189.57    1.86   -0.26      57      57
 29.500 999.900 999.900  999.90  224.51    3.03   -0.40  189.95    1.97   -0.15      55      55
 30.000 999.900 999.900  999.90  225.16    2.85   -0.52  190.42    1.87    0.24      54      54
  T A B L E  III -  11.  M O I S T U R E  R E L A T E D  S T A T I S T I C A L  P A R A M E T E R S
                                  November
 STATION =   746120     CHINA LAKE NAWS, CA
      Z VAPOR P   SD VP SKEW VP      TV      TV SKEW TV DEWPT T  SD DPT SKW DPT NOBS TP NOBS TV   
           MEAN                    MEAN      SD            MEAN                                   
     KM      MB      MB          KELVIN  KELVIN          KELVIN  KELVIN                           
  0.000  16.000   6.000    0.00  291.00    6.00    0.00  290.00    7.00    0.00       0       0
  0.665   4.321   2.162    1.14  286.61    8.75   -0.51  266.99    6.75   -0.21     629     629
  1.000   4.156   1.908    0.98  287.22    4.64   -0.04  266.72    6.09   -0.10     629     629
  1.500   3.654   1.679    1.02  284.42    4.77   -0.22  265.02    6.19   -0.46     629     629
  2.000   3.071   1.564    0.85  281.50    4.86   -0.38  262.38    7.23   -0.72     629     629
  2.500   2.441   1.484    0.87  278.89    4.80   -0.61  258.61    9.12   -0.93     629     629
  3.000   1.816   1.321    1.22  276.40    4.80   -0.85  253.97   10.74   -0.80     629     629
  3.500   1.417   1.129    1.30  273.68    4.72   -1.05  250.40   11.89   -0.82     623     623
  4.000   1.090   0.941    1.53  270.87    4.53   -1.07  246.95   12.16   -0.69     623     623
  4.500   0.843   0.770    1.49  267.87    4.49   -1.17  243.72   12.32   -0.57     622     622
  5.000   0.654   0.601    1.50  264.68    4.48   -1.07  241.23   11.88   -0.58     617     617
  5.500   0.517   0.479    1.43  261.31    4.43   -1.07  238.70   11.77   -0.57     616     616
  6.000   0.410   0.388    1.48  257.77    4.33   -1.00  236.27   11.55   -0.52     616     616
  6.500   0.319   0.300    1.51  254.09    4.21   -0.84  233.99   11.30   -0.60     609     609
  7.000   0.239   0.230    1.59  250.40    4.12   -0.64  231.36   10.75   -0.58     606     606
  7.500   0.177   0.169    1.55  246.59    4.07   -0.44  228.86   10.44   -0.68     595     595
  8.000   0.122   0.119    1.70  242.81    3.95   -0.27  225.96    9.76   -0.70     578     578
  8.500   0.085   0.084    1.69  239.01    3.84   -0.15  222.83    9.37   -0.62     577     577
  9.000   0.058   0.057    1.57  235.13    3.78   -0.08  219.61    8.85   -0.50     573     573
  9.500   0.036   0.037    1.69  231.35    3.73   -0.04  216.25    8.24   -0.43     553     553
 10.000   0.023   0.023    1.88  227.69    3.64    0.13  212.74    7.76   -0.38     545     545
 10.500   0.014   0.015    2.14  224.18    3.50    0.28  209.14    7.33   -0.28     539     539
 11.000 999.900 999.900  999.90  221.04    3.60    0.32  205.69    6.75   -0.31     488     488
 11.500 999.900 999.900  999.90  218.37    3.85    0.49  202.58    6.37   -0.24     439     439
 12.000 999.900 999.900  999.90  216.21    4.06    0.41  198.97    6.54   -0.00     354     354
 12.500 999.900 999.900  999.90  214.50    4.43    0.33  194.42    6.51    0.76     226     226
 13.000 999.900 999.900  999.90  213.29    4.52    0.09  191.42    6.06    1.26     201     201
 13.500 999.900 999.900  999.90  212.19    4.50   -0.18  188.63    5.48    2.06     160     160
 14.000 999.900 999.900  999.90  211.05    4.39   -0.20  186.79    5.00    2.72     110     110
 14.500 999.900 999.900  999.90  210.10    4.27   -0.02  185.40    2.41    1.65      70      70
 15.000 999.900 999.900  999.90  209.27    3.91    0.23  184.74    1.89    0.95      45      45
 15.500 999.900 999.900  999.90  208.39    3.69    0.39  184.58    1.70    0.83      27      27
 16.000 999.900 999.900  999.90  207.60    3.63    0.20  183.88    1.63    0.85      15      15
 16.500 999.900 999.900  999.90  207.23    3.68   -0.01  999.90  999.90  999.90       0       0
 17.000 999.900 999.900  999.90  207.07    3.70   -0.12  999.90  999.90  999.90       0       0
 17.500 999.900 999.900  999.90  206.97    3.56   -0.14  999.90  999.90  999.90       0       0
 18.000 999.900 999.900  999.90  207.22    3.53   -0.30  999.90  999.90  999.90       0       0
 18.500 999.900 999.900  999.90  207.63    3.28   -0.49  999.90  999.90  999.90       0       0
 19.000 999.900 999.900  999.90  208.18    3.00   -0.17  999.90  999.90  999.90       0       0
 19.500 999.900 999.900  999.90  208.73    2.60   -0.07  999.90  999.90  999.90       0       0
 20.000 999.900 999.900  999.90  209.32    2.52   -0.22  999.90  999.90  999.90       0       0
 20.500 999.900 999.900  999.90  210.19    2.22   -0.10  184.01    2.32    1.96      10      10
 21.000 999.900 999.900  999.90  210.85    2.44   -0.43  184.39    2.61    1.31      10      10
 21.500 999.900 999.900  999.90  211.52    2.23   -0.27  183.92    2.59    2.46      12      12
 22.000 999.900 999.900  999.90  212.13    2.03   -0.01  183.77    2.39    2.35      13      13
 22.500 999.900 999.900  999.90  212.84    2.01    0.27  183.38    0.90    1.44      18      18
 23.000 999.900 999.900  999.90  213.60    2.37   -0.15  183.67    0.82    0.22      23      23
 23.500 999.900 999.900  999.90  214.18    2.47   -0.29  183.67    0.90    1.36      27      27
 24.000 999.900 999.900  999.90  215.05    2.41   -0.40  184.02    1.21    0.92      34      34
 24.500 999.900 999.900  999.90  215.76    2.48   -0.45  184.38    1.47    1.10      37      37
 25.000 999.900 999.900  999.90  216.14    2.54   -0.52  184.60    1.68    1.29      36      36
 25.500 999.900 999.900  999.90  216.43    2.69   -0.65  184.73    1.77    0.83      34      34
 26.000 999.900 999.900  999.90  217.04    2.69   -0.98  185.24    1.92    0.83      33      33
 26.500 999.900 999.900  999.90  217.58    2.84   -1.08  185.66    1.83    0.90      35      35
 27.000 999.900 999.900  999.90  218.19    3.00   -0.74  185.94    1.92    0.91      35      35
 27.500 999.900 999.900  999.90  218.76    3.14   -1.00  186.53    2.14    0.65      32      32
 28.000 999.900 999.900  999.90  219.32    3.20   -0.72  187.00    2.06    1.02      33      33
 28.500 999.900 999.900  999.90  220.06    3.47    0.07  187.38    2.70    1.54      36      36
 29.000 999.900 999.900  999.90  220.56    3.21   -0.12  187.85    2.64    1.22      37      37
 29.500 999.900 999.900  999.90  221.25    3.07   -0.63  188.26    2.40    0.62      35      35
 30.000 999.900 999.900  999.90  221.83    3.00   -0.83  188.41    2.24    0.72      35      35
  T A B L E  III -  12.  M O I S T U R E  R E L A T E D  S T A T I S T I C A L  P A R A M E T E R S
                                  December
 STATION =   746120     CHINA LAKE NAWS, CA
      Z VAPOR P   SD VP SKEW VP      TV      TV SKEW TV DEWPT T  SD DPT SKW DPT NOBS TP NOBS TV   
           MEAN                    MEAN      SD            MEAN                                   
     KM      MB      MB          KELVIN  KELVIN          KELVIN  KELVIN                           
  0.000  16.000   6.000    0.00  291.00    6.00    0.00  290.00    7.00    0.00       0       0
  0.665   3.755   2.054    1.18  280.64    8.09   -0.46  264.92    7.18   -0.17     537     537
  1.000   3.638   1.725    1.06  282.20    3.79   -0.09  264.96    6.07   -0.03     537     537
  1.500   3.099   1.488    0.96  279.90    4.33   -0.16  262.82    6.26   -0.23     537     537
  2.000   2.618   1.394    0.96  277.63    5.01   -0.20  260.33    7.15   -0.55     537     537
  2.500   2.025   1.279    0.91  275.31    5.37   -0.32  256.29    8.94   -0.79     537     537
  3.000   1.562   1.162    1.06  273.00    5.30   -0.42  252.24   10.31   -0.59     537     537
  3.500   1.238   0.999    1.14  270.41    5.27   -0.53  248.82   11.29   -0.56     537     537
  4.000   0.988   0.825    1.21  267.42    5.25   -0.56  246.06   11.43   -0.54     536     536
  4.500   0.755   0.672    1.24  264.27    5.19   -0.58  242.76   11.56   -0.41     535     535
  5.000   0.586   0.537    1.34  260.95    5.10   -0.51  239.82   11.76   -0.46     534     534
  5.500   0.457   0.418    1.35  257.52    4.98   -0.48  237.51   11.14   -0.42     533     533
  6.000   0.353   0.319    1.27  254.03    4.87   -0.45  235.00   10.85   -0.46     533     533
  6.500   0.266   0.255    1.25  250.37    4.80   -0.38  232.28   10.82   -0.41     519     519
  7.000   0.194   0.194    1.41  246.67    4.68   -0.27  229.27   10.81   -0.43     510     510
  7.500   0.133   0.142    1.55  242.93    4.65   -0.19  225.83   10.61   -0.37     499     499
  8.000   0.086   0.098    1.76  239.17    4.47   -0.11  222.53    9.95   -0.28     472     472
  8.500   0.057   0.065    1.86  235.48    4.19    0.11  219.27    9.18   -0.16     470     470
  9.000   0.038   0.044    1.79  231.82    3.91    0.22  216.00    8.97   -0.20     467     467
  9.500   0.024   0.029    1.84  228.29    3.69    0.27  212.87    8.60   -0.22     436     436
 10.000   0.015   0.018    1.96  224.97    3.57    0.31  209.42    8.03   -0.08     434     434
 10.500 999.900 999.900  999.90  221.93    3.62    0.27  206.02    7.53   -0.02     422     422
 11.000 999.900 999.900  999.90  219.50    3.94    0.26  203.10    7.38    0.09     374     374
 11.500 999.900 999.900  999.90  217.66    4.46    0.35  200.11    7.58    0.25     322     322
 12.000 999.900 999.900  999.90  216.26    5.00    0.28  196.87    7.80    0.67     253     253
 12.500 999.900 999.900  999.90  215.52    5.37   -0.06  193.51    7.63    1.20     224     224
 13.000 999.900 999.900  999.90  214.90    5.42   -0.28  191.20    7.26    1.61     211     211
 13.500 999.900 999.900  999.90  214.40    4.96   -0.38  189.41    7.26    1.91     198     198
 14.000 999.900 999.900  999.90  214.00    4.28   -0.41  188.05    7.02    2.20     177     177
 14.500 999.900 999.900  999.90  213.32    3.89   -0.38  187.36    6.74    2.32     144     144
 15.000 999.900 999.900  999.90  212.57    3.74   -0.25  186.99    6.42    2.42     110     110
 15.500 999.900 999.900  999.90  211.45    3.35   -0.19  186.19    6.52    2.41      82      82
 16.000 999.900 999.900  999.90  210.61    3.45   -0.12  186.10    6.36    2.47      44      44
 16.500 999.900 999.900  999.90  210.02    3.45   -0.08  186.51    6.68    2.14      26      26
 17.000 999.900 999.900  999.90  209.69    3.30    0.25  186.43    6.73    2.05      24      24
 17.500 999.900 999.900  999.90  209.60    3.38    0.14  183.98    1.14   -0.06      14      14
 18.000 999.900 999.900  999.90  209.63    3.37   -0.01  183.67    1.00    0.43      13      13
 18.500 999.900 999.900  999.90  209.96    3.33   -0.09  183.75    1.04    0.45      14      14
 19.000 999.900 999.900  999.90  210.15    3.22   -0.23  183.68    1.22    0.87      12      12
 19.500 999.900 999.900  999.90  210.42    3.04   -0.15  999.90  999.90  999.90       0       0
 20.000 999.900 999.900  999.90  210.95    2.90   -0.07  999.90  999.90  999.90       0       0
 20.500 999.900 999.900  999.90  211.54    2.93   -0.14  183.37    0.85    0.66      10      10
 21.000 999.900 999.900  999.90  212.31    2.84   -0.25  999.90  999.90  999.90       0       0
 21.500 999.900 999.900  999.90  212.77    2.89    0.00  183.97    0.97   -0.07      10      10
 22.000 999.900 999.900  999.90  213.23    2.92   -0.09  999.90  999.90  999.90       0       0
 22.500 999.900 999.900  999.90  213.77    2.94   -0.10  999.90  999.90  999.90       0       0
 23.000 999.900 999.900  999.90  214.39    2.76   -0.20  183.82    0.84    0.23      10      10
 23.500 999.900 999.900  999.90  214.95    2.73   -0.10  184.32    1.71    1.82      16      16
 24.000 999.900 999.900  999.90  215.35    2.79   -0.19  184.41    1.69    1.67      16      16
 24.500 999.900 999.900  999.90  215.70    2.73   -0.18  184.92    2.00    0.85      13      13
 25.000 999.900 999.900  999.90  216.24    2.94   -0.37  184.92    1.89    0.58      16      16
 25.500 999.900 999.900  999.90  216.72    2.84   -0.61  185.35    2.35    1.67      17      17
 26.000 999.900 999.900  999.90  217.24    2.92   -0.81  185.48    2.31    1.20      18      18
 26.500 999.900 999.900  999.90  217.69    3.09   -0.87  185.46    1.76    0.14      17      17
 27.000 999.900 999.900  999.90  218.21    3.15   -0.94  185.61    2.06    0.04      19      19
 27.500 999.900 999.900  999.90  218.82    3.09   -0.49  185.96    2.30    0.27      20      20
 28.000 999.900 999.900  999.90  219.34    3.17   -0.35  186.70    2.49   -0.17      20      20
 28.500 999.900 999.900  999.90  219.81    2.97   -0.21  186.68    2.53   -0.08      19      19
 29.000 999.900 999.900  999.90  220.13    3.11   -0.23  187.26    2.87   -0.22      19      19
 29.500 999.900 999.900  999.90  220.69    3.36    0.06  187.73    2.97   -0.12      18      18
 30.000 999.900 999.900  999.90  221.64    3.71    0.46  188.16    3.48   -0.13      18      18
  T A B L E  III -  13.  M O I S T U R E  R E L A T E D  S T A T I S T I C A L  P A R A M E T E R S
                                    Annual
 STATION =   746120     CHINA LAKE NAWS, CA
      Z VAPOR P   SD VP SKEW VP      TV      TV SKEW TV DEWPT T  SD DPT SKW DPT NOBS TP NOBS TV   
           MEAN                    MEAN      SD            MEAN                                   
     KM      MB      MB          KELVIN  KELVIN          KELVIN  KELVIN                           
  0.000  16.000   6.000    0.00  291.00    6.00    0.00  290.00    7.00    0.00       0       0
  0.665   5.964   2.842    1.12  293.90   11.63   -0.11  271.38    6.85   -0.45    8336    8336
  1.000   5.338   2.475    0.92  292.91    8.62    0.02  269.96    6.57   -0.39    8336    8336
  1.500   4.555   2.191    1.02  289.64    8.31   -0.07  267.76    6.65   -0.38    8336    8336
  2.000   3.837   2.027    1.02  286.12    7.96   -0.13  265.15    7.50   -0.65    8336    8336
  2.500   3.173   1.918    0.96  282.60    7.52   -0.20  261.93    9.22   -0.94    8336    8336
  3.000   2.558   1.801    1.04  279.21    7.03   -0.30  258.21   10.95   -0.87    8335    8335
  3.500   2.003   1.604    1.21  275.91    6.63   -0.43  254.41   11.90   -0.69    8325    8325
  4.000   1.540   1.373    1.40  272.61    6.35   -0.53  250.68   12.33   -0.50    8319    8319
  4.500   1.171   1.126    1.61  269.28    6.18   -0.59  247.19   12.36   -0.38    8315    8315
  5.000   0.865   0.869    1.79  265.90    6.13   -0.62  243.79   12.09   -0.34    8289    8289
  5.500   0.639   0.661    1.96  262.46    6.13   -0.62  240.56   11.69   -0.28    8278    8278
  6.000   0.468   0.487    2.10  258.94    6.15   -0.59  237.49   11.21   -0.28    8269    8269
  6.500   0.333   0.353    2.22  255.31    6.19   -0.53  234.34   10.82   -0.29    8120    8120
  7.000   0.241   0.260    2.31  251.64    6.20   -0.46  231.28   10.48   -0.29    8074    8074
  7.500   0.172   0.189    2.40  247.90    6.20   -0.38  228.20   10.18   -0.28    7998    7998
  8.000   0.118   0.135    2.51  244.09    6.16   -0.30  225.14    9.76   -0.27    7721    7721
  8.500   0.081   0.093    2.58  240.28    6.07   -0.21  222.05    9.31   -0.27    7669    7669
  9.000   0.055   0.064    2.64  236.48    5.97   -0.12  218.91    8.90   -0.24    7603    7603
  9.500   0.035   0.042    2.73  232.71    5.85   -0.04  215.54    8.52   -0.22    7220    7220
 10.000   0.022   0.027    2.80  229.10    5.72    0.02  212.13    8.02   -0.19    7067    7067
 10.500   0.013   0.017    2.70  225.68    5.59    0.04  208.73    7.56   -0.12    6938    6938
 11.000 999.900 999.900  999.90  222.63    5.47    0.00  205.51    7.15   -0.07    6297    6297
 11.500 999.900 999.900  999.90  220.05    5.32   -0.04  202.43    6.86   -0.04    5582    5582
 12.000 999.900 999.900  999.90  218.02    5.16   -0.14  199.12    6.69    0.15    4877    4877
 12.500 999.900 999.900  999.90  216.48    4.92   -0.26  195.61    6.38    0.49    4102    4102
 13.000 999.900 999.900  999.90  215.32    4.55   -0.26  192.43    5.88    0.91    3786    3786
 13.500 999.900 999.900  999.90  214.25    4.20   -0.10  189.31    5.23    1.71    3046    3046
 14.000 999.900 999.900  999.90  213.08    4.11    0.08  187.38    4.89    2.47    2163    2163
 14.500 999.900 999.900  999.90  211.82    4.19    0.13  186.47    4.49    3.06    1591    1591
 15.000 999.900 999.900  999.90  210.63    4.30    0.14  185.77    4.10    3.54    1214    1214
 15.500 999.900 999.900  999.90  209.58    4.37    0.11  185.22    3.90    3.89     878     878
 16.000 999.900 999.900  999.90  208.84    4.35    0.15  185.09    3.84    3.87     637     637
 16.500 999.900 999.900  999.90  208.34    4.26    0.17  185.05    3.72    4.01     469     469
 17.000 999.900 999.900  999.90  208.17    3.96    0.18  184.80    3.62    4.19     379     379
 17.500 999.900 999.900  999.90  208.25    3.68    0.20  184.46    3.02    4.54     307     307
 18.000 999.900 999.900  999.90  208.65    3.41    0.10  184.39    3.01    4.71     280     280
 18.500 999.900 999.900  999.90  209.26    3.10    0.01  184.35    2.91    4.99     238     238
 19.000 999.900 999.900  999.90  209.94    2.82   -0.09  184.22    3.00    5.13     238     238
 19.500 999.900 999.900  999.90  210.63    2.66   -0.17  184.15    3.16    5.10     274     274
 20.000 999.900 999.900  999.90  211.38    2.59   -0.32  184.16    2.88    4.75     376     376
 20.500 999.900 999.900  999.90  212.14    2.48   -0.40  184.08    2.46    5.26     502     502
 21.000 999.900 999.900  999.90  212.91    2.49   -0.55  184.05    2.05    5.03     611     611
 21.500 999.900 999.900  999.90  213.72    2.47   -0.42  184.23    2.14    5.01     717     717
 22.000 999.900 999.900  999.90  214.54    2.51   -0.40  184.63    2.47    5.17     738     738
 22.500 999.900 999.900  999.90  215.34    2.58   -0.32  184.98    2.42    4.98     715     715
 23.000 999.900 999.900  999.90  216.09    2.72   -0.32  185.32    2.23    3.95     670     670
 23.500 999.900 999.900  999.90  216.80    2.83   -0.25  185.58    2.30    4.03     636     636
 24.000 999.900 999.900  999.90  217.55    2.95   -0.25  185.91    2.40    3.69     621     621
 24.500 999.900 999.900  999.90  218.34    3.12   -0.24  186.31    2.35    2.91     609     609
 25.000 999.900 999.900  999.90  219.02    3.26   -0.28  186.63    2.13    0.63     589     589
 25.500 999.900 999.900  999.90  219.74    3.41   -0.25  187.02    2.13   -0.26     584     584
 26.000 999.900 999.900  999.90  220.50    3.56   -0.20  187.48    2.25   -0.25     572     572
 26.500 999.900 999.900  999.90  221.22    3.69   -0.26  187.91    2.42   -0.20     565     565
 27.000 999.900 999.900  999.90  221.92    3.81   -0.27  188.35    2.54   -0.32     558     558
 27.500 999.900 999.900  999.90  222.72    3.99   -0.22  188.90    2.67   -0.29     544     544
 28.000 999.900 999.900  999.90  223.45    4.12   -0.22  189.42    2.72   -0.31     536     536
 28.500 999.900 999.900  999.90  224.16    4.21   -0.17  189.90    2.84   -0.26     526     526
 29.000 999.900 999.900  999.90  224.82    4.28   -0.21  190.47    2.83   -0.38     518     518
 29.500 999.900 999.900  999.90  225.58    4.34   -0.28  191.07    2.83   -0.47     506     506
 30.000 999.900 999.900  999.90  226.40    4.42   -0.26  191.65    2.99   -0.35     495     495
