      72381      34.91N  117.88W
  T A B L E  III -   1.  M O I S T U R E  R E L A T E D  S T A T I S T I C A L  P A R A M E T E R S
                                   January
 Station =   72381      Edwards AFB, CA
      Z VAPOR P   SD VP SKEW VP      TV      TV SKEW TV DEWPT T  SD DPT SKW DPT NOBS TP NOBS TV   
           MEAN                    MEAN      SD            MEAN                                   
     KM      MB      MB          KELVIN  KELVIN          KELVIN  KELVIN                           
  0.000  16.000   6.000    0.00  291.00    6.00    0.00  290.00    7.00    0.00       0       0
  0.723   5.622   2.247    0.94  280.39    6.53    0.31  270.99    5.75   -0.53     705     705
  1.000   4.958   2.076    0.59  282.42    4.14   -0.21  269.16    6.10   -0.60     705     705
  1.500   3.989   1.924    0.88  280.48    4.54   -0.27  266.00    6.61   -0.35     705     705
  2.000   3.194   1.785    0.96  278.26    4.71   -0.32  262.65    7.60   -0.42     705     705
  2.500   2.468   1.528    1.03  276.01    4.78   -0.52  258.85    8.80   -0.78     705     705
  3.000   1.950   1.263    1.11  273.46    4.79   -0.69  255.83    8.86   -0.68     705     705
  3.500   1.561   1.024    1.05  270.58    4.73   -0.78  253.10    8.94   -0.72     704     704
  4.000   1.211   0.809    1.17  267.51    4.74   -0.87  250.20    8.60   -0.60     704     704
  4.500   0.947   0.659    1.30  264.31    4.74   -0.90  247.25    8.73   -0.63     704     704
  5.000   0.737   0.525    1.20  260.90    4.73   -0.86  244.36    8.83   -0.63     704     704
  5.500   0.578   0.420    1.05  257.40    4.73   -0.80  241.54    9.11   -0.69     703     703
  6.000   0.435   0.316    1.09  253.78    4.70   -0.79  238.64    8.81   -0.68     703     703
  6.500   0.322   0.240    1.20  250.14    4.66   -0.77  235.66    8.64   -0.68     697     697
  7.000   0.237   0.181    1.37  246.38    4.62   -0.68  232.70    8.32   -0.63     696     696
  7.500   0.170   0.131    1.35  242.59    4.50   -0.55  229.53    8.17   -0.64     694     694
  8.000   0.120   0.093    1.33  238.86    4.31   -0.29  226.41    7.93   -0.63     689     689
  8.500   0.082   0.064    1.42  235.15    4.18   -0.00  223.15    7.55   -0.64     688     688
  9.000   0.055   0.043    1.47  231.49    4.01    0.33  219.84    7.19   -0.70     683     683
  9.500   0.036   0.027    1.33  227.89    3.97    0.64  216.64    6.64   -0.68     675     675
 10.000   0.024   0.018    1.49  224.51    4.10    0.89  213.55    6.08   -0.61     672     672
 10.500   0.016   0.013    2.01  221.56    4.30    0.99  210.78    5.69   -0.49     665     665
 11.000   0.011   0.011    2.28  219.25    4.83    0.93  208.91    5.84   -0.38     580     580
 11.500 999.900 999.900  999.90  217.70    5.37    0.73  208.18    5.93   -0.35     478     478
 12.000 999.900 999.900  999.90  216.89    5.66    0.31  207.60    6.33   -0.59     419     419
 12.500 999.900 999.900  999.90  216.70    5.66   -0.11  206.94    6.41   -0.80     440     440
 13.000 999.900 999.900  999.90  216.39    5.13   -0.41  205.89    6.55   -0.91     459     459
 13.500 999.900 999.900  999.90  215.83    4.57   -0.61  204.74    6.80   -0.91     444     444
 14.000 999.900 999.900  999.90  215.08    4.06   -0.63  203.85    6.63   -0.96     427     427
 14.500 999.900 999.900  999.90  213.94    3.64   -0.31  203.30    6.66   -1.08     324     324
 15.000 999.900 999.900  999.90  212.71    3.57   -0.08  203.11    6.34   -1.16     226     226
 15.500 999.900 999.900  999.90  211.45    3.69   -0.01  203.01    5.82   -1.27     174     174
 16.000 999.900 999.900  999.90  210.11    3.77   -0.01  202.36    6.08   -1.21      95      95
 16.500 999.900 999.900  999.90  209.19    3.90    0.07  202.69    6.61   -1.22      64      64
 17.000 999.900 999.900  999.90  208.55    4.02    0.07  203.52    5.15   -1.20      52      52
 17.500 999.900 999.900  999.90  208.32    4.08    0.04  203.14    5.05   -1.59      47      47
 18.000 999.900 999.900  999.90  208.23    4.09    0.06  202.77    5.12   -1.45      32      32
 18.500 999.900 999.900  999.90  208.34    3.89    0.00  203.70    3.85   -1.31      28      28
 19.000 999.900 999.900  999.90  208.79    3.86    0.06  202.44    5.55   -1.48      34      34
 19.500 999.900 999.900  999.90  209.32    3.77    0.16  202.15    5.63   -1.46      34      34
 20.000 999.900 999.900  999.90  209.77    3.57    0.20  203.24    4.36   -1.60      38      38
 20.500 999.900 999.900  999.90  210.29    3.50    0.01  204.03    4.57   -2.02      31      31
 21.000 999.900 999.900  999.90  210.82    3.49   -0.12  203.92    4.50   -1.73      35      35
 21.500 999.900 999.900  999.90  211.36    3.63   -0.23  203.99    5.42   -1.80      46      46
 22.000 999.900 999.900  999.90  211.75    3.69   -0.21  204.41    4.46   -1.96      53      53
 22.500 999.900 999.900  999.90  212.26    3.84   -0.10  205.53    3.52   -1.97      53      53
 23.000 999.900 999.900  999.90  212.80    3.78   -0.21  205.38    3.55   -1.95      62      62
 23.500 999.900 999.900  999.90  213.33    3.87   -0.38  205.55    3.63   -1.58      64      64
 24.000 999.900 999.900  999.90  214.07    3.87   -0.29  205.89    3.60   -1.18      67      67
 24.500 999.900 999.900  999.90  214.37    3.90   -0.22  205.65    4.68   -1.94      69      69
 25.000 999.900 999.900  999.90  214.88    4.02   -0.24  205.29    5.59   -1.78      71      71
 25.500 999.900 999.900  999.90  215.56    4.20   -0.35  205.45    5.76   -1.75      72      72
 26.000 999.900 999.900  999.90  216.15    4.09   -0.35  205.44    5.93   -1.70      72      72
 26.500 999.900 999.900  999.90  216.56    4.13   -0.42  204.67    6.87   -1.39      74      74
 27.000 999.900 999.900  999.90  217.11    4.14   -0.54  203.75    7.95   -1.04      74      74
 27.500 999.900 999.900  999.90  218.07    3.87   -0.49  203.11    8.58   -0.75      77      77
 28.000 999.900 999.900  999.90  218.69    4.13   -0.58  203.48    8.41   -0.70      75      75
 28.500 999.900 999.900  999.90  219.47    4.43   -0.26  202.81    8.70   -0.46      69      69
 29.000 999.900 999.900  999.90  220.32    4.70   -0.30  202.47    8.57   -0.38      65      65
 29.500 999.900 999.900  999.90  221.56    5.02   -0.06  203.32    8.70   -0.43      62      62
 30.000 999.900 999.900  999.90  223.39    5.22   -0.11  204.14    8.69   -0.49      53      53
  T A B L E  III -   2.  M O I S T U R E  R E L A T E D  S T A T I S T I C A L  P A R A M E T E R S
                                  February
 Station =   72381      Edwards AFB, CA
      Z VAPOR P   SD VP SKEW VP      TV      TV SKEW TV DEWPT T  SD DPT SKW DPT NOBS TP NOBS TV   
           MEAN                    MEAN      SD            MEAN                                   
     KM      MB      MB          KELVIN  KELVIN          KELVIN  KELVIN                           
  0.000  16.000   6.000    0.00  291.00    6.00    0.00  290.00    7.00    0.00       0       0
  0.723   6.185   2.328    0.34  282.16    6.19    0.50  272.36    5.62   -0.50     887     887
  1.000   5.150   2.201    0.49  282.96    4.75    0.32  269.60    6.30   -0.58     887     887
  1.500   4.016   1.837    0.58  280.31    5.03    0.12  266.16    6.52   -0.53     887     887
  2.000   3.150   1.602    0.59  277.38    5.09   -0.01  262.67    7.29   -0.64     887     887
  2.500   2.427   1.390    0.75  274.90    5.02   -0.24  258.92    8.21   -0.72     887     887
  3.000   1.846   1.167    0.96  272.41    5.02   -0.52  255.22    8.77   -0.71     887     887
  3.500   1.507   0.967    0.99  269.51    5.03   -0.59  252.72    8.83   -0.74     887     887
  4.000   1.188   0.801    1.10  266.36    4.95   -0.64  249.90    8.75   -0.60     885     885
  4.500   0.930   0.648    1.16  263.06    4.91   -0.67  247.01    8.82   -0.59     884     884
  5.000   0.724   0.511    1.25  259.70    4.91   -0.67  244.31    8.61   -0.58     882     882
  5.500   0.558   0.413    1.27  256.32    4.88   -0.66  241.30    8.83   -0.57     881     881
  6.000   0.416   0.307    1.30  252.80    4.79   -0.62  238.32    8.52   -0.59     881     881
  6.500   0.311   0.235    1.37  249.20    4.76   -0.60  235.37    8.42   -0.58     879     879
  7.000   0.226   0.177    1.45  245.48    4.75   -0.57  232.19    8.20   -0.48     878     878
  7.500   0.159   0.125    1.35  241.71    4.61   -0.50  228.95    7.95   -0.47     873     873
  8.000   0.110   0.086    1.29  237.91    4.41   -0.41  225.69    7.67   -0.48     868     868
  8.500   0.075   0.059    1.28  234.16    4.15   -0.29  222.39    7.37   -0.48     865     865
  9.000   0.050   0.039    1.36  230.49    3.81   -0.14  219.11    6.90   -0.45     862     862
  9.500   0.033   0.025    1.33  227.05    3.51   -0.10  215.96    6.26   -0.49     845     845
 10.000   0.022   0.016    1.18  223.89    3.43    0.11  212.99    5.71   -0.52     837     837
 10.500   0.015   0.011    1.16  221.19    3.83    0.50  210.33    5.41   -0.52     811     811
 11.000 999.900 999.900  999.90  218.94    4.59    0.83  208.49    5.54   -0.45     681     681
 11.500 999.900 999.900  999.90  217.61    5.33    0.62  207.65    5.86   -0.42     586     586
 12.000 999.900 999.900  999.90  217.06    5.86    0.19  207.22    6.34   -0.59     526     526
 12.500 999.900 999.900  999.90  217.03    5.81   -0.20  206.42    6.64   -0.73     561     561
 13.000 999.900 999.900  999.90  217.13    5.12   -0.53  205.53    6.84   -0.86     582     582
 13.500 999.900 999.900  999.90  216.69    4.37   -0.67  204.49    6.74   -0.88     594     594
 14.000 999.900 999.900  999.90  215.94    3.69   -0.39  203.40    6.91   -0.84     564     564
 14.500 999.900 999.900  999.90  214.80    3.32   -0.18  202.27    7.04   -0.82     468     468
 15.000 999.900 999.900  999.90  213.60    3.33   -0.01  201.84    6.94   -0.85     337     337
 15.500 999.900 999.900  999.90  212.39    3.45    0.06  201.82    6.61   -0.96     269     269
 16.000 999.900 999.900  999.90  211.34    3.55    0.12  202.05    6.70   -1.13     170     170
 16.500 999.900 999.900  999.90  210.29    3.71    0.22  202.69    6.09   -1.14     106     106
 17.000 999.900 999.900  999.90  209.58    3.88    0.19  202.01    6.18   -1.08      93      93
 17.500 999.900 999.900  999.90  209.19    4.01    0.28  201.82    6.18   -1.09      76      76
 18.000 999.900 999.900  999.90  209.00    4.01    0.30  201.69    6.20   -1.01      54      54
 18.500 999.900 999.900  999.90  209.06    3.84    0.10  201.71    5.53   -1.28      51      51
 19.000 999.900 999.900  999.90  209.16    3.55    0.05  201.80    5.38   -1.60      41      41
 19.500 999.900 999.900  999.90  209.56    3.47    0.03  202.70    4.37   -1.79      34      34
 20.000 999.900 999.900  999.90  210.05    3.21    0.24  201.83    5.46   -1.48      39      39
 20.500 999.900 999.900  999.90  210.48    2.94    0.34  202.45    5.20   -1.77      27      27
 21.000 999.900 999.900  999.90  211.00    2.76    0.29  201.40    5.66   -1.35      29      29
 21.500 999.900 999.900  999.90  211.48    2.55    0.34  200.88    6.29   -1.18      34      34
 22.000 999.900 999.900  999.90  212.07    2.52    0.34  200.45    6.45   -1.11      48      48
 22.500 999.900 999.900  999.90  212.65    2.55   -0.00  199.83    6.68   -0.86      51      51
 23.000 999.900 999.900  999.90  213.36    2.41   -0.13  199.20    7.29   -0.57      70      70
 23.500 999.900 999.900  999.90  213.76    2.26   -0.51  198.94    7.44   -0.44      81      81
 24.000 999.900 999.900  999.90  214.26    2.27   -0.61  199.77    7.19   -0.59      84      84
 24.500 999.900 999.900  999.90  214.82    2.26   -0.69  200.38    6.94   -0.66      91      91
 25.000 999.900 999.900  999.90  215.26    2.27   -0.92  200.33    7.36   -0.61      94      94
 25.500 999.900 999.900  999.90  215.83    2.14   -0.83  200.02    7.74   -0.43      94      94
 26.000 999.900 999.900  999.90  216.45    2.10   -0.20  200.55    7.57   -0.49     100     100
 26.500 999.900 999.900  999.90  217.30    2.35   -0.63  200.79    7.72   -0.38      93      93
 27.000 999.900 999.900  999.90  217.88    2.39   -0.40  200.58    7.80   -0.29      91      91
 27.500 999.900 999.900  999.90  218.70    2.30   -0.35  200.34    7.97   -0.12      79      79
 28.000 999.900 999.900  999.90  219.52    2.36   -0.04  200.57    8.15   -0.03      77      77
 28.500 999.900 999.900  999.90  220.72    2.61   -0.32  200.87    8.28    0.10      72      72
 29.000 999.900 999.900  999.90  221.69    2.73   -0.23  200.84    8.26    0.30      65      65
 29.500 999.900 999.900  999.90  222.73    3.07   -0.00  201.36    8.26    0.38      62      62
 30.000 999.900 999.900  999.90  223.90    3.20    0.33  201.79    8.23    0.46      57      57
  T A B L E  III -   3.  M O I S T U R E  R E L A T E D  S T A T I S T I C A L  P A R A M E T E R S
                                     March
 Station =   72381      Edwards AFB, CA
      Z VAPOR P   SD VP SKEW VP      TV      TV SKEW TV DEWPT T  SD DPT SKW DPT NOBS TP NOBS TV   
           MEAN                    MEAN      SD            MEAN                                   
     KM      MB      MB          KELVIN  KELVIN          KELVIN  KELVIN                           
  0.000  16.000   6.000    0.00  291.00    6.00    0.00  290.00    7.00    0.00       0       0
  0.723   6.883   2.350    0.18  285.21    6.78    0.48  273.97    5.34   -0.88    1039    1039
  1.000   5.615   2.104    0.29  285.46    4.98    0.09  271.02    5.70   -0.78    1039    1039
  1.500   4.297   1.743    0.48  282.82    5.05   -0.19  267.32    5.87   -0.66    1039    1039
  2.000   3.345   1.540    0.66  279.57    4.95   -0.32  263.79    6.45   -0.57    1039    1039
  2.500   2.504   1.383    0.80  276.65    4.78   -0.50  259.46    7.93   -0.74    1039    1039
  3.000   1.880   1.170    0.94  273.86    4.71   -0.73  255.39    8.93   -0.75    1039    1039
  3.500   1.427   0.959    1.09  270.93    4.71   -0.86  251.86    9.26   -0.70    1037    1037
  4.000   1.099   0.768    1.19  267.81    4.68   -0.99  248.74    9.22   -0.66    1037    1037
  4.500   0.872   0.621    1.27  264.56    4.61   -1.06  246.16    9.06   -0.62    1036    1036
  5.000   0.688   0.501    1.45  261.14    4.55   -1.09  243.67    8.71   -0.58    1033    1033
  5.500   0.537   0.402    1.48  257.63    4.53   -1.07  240.95    8.70   -0.57    1031    1031
  6.000   0.409   0.333    1.95  254.03    4.53   -1.03  237.92    8.80   -0.53    1031    1031
  6.500   0.304   0.261    2.00  250.34    4.51   -0.98  234.90    8.69   -0.46    1023    1023
  7.000   0.222   0.193    2.14  246.56    4.47   -0.86  231.93    8.37   -0.42    1020    1020
  7.500   0.161   0.142    2.28  242.75    4.33   -0.61  228.94    8.09   -0.37    1017    1017
  8.000   0.115   0.104    2.43  238.93    4.18   -0.34  225.93    7.74   -0.27    1013    1013
  8.500   0.080   0.074    2.47  235.13    4.04   -0.13  222.81    7.44   -0.23    1008    1008
  9.000   0.054   0.048    2.69  231.32    3.84    0.05  219.60    6.82   -0.17    1003    1003
  9.500   0.035   0.031    3.03  227.64    3.64    0.22  216.35    6.32   -0.16     997     997
 10.000   0.023   0.020    3.47  224.16    3.47    0.46  213.12    5.83   -0.16     993     993
 10.500   0.015   0.013    3.82  221.03    3.50    0.66  210.22    5.27   -0.19     984     984
 11.000 999.900 999.900  999.90  218.38    3.86    0.81  207.94    5.36   -0.38     842     842
 11.500 999.900 999.900  999.90  216.63    4.63    0.72  206.99    5.64   -0.50     671     671
 12.000 999.900 999.900  999.90  215.71    5.38    0.42  206.66    6.48   -0.64     534     534
 12.500 999.900 999.900  999.90  215.49    5.66    0.02  205.96    6.59   -0.70     584     584
 13.000 999.900 999.900  999.90  215.65    5.20   -0.37  204.97    6.72   -0.78     644     644
 13.500 999.900 999.900  999.90  215.56    4.45   -0.54  203.77    7.09   -0.77     660     660
 14.000 999.900 999.900  999.90  215.04    3.73   -0.29  202.84    7.23   -0.78     622     622
 14.500 999.900 999.900  999.90  214.18    3.41   -0.05  202.39    7.13   -0.80     505     505
 15.000 999.900 999.900  999.90  213.18    3.40   -0.00  202.12    7.01   -0.87     367     367
 15.500 999.900 999.900  999.90  212.09    3.42    0.05  201.84    6.88   -0.96     298     298
 16.000 999.900 999.900  999.90  211.15    3.56    0.12  202.12    6.74   -1.15     215     215
 16.500 999.900 999.900  999.90  210.47    3.75    0.10  202.42    6.54   -1.26     158     158
 17.000 999.900 999.900  999.90  209.94    3.83    0.08  202.59    6.44   -1.38     135     135
 17.500 999.900 999.900  999.90  209.76    3.78    0.06  202.44    6.02   -1.38     124     124
 18.000 999.900 999.900  999.90  209.88    3.63    0.00  202.07    6.05   -1.31      95      95
 18.500 999.900 999.900  999.90  210.02    3.36   -0.01  201.69    6.43   -1.29      91      91
 19.000 999.900 999.900  999.90  210.22    3.26   -0.15  201.27    6.79   -1.17      79      79
 19.500 999.900 999.900  999.90  210.75    3.04   -0.13  202.07    5.88   -1.51      73      73
 20.000 999.900 999.900  999.90  211.45    2.86    0.04  203.31    4.62   -2.19      74      74
 20.500 999.900 999.900  999.90  211.88    2.80    0.49  203.85    4.27   -2.00      74      74
 21.000 999.900 999.900  999.90  212.24    2.63    0.13  202.97    5.40   -1.76      78      78
 21.500 999.900 999.900  999.90  212.80    2.65    0.30  202.91    6.00   -1.59      86      86
 22.000 999.900 999.900  999.90  213.18    2.60    0.15  203.44    5.44   -1.83     101     101
 22.500 999.900 999.900  999.90  213.90    2.43    0.07  203.23    6.23   -1.65     116     116
 23.000 999.900 999.900  999.90  214.58    2.35    0.16  203.51    5.99   -1.68     138     138
 23.500 999.900 999.900  999.90  215.34    2.31    0.28  204.15    5.70   -1.76     150     150
 24.000 999.900 999.900  999.90  215.93    2.14    0.38  204.30    5.88   -1.75     155     155
 24.500 999.900 999.900  999.90  216.50    2.12    0.45  204.48    5.96   -1.69     164     164
 25.000 999.900 999.900  999.90  217.09    2.18    0.34  204.86    6.23   -1.60     159     159
 25.500 999.900 999.900  999.90  217.68    2.24    0.99  205.01    6.32   -1.56     161     161
 26.000 999.900 999.900  999.90  218.31    2.21    0.64  205.34    6.51   -1.50     160     160
 26.500 999.900 999.900  999.90  219.14    2.33    0.60  206.01    6.57   -1.49     160     160
 27.000 999.900 999.900  999.90  220.21    2.36    0.49  206.62    6.91   -1.38     147     147
 27.500 999.900 999.900  999.90  221.20    2.38    0.53  207.22    6.99   -1.29     137     137
 28.000 999.900 999.900  999.90  222.09    2.60    0.67  207.79    6.99   -1.23     135     135
 28.500 999.900 999.900  999.90  223.22    2.71    0.75  208.57    7.09   -1.23     129     129
 29.000 999.900 999.900  999.90  224.14    3.03    0.42  209.21    7.28   -1.19     120     120
 29.500 999.900 999.900  999.90  225.39    3.02    0.28  210.13    7.44   -1.12     115     115
 30.000 999.900 999.900  999.90  226.38    3.35    0.61  210.59    7.64   -1.02      95      95
  T A B L E  III -   4.  M O I S T U R E  R E L A T E D  S T A T I S T I C A L  P A R A M E T E R S
                                     April
 Station =   72381      Edwards AFB, CA
      Z VAPOR P   SD VP SKEW VP      TV      TV SKEW TV DEWPT T  SD DPT SKW DPT NOBS TP NOBS TV   
           MEAN                    MEAN      SD            MEAN                                   
     KM      MB      MB          KELVIN  KELVIN          KELVIN  KELVIN                           
  0.000  16.000   6.000    0.00  291.00    6.00    0.00  290.00    7.00    0.00       0       0
  0.723   7.314   2.323    0.26  288.44    7.01    0.50  274.95    4.89   -0.81     938     938
  1.000   6.013   2.068    0.34  288.05    5.44    0.17  272.13    5.11   -0.58     938     938
  1.500   4.497   1.746    0.81  285.23    5.43   -0.11  268.05    5.47   -0.52     938     938
  2.000   3.442   1.546    0.91  281.94    5.33   -0.28  264.22    6.37   -0.86     938     938
  2.500   2.657   1.316    0.82  278.73    5.11   -0.44  260.59    7.25   -1.08     937     937
  3.000   2.022   1.138    0.99  275.67    4.92   -0.65  256.87    7.82   -0.86     937     937
  3.500   1.562   0.944    1.20  272.64    4.80   -0.86  253.57    8.09   -0.79     936     936
  4.000   1.192   0.768    1.42  269.62    4.78   -1.00  250.32    8.04   -0.61     935     935
  4.500   0.930   0.606    1.55  266.43    4.68   -1.14  247.55    7.86   -0.69     935     935
  5.000   0.721   0.480    1.45  263.09    4.63   -1.22  244.65    7.85   -0.60     935     935
  5.500   0.557   0.378    1.57  259.62    4.56   -1.22  241.90    7.64   -0.53     935     935
  6.000   0.427   0.293    1.47  256.06    4.41   -1.15  239.07    7.55   -0.49     934     934
  6.500   0.316   0.219    1.40  252.43    4.23   -1.01  236.05    7.43   -0.50     930     930
  7.000   0.233   0.163    1.40  248.71    4.02   -0.84  233.11    7.28   -0.55     925     925
  7.500   0.170   0.120    1.50  244.89    3.82   -0.67  230.16    7.02   -0.58     922     922
  8.000   0.120   0.090    1.63  241.06    3.68   -0.56  227.18    6.68   -0.44     902     902
  8.500   0.083   0.062    1.72  237.16    3.52   -0.41  223.92    6.38   -0.40     899     899
  9.000   0.055   0.041    1.79  233.31    3.34   -0.31  220.61    5.96   -0.41     895     895
  9.500   0.036   0.026    1.53  229.54    3.18   -0.18  217.24    5.57   -0.47     889     889
 10.000   0.024   0.016    1.40  225.90    3.10    0.01  213.98    5.28   -0.50     889     889
 10.500   0.016   0.010    1.30  222.43    3.15    0.39  210.78    4.91   -0.45     888     888
 11.000 999.900 999.900  999.90  219.31    3.43    0.74  207.98    4.80   -0.42     812     812
 11.500 999.900 999.900  999.90  216.72    3.98    1.04  205.84    5.01   -0.36     690     690
 12.000 999.900 999.900  999.90  214.79    4.63    0.94  205.03    5.70   -0.32     424     424
 12.500 999.900 999.900  999.90  213.91    5.25    0.56  204.75    6.29   -0.57     382     382
 13.000 999.900 999.900  999.90  213.88    5.38    0.12  204.02    6.77   -0.64     421     421
 13.500 999.900 999.900  999.90  214.06    5.04   -0.22  203.00    6.96   -0.64     463     463
 14.000 999.900 999.900  999.90  214.00    4.47   -0.40  202.55    6.98   -0.69     435     435
 14.500 999.900 999.900  999.90  213.61    3.93   -0.41  201.72    7.19   -0.60     382     382
 15.000 999.900 999.900  999.90  213.02    3.59   -0.19  200.99    7.41   -0.59     317     317
 15.500 999.900 999.900  999.90  212.17    3.50   -0.07  201.18    7.02   -0.75     257     257
 16.000 999.900 999.900  999.90  211.39    3.49   -0.02  201.44    6.88   -0.90     174     174
 16.500 999.900 999.900  999.90  210.82    3.61   -0.09  201.03    7.09   -0.78     132     132
 17.000 999.900 999.900  999.90  210.49    3.65   -0.03  201.45    6.76   -0.87     121     121
 17.500 999.900 999.900  999.90  210.38    3.51    0.09  201.26    6.96   -0.87     101     101
 18.000 999.900 999.900  999.90  210.29    3.26   -0.06  201.88    6.79   -1.11      84      84
 18.500 999.900 999.900  999.90  210.51    3.16   -0.03  201.59    7.28   -1.02      82      82
 19.000 999.900 999.900  999.90  211.04    3.13   -0.09  201.89    6.81   -1.12      91      91
 19.500 999.900 999.900  999.90  211.60    2.89   -0.14  201.65    6.93   -1.09      89      89
 20.000 999.900 999.900  999.90  212.04    2.76   -0.04  202.45    6.27   -1.42      83      83
 20.500 999.900 999.900  999.90  212.73    2.77    0.23  202.87    5.48   -1.47      79      79
 21.000 999.900 999.900  999.90  213.43    2.75    0.25  203.57    4.81   -1.85      81      81
 21.500 999.900 999.900  999.90  213.93    2.81    0.22  203.22    5.87   -1.67      96      96
 22.000 999.900 999.900  999.90  214.54    2.71    0.10  203.62    5.95   -1.62     101     101
 22.500 999.900 999.900  999.90  215.13    2.59   -0.02  204.22    5.78   -1.57     102     102
 23.000 999.900 999.900  999.90  215.82    2.60    0.17  204.11    6.11   -1.30     116     116
 23.500 999.900 999.900  999.90  216.54    2.66    0.11  204.45    5.96   -1.23     124     124
 24.000 999.900 999.900  999.90  217.32    2.60    0.22  204.66    6.11   -1.14     131     131
 24.500 999.900 999.900  999.90  218.15    2.68    0.16  205.32    6.12   -1.19     123     123
 25.000 999.900 999.900  999.90  218.79    2.67   -0.05  205.73    6.33   -1.13     125     125
 25.500 999.900 999.900  999.90  219.71    2.66   -0.25  206.34    6.34   -1.11     125     125
 26.000 999.900 999.900  999.90  220.56    2.57   -0.33  207.04    6.31   -1.10     124     124
 26.500 999.900 999.900  999.90  221.67    2.65   -0.04  207.85    6.38   -1.04     123     123
 27.000 999.900 999.900  999.90  222.73    2.70   -0.02  208.42    6.55   -0.93     116     116
 27.500 999.900 999.900  999.90  223.67    2.96   -0.01  208.76    6.80   -0.74     107     107
 28.000 999.900 999.900  999.90  224.89    3.07   -0.08  209.46    6.89   -0.62     102     102
 28.500 999.900 999.900  999.90  225.74    3.14   -0.10  209.53    6.95   -0.59      91      91
 29.000 999.900 999.900  999.90  226.65    3.07   -0.01  209.41    6.97   -0.61      80      80
 29.500 999.900 999.900  999.90  227.67    3.13    0.26  209.61    6.92   -0.47      72      72
 30.000 999.900 999.900  999.90  228.75    3.23    0.29  208.98    7.21   -0.16      59      59
  T A B L E  III -   5.  M O I S T U R E  R E L A T E D  S T A T I S T I C A L  P A R A M E T E R S
                                       May
 Station =   72381      Edwards AFB, CA
      Z VAPOR P   SD VP SKEW VP      TV      TV SKEW TV DEWPT T  SD DPT SKW DPT NOBS TP NOBS TV   
           MEAN                    MEAN      SD            MEAN                                   
     KM      MB      MB          KELVIN  KELVIN          KELVIN  KELVIN                           
  0.000  16.000   6.000    0.00  291.00    6.00    0.00  290.00    7.00    0.00       0       0
  0.723   8.627   2.688    0.42  292.45    6.80    0.61  277.33    4.77   -0.70     796     796
  1.000   7.263   2.432    0.32  291.92    5.45    0.07  274.79    5.07   -0.66     796     796
  1.500   5.648   2.083    0.40  289.28    5.31   -0.17  271.16    5.45   -0.62     796     796
  2.000   4.352   1.815    0.38  286.09    5.19   -0.32  267.39    6.16   -0.74     796     796
  2.500   3.379   1.561    0.42  282.82    4.89   -0.45  263.82    6.78   -0.77     796     796
  3.000   2.663   1.381    0.50  279.53    4.63   -0.61  260.36    7.78   -0.91     796     796
  3.500   2.059   1.237    0.64  276.28    4.40   -0.74  256.76    8.50   -0.68     793     793
  4.000   1.610   1.028    0.82  273.05    4.22   -0.88  253.71    8.43   -0.50     792     792
  4.500   1.227   0.826    1.14  269.77    4.15   -0.95  250.42    8.48   -0.51     792     792
  5.000   0.927   0.653    1.13  266.41    4.05   -0.96  247.31    8.37   -0.43     783     783
  5.500   0.710   0.501    1.09  263.00    4.00   -0.91  244.40    8.25   -0.50     781     781
  6.000   0.546   0.395    1.11  259.55    3.99   -0.92  241.56    8.05   -0.35     781     781
  6.500   0.394   0.297    1.17  255.92    3.92   -0.90  238.41    7.83   -0.34     764     764
  7.000   0.295   0.233    1.22  252.25    3.85   -0.86  235.45    7.88   -0.32     756     756
  7.500   0.211   0.167    1.28  248.44    3.75   -0.86  232.31    7.50   -0.30     752     752
  8.000   0.148   0.119    1.29  244.56    3.65   -0.81  229.25    7.14   -0.27     739     739
  8.500   0.102   0.083    1.37  240.73    3.44   -0.63  225.86    6.92   -0.28     736     736
  9.000   0.069   0.056    1.30  236.87    3.19   -0.32  222.65    6.54   -0.34     726     726
  9.500   0.047   0.037    1.22  233.03    2.93    0.09  219.59    6.03   -0.37     723     723
 10.000   0.032   0.024    1.18  229.24    2.83    0.35  216.50    5.60   -0.41     718     718
 10.500   0.021   0.015    1.11  225.57    2.88    0.50  213.25    5.27   -0.47     715     715
 11.000   0.013   0.010    0.99  222.07    2.97    0.67  210.09    4.93   -0.51     710     710
 11.500 999.900 999.900  999.90  218.97    3.19    0.92  207.24    4.77   -0.52     696     696
 12.000 999.900 999.900  999.90  216.43    3.69    0.94  205.27    5.11   -0.50     503     503
 12.500 999.900 999.900  999.90  214.57    4.30    0.77  204.73    5.49   -0.51     321     321
 13.000 999.900 999.900  999.90  213.72    4.70    0.39  203.92    5.87   -0.55     319     319
 13.500 999.900 999.900  999.90  213.39    4.82    0.05  203.06    6.48   -0.64     321     321
 14.000 999.900 999.900  999.90  213.32    4.52   -0.21  202.37    6.86   -0.70     321     321
 14.500 999.900 999.900  999.90  212.99    4.14   -0.30  201.54    7.06   -0.66     294     294
 15.000 999.900 999.900  999.90  212.46    3.71   -0.22  200.95    7.02   -0.64     243     243
 15.500 999.900 999.900  999.90  211.80    3.56   -0.14  200.57    6.97   -0.71     208     208
 16.000 999.900 999.900  999.90  211.22    3.55    0.07  200.69    6.96   -0.78     157     157
 16.500 999.900 999.900  999.90  210.72    3.62    0.07  200.69    6.86   -0.86     126     126
 17.000 999.900 999.900  999.90  210.60    3.54   -0.01  200.71    6.76   -0.88     111     111
 17.500 999.900 999.900  999.90  210.55    3.52   -0.08  200.75    6.41   -0.87     101     101
 18.000 999.900 999.900  999.90  210.40    3.32   -0.15  200.06    6.77   -0.80      73      73
 18.500 999.900 999.900  999.90  210.67    3.07   -0.09  199.51    6.95   -0.56      74      74
 19.000 999.900 999.900  999.90  211.21    2.99    0.19  199.64    7.04   -0.49      75      75
 19.500 999.900 999.900  999.90  211.84    2.87    0.14  200.32    7.25   -0.69      80      80
 20.000 999.900 999.900  999.90  212.68    2.50    0.13  201.09    7.03   -0.88      95      95
 20.500 999.900 999.900  999.90  213.60    2.37    0.21  201.53    6.76   -0.97     123     123
 21.000 999.900 999.900  999.90  214.53    2.26    0.03  201.10    7.57   -0.74     131     131
 21.500 999.900 999.900  999.90  215.44    2.12    0.11  201.89    7.03   -0.86     150     150
 22.000 999.900 999.900  999.90  216.22    2.05    0.07  202.27    7.21   -0.86     153     153
 22.500 999.900 999.900  999.90  216.98    2.02    0.04  203.11    7.01   -0.98     152     152
 23.000 999.900 999.900  999.90  217.91    1.92    0.05  204.14    6.56   -1.11     148     148
 23.500 999.900 999.900  999.90  218.80    1.94    0.02  204.90    6.40   -1.08     139     139
 24.000 999.900 999.900  999.90  219.61    1.87    0.22  205.66    6.21   -1.17     134     134
 24.500 999.900 999.900  999.90  220.39    1.76    0.02  206.37    6.12   -1.22     131     131
 25.000 999.900 999.900  999.90  221.41    1.90   -0.20  207.49    5.73   -1.28     120     120
 25.500 999.900 999.900  999.90  222.45    1.90   -0.03  208.32    5.76   -1.29     114     114
 26.000 999.900 999.900  999.90  223.54    2.02    0.21  209.00    5.88   -1.23     112     112
 26.500 999.900 999.900  999.90  224.60    2.33   -0.06  209.58    5.85   -1.13     110     110
 27.000 999.900 999.900  999.90  225.61    2.18    0.29  210.35    5.93   -1.17     103     103
 27.500 999.900 999.900  999.90  226.45    2.22    0.25  210.63    6.11   -1.04      96      96
 28.000 999.900 999.900  999.90  227.40    2.20    0.26  211.19    6.46   -0.97      94      94
 28.500 999.900 999.900  999.90  228.28    2.20    0.37  211.52    6.84   -0.86      85      85
 29.000 999.900 999.900  999.90  229.21    2.27    0.41  211.93    7.07   -0.75      81      81
 29.500 999.900 999.900  999.90  230.33    2.40    0.14  212.55    7.33   -0.72      78      78
 30.000 999.900 999.900  999.90  231.36    2.44    0.07  213.45    7.28   -0.82      67      67
  T A B L E  III -   6.  M O I S T U R E  R E L A T E D  S T A T I S T I C A L  P A R A M E T E R S
                                      June
 Station =   72381      Edwards AFB, CA
      Z VAPOR P   SD VP SKEW VP      TV      TV SKEW TV DEWPT T  SD DPT SKW DPT NOBS TP NOBS TV   
           MEAN                    MEAN      SD            MEAN                                   
     KM      MB      MB          KELVIN  KELVIN          KELVIN  KELVIN                           
  0.000  16.000   6.000    0.00  291.00    6.00    0.00  290.00    7.00    0.00       0       0
  0.723   9.246   2.728    0.64  296.64    7.04    0.40  278.43    4.32   -0.22     799     799
  1.000   7.721   2.447    0.09  296.19    5.50   -0.29  275.66    5.20   -1.36     799     799
  1.500   5.972   2.084    0.07  293.64    5.26   -0.71  271.87    5.94   -1.77     799     799
  2.000   4.604   1.860    0.18  290.51    5.15   -0.89  268.07    6.60   -1.36     799     799
  2.500   3.544   1.702    0.38  287.20    4.91   -1.05  264.06    8.10   -1.54     799     799
  3.000   2.794   1.517    0.56  283.77    4.59   -1.11  260.56    9.00   -1.42     799     799
  3.500   2.181   1.329    0.87  280.38    4.37   -1.15  257.23    9.15   -1.08     798     798
  4.000   1.652   1.077    1.14  277.06    4.18   -1.23  253.78    8.97   -0.79     798     798
  4.500   1.281   0.878    1.31  273.79    4.05   -1.28  250.56    9.36   -0.91     798     798
  5.000   0.976   0.664    1.26  270.39    3.95   -1.28  247.53    9.10   -0.90     797     797
  5.500   0.743   0.536    1.37  266.99    3.88   -1.26  244.33    9.16   -0.77     797     797
  6.000   0.551   0.380    1.26  263.43    3.74   -1.23  241.27    8.86   -0.93     797     797
  6.500   0.407   0.286    1.34  259.83    3.61   -1.11  238.22    8.57   -0.91     792     792
  7.000   0.307   0.215    1.38  256.15    3.50   -0.99  235.38    8.47   -1.00     791     791
  7.500   0.228   0.160    1.36  252.35    3.36   -0.76  232.66    8.09   -1.02     787     787
  8.000   0.167   0.125    1.56  248.50    3.31   -0.65  229.87    7.85   -0.95     772     772
  8.500   0.123   0.093    1.41  244.62    3.27   -0.59  227.05    7.70   -0.91     766     766
  9.000   0.085   0.064    1.63  240.74    3.16   -0.48  223.93    7.31   -1.01     763     763
  9.500   0.059   0.043    1.66  236.88    3.08   -0.36  220.83    6.99   -1.08     758     758
 10.000   0.040   0.029    1.21  233.05    3.01   -0.23  217.84    6.52   -1.09     755     755
 10.500   0.027   0.019    1.02  229.39    2.99   -0.15  214.80    6.15   -1.20     748     748
 11.000   0.018   0.013    1.24  225.93    3.09    0.08  211.88    5.80   -1.13     738     738
 11.500   0.012   0.009    1.10  222.77    3.20    0.40  209.01    5.67   -1.13     735     735
 12.000 999.900 999.900  999.90  219.88    3.37    0.59  206.49    5.61   -1.00     714     714
 12.500 999.900 999.900  999.90  217.49    3.64    0.64  204.54    6.03   -0.94     573     573
 13.000 999.900 999.900  999.90  215.62    3.92    0.55  203.11    6.62   -0.82     478     478
 13.500 999.900 999.900  999.90  214.24    3.98    0.38  202.41    7.05   -0.88     363     363
 14.000 999.900 999.900  999.90  213.07    3.96    0.29  202.07    7.03   -0.83     296     296
 14.500 999.900 999.900  999.90  211.99    3.95    0.26  201.75    7.27   -0.88     226     226
 15.000 999.900 999.900  999.90  210.91    4.02    0.34  202.86    6.78   -1.03     136     136
 15.500 999.900 999.900  999.90  209.86    4.09    0.34  202.41    6.69   -1.04     110     110
 16.000 999.900 999.900  999.90  208.94    3.98    0.28  202.49    6.42   -1.17      68      68
 16.500 999.900 999.900  999.90  208.34    3.91    0.27  202.46    6.03   -1.40      57      57
 17.000 999.900 999.900  999.90  208.18    3.75    0.28  202.43    5.51   -1.57      51      51
 17.500 999.900 999.900  999.90  208.36    3.50    0.31  202.36    6.03   -1.47      46      46
 18.000 999.900 999.900  999.90  208.79    3.17    0.29  202.46    6.16   -1.42      37      37
 18.500 999.900 999.900  999.90  209.69    2.69    0.18  202.03    6.50   -1.26      30      30
 19.000 999.900 999.900  999.90  210.84    2.46    0.17  201.29    6.47   -1.18      55      55
 19.500 999.900 999.900  999.90  211.86    2.29   -0.04  201.68    6.04   -1.43      66      66
 20.000 999.900 999.900  999.90  212.90    2.13    0.07  202.01    5.89   -1.44     115     115
 20.500 999.900 999.900  999.90  213.97    1.97    0.16  201.96    6.33   -1.36     148     148
 21.000 999.900 999.900  999.90  215.03    1.93    0.19  202.00    6.68   -1.21     175     175
 21.500 999.900 999.900  999.90  216.18    1.79   -0.10  202.46    6.70   -1.15     190     190
 22.000 999.900 999.900  999.90  217.13    1.74   -0.31  202.42    7.11   -0.95     185     185
 22.500 999.900 999.900  999.90  218.09    1.78   -0.19  203.56    6.92   -1.08     175     175
 23.000 999.900 999.900  999.90  219.12    1.76    0.17  204.57    6.90   -1.18     163     163
 23.500 999.900 999.900  999.90  220.04    1.71    0.10  205.37    6.88   -1.23     151     151
 24.000 999.900 999.900  999.90  221.11    1.67    0.11  206.76    6.35   -1.47     143     143
 24.500 999.900 999.900  999.90  222.14    1.79   -0.04  208.04    5.98   -1.68     134     134
 25.000 999.900 999.900  999.90  223.11    1.89    0.47  209.15    5.66   -1.85     126     126
 25.500 999.900 999.900  999.90  223.97    1.83   -0.12  209.90    5.53   -1.87     124     124
 26.000 999.900 999.900  999.90  224.87    1.83   -0.03  210.51    5.64   -1.85     120     120
 26.500 999.900 999.900  999.90  225.80    1.84    0.09  211.11    5.65   -1.77     119     119
 27.000 999.900 999.900  999.90  226.71    1.71    0.19  211.71    5.71   -1.88     112     112
 27.500 999.900 999.900  999.90  227.51    1.67    0.50  212.44    5.50   -1.91     104     104
 28.000 999.900 999.900  999.90  228.49    1.82    0.21  213.10    5.58   -1.92     103     103
 28.500 999.900 999.900  999.90  229.48    1.94    0.14  213.79    5.76   -1.80      99      99
 29.000 999.900 999.900  999.90  230.40    1.95    0.30  214.27    5.96   -1.66      91      91
 29.500 999.900 999.900  999.90  231.42    1.97    0.26  214.96    6.08   -1.51      90      90
 30.000 999.900 999.900  999.90  232.21    2.01   -0.07  215.25    6.36   -1.33      83      83
  T A B L E  III -   7.  M O I S T U R E  R E L A T E D  S T A T I S T I C A L  P A R A M E T E R S
                                      July
 Station =   72381      Edwards AFB, CA
      Z VAPOR P   SD VP SKEW VP      TV      TV SKEW TV DEWPT T  SD DPT SKW DPT NOBS TP NOBS TV   
           MEAN                    MEAN      SD            MEAN                                   
     KM      MB      MB          KELVIN  KELVIN          KELVIN  KELVIN                           
  0.000  16.000   6.000    0.00  291.00    6.00    0.00  290.00    7.00    0.00       0       0
  0.723  10.501   3.447    0.70  300.97    6.59    0.33  280.12    4.99   -0.44     844     844
  1.000   9.133   3.022    0.65  300.65    3.95    0.02  278.10    4.92   -0.38     844     844
  1.500   7.119   2.804    0.58  298.09    3.26   -0.27  274.20    6.10   -0.95     844     844
  2.000   5.821   2.703    0.59  294.84    2.87   -0.35  270.96    7.27   -0.93     844     844
  2.500   4.964   2.547    0.56  291.32    2.56   -0.36  268.45    8.03   -0.87     844     844
  3.000   4.265   2.385    0.48  287.58    2.32   -0.25  265.98    8.96   -0.89     844     844
  3.500   3.601   2.170    0.50  283.82    2.11   -0.27  263.43    9.48   -0.78     844     844
  4.000   2.901   1.878    0.63  280.14    1.98   -0.43  260.35    9.90   -0.71     844     844
  4.500   2.250   1.585    0.80  276.52    1.89   -0.55  256.84   10.22   -0.60     844     844
  5.000   1.688   1.268    0.97  273.02    1.83   -0.49  253.19   10.20   -0.50     844     844
  5.500   1.266   1.005    1.15  269.44    1.76   -0.18  249.62   10.27   -0.46     844     844
  6.000   0.933   0.781    1.39  265.96    1.72   -0.08  246.17    9.91   -0.35     844     844
  6.500   0.667   0.579    1.66  262.49    1.76   -0.10  242.54    9.63   -0.34     842     842
  7.000   0.490   0.440    1.73  259.04    1.86   -0.26  239.13    9.65   -0.33     841     841
  7.500   0.347   0.307    1.80  255.46    1.91   -0.37  235.77    9.27   -0.38     838     838
  8.000   0.250   0.217    1.76  251.82    2.04   -0.34  232.76    8.90   -0.44     831     831
  8.500   0.176   0.153    1.91  248.15    2.13   -0.31  229.49    8.61   -0.46     830     830
  9.000   0.122   0.103    1.71  244.50    2.22   -0.16  226.25    8.21   -0.49     826     826
  9.500   0.085   0.071    1.51  240.85    2.33   -0.15  223.08    8.02   -0.50     824     824
 10.000   0.057   0.047    1.49  237.24    2.36   -0.13  219.84    7.68   -0.55     820     820
 10.500   0.039   0.030    1.29  233.61    2.34   -0.16  216.73    7.28   -0.62     815     815
 11.000   0.026   0.019    1.21  230.09    2.33   -0.19  213.65    6.88   -0.70     808     808
 11.500   0.017   0.012    0.91  226.75    2.30   -0.31  210.67    6.44   -0.78     805     805
 12.000   0.011   0.008    0.87  223.54    2.35   -0.15  207.75    6.21   -0.78     796     796
 12.500 999.900 999.900  999.90  220.38    2.42    0.14  205.16    5.99   -0.77     774     774
 13.000 999.900 999.900  999.90  217.36    2.37    0.47  202.57    5.96   -0.72     741     741
 13.500 999.900 999.900  999.90  214.45    2.35    0.69  199.73    6.88   -0.38     384     384
 14.000 999.900 999.900  999.90  211.83    2.41    0.63  199.83    6.56   -0.67     186     186
 14.500 999.900 999.900  999.90  209.45    2.51    0.53  201.27    6.07   -1.04      44      44
 15.000 999.900 999.900  999.90  207.56    2.63    0.45  202.29    4.21   -1.92      17      17
 15.500 999.900 999.900  999.90  206.26    2.78    0.44  999.90  999.90  999.90       0       0
 16.000 999.900 999.900  999.90  205.55    2.75    0.40  999.90  999.90  999.90       0       0
 16.500 999.900 999.900  999.90  205.42    2.71    0.26  999.90  999.90  999.90       0       0
 17.000 999.900 999.900  999.90  205.78    2.63    0.10  999.90  999.90  999.90       0       0
 17.500 999.900 999.900  999.90  206.50    2.52   -0.02  999.90  999.90  999.90       0       0
 18.000 999.900 999.900  999.90  207.62    2.50   -0.11  999.90  999.90  999.90       0       0
 18.500 999.900 999.900  999.90  208.97    2.49   -0.22  202.73    4.06   -0.89      10      10
 19.000 999.900 999.900  999.90  210.46    2.26   -0.04  202.87    3.73   -1.53      44      44
 19.500 999.900 999.900  999.90  211.76    2.18   -0.01  203.71    3.45   -1.48      65      65
 20.000 999.900 999.900  999.90  213.02    1.89    0.00  202.48    5.32   -1.61     148     148
 20.500 999.900 999.900  999.90  214.15    1.82    0.14  201.93    6.01   -1.29     231     231
 21.000 999.900 999.900  999.90  215.36    1.76   -0.14  201.88    6.68   -1.16     273     273
 21.500 999.900 999.900  999.90  216.50    1.65   -0.04  202.30    6.66   -1.12     301     301
 22.000 999.900 999.900  999.90  217.51    1.72    0.41  202.98    6.81   -1.16     293     293
 22.500 999.900 999.900  999.90  218.52    1.67   -0.10  203.96    6.66   -1.26     280     280
 23.000 999.900 999.900  999.90  219.49    1.73   -0.09  205.05    6.43   -1.41     261     261
 23.500 999.900 999.900  999.90  220.36    1.71    0.19  205.89    6.32   -1.52     247     247
 24.000 999.900 999.900  999.90  221.37    1.71    0.32  206.77    6.30   -1.57     238     238
 24.500 999.900 999.900  999.90  222.34    1.64   -0.02  207.71    6.10   -1.63     221     221
 25.000 999.900 999.900  999.90  223.20    1.73    0.04  208.63    5.86   -1.76     212     212
 25.500 999.900 999.900  999.90  224.13    1.70    0.17  209.53    5.70   -1.84     207     207
 26.000 999.900 999.900  999.90  225.00    1.77    0.27  210.15    5.67   -1.84     207     207
 26.500 999.900 999.900  999.90  225.83    1.79    0.06  210.61    5.82   -1.75     204     204
 27.000 999.900 999.900  999.90  226.70    1.77    0.04  211.13    5.89   -1.74     196     196
 27.500 999.900 999.900  999.90  227.68    1.90    0.17  211.74    6.11   -1.67     192     192
 28.000 999.900 999.900  999.90  228.62    1.91    0.11  212.39    6.20   -1.62     192     192
 28.500 999.900 999.900  999.90  229.54    2.04    0.26  212.90    6.44   -1.51     181     181
 29.000 999.900 999.900  999.90  230.36    2.10    0.17  213.38    6.58   -1.48     174     174
 29.500 999.900 999.900  999.90  231.28    2.17    0.05  213.96    6.69   -1.46     168     168
 30.000 999.900 999.900  999.90  232.20    2.24    0.02  214.67    6.70   -1.48     152     152
  T A B L E  III -   8.  M O I S T U R E  R E L A T E D  S T A T I S T I C A L  P A R A M E T E R S
                                    August
 Station =   72381      Edwards AFB, CA
      Z VAPOR P   SD VP SKEW VP      TV      TV SKEW TV DEWPT T  SD DPT SKW DPT NOBS TP NOBS TV   
           MEAN                    MEAN      SD            MEAN                                   
     KM      MB      MB          KELVIN  KELVIN          KELVIN  KELVIN                           
  0.000  16.000   6.000    0.00  291.00    6.00    0.00  290.00    7.00    0.00       0       0
  0.723  10.372   3.056    0.55  300.04    6.95    0.54  280.09    4.41   -0.28     840     840
  1.000   9.121   3.230    0.86  300.62    4.09    0.21  277.90    5.68   -1.19     840     840
  1.500   7.302   3.054    0.96  298.15    3.52   -0.16  274.32    7.02   -1.59     840     840
  2.000   6.130   2.898    0.74  294.74    3.11   -0.30  271.50    7.89   -1.29     840     840
  2.500   5.310   2.705    0.57  291.02    2.69   -0.28  269.26    8.42   -1.10     840     840
  3.000   4.574   2.509    0.36  287.21    2.36   -0.34  266.78    9.44   -1.10     840     840
  3.500   3.797   2.265    0.34  283.44    2.06   -0.49  263.78   10.47   -1.07     840     840
  4.000   3.075   1.988    0.38  279.71    1.86   -0.43  260.67   11.01   -0.94     838     838
  4.500   2.282   1.627    0.65  276.14    1.76   -0.17  256.57   11.26   -0.77     838     838
  5.000   1.655   1.276    0.93  272.81    1.78   -0.20  252.62   10.96   -0.61     836     836
  5.500   1.197   0.955    1.11  269.43    1.81   -0.14  248.89   10.61   -0.56     835     835
  6.000   0.834   0.682    1.41  266.13    1.88   -0.29  244.95   10.20   -0.57     834     834
  6.500   0.598   0.499    1.59  262.80    2.01   -0.35  241.51    9.76   -0.54     830     830
  7.000   0.442   0.356    1.56  259.35    2.13   -0.27  238.58    9.29   -0.57     827     827
  7.500   0.332   0.268    1.54  255.81    2.12   -0.36  235.72    9.16   -0.62     824     824
  8.000   0.234   0.188    1.41  252.16    2.16   -0.46  232.42    8.91   -0.65     816     816
  8.500   0.170   0.141    1.58  248.44    2.24   -0.51  229.40    8.68   -0.62     813     813
  9.000   0.123   0.103    1.63  244.72    2.32   -0.47  226.42    8.49   -0.63     807     807
  9.500   0.086   0.070    1.47  241.03    2.40   -0.43  223.55    7.97   -0.69     804     804
 10.000   0.058   0.045    1.37  237.34    2.44   -0.37  220.34    7.43   -0.76     800     800
 10.500   0.038   0.029    1.11  233.77    2.46   -0.41  217.07    7.07   -0.79     796     796
 11.000   0.026   0.019    0.91  230.27    2.44   -0.41  213.95    6.88   -0.82     791     791
 11.500   0.017   0.013    0.83  226.84    2.37   -0.35  210.94    6.57   -0.83     790     790
 12.000   0.012   0.009    0.82  223.57    2.19   -0.34  208.07    6.41   -0.83     787     787
 12.500 999.900 999.900  999.90  220.44    2.06   -0.34  205.38    6.30   -0.83     772     772
 13.000 999.900 999.900  999.90  217.42    2.02    0.22  202.70    6.21   -0.79     753     753
 13.500 999.900 999.900  999.90  214.53    2.04    0.71  199.83    6.74   -0.44     399     399
 14.000 999.900 999.900  999.90  211.77    2.23    0.87  199.26    6.97   -0.55     174     174
 14.500 999.900 999.900  999.90  209.36    2.47    0.85  199.60    7.15   -0.62      49      49
 15.000 999.900 999.900  999.90  207.36    2.70    0.70  199.14    6.89   -0.63      14      14
 15.500 999.900 999.900  999.90  205.99    2.91    0.41  999.90  999.90  999.90       0       0
 16.000 999.900 999.900  999.90  205.32    2.83    0.29  999.90  999.90  999.90       0       0
 16.500 999.900 999.900  999.90  205.29    2.76    0.21  999.90  999.90  999.90       0       0
 17.000 999.900 999.900  999.90  205.74    2.69    0.23  999.90  999.90  999.90       0       0
 17.500 999.900 999.900  999.90  206.51    2.45    0.23  999.90  999.90  999.90       0       0
 18.000 999.900 999.900  999.90  207.70    2.47    0.23  999.90  999.90  999.90       0       0
 18.500 999.900 999.900  999.90  209.00    2.19    0.39  999.90  999.90  999.90       0       0
 19.000 999.900 999.900  999.90  210.30    2.06    0.35  199.09    7.23   -0.73      16      16
 19.500 999.900 999.900  999.90  211.57    2.10    0.27  196.99    7.76   -0.11      37      37
 20.000 999.900 999.900  999.90  212.92    1.83    0.26  198.60    7.17   -0.51     113     113
 20.500 999.900 999.900  999.90  214.11    1.78    0.34  199.00    6.97   -0.55     205     205
 21.000 999.900 999.900  999.90  215.08    1.76    0.48  199.85    7.10   -0.63     235     235
 21.500 999.900 999.900  999.90  216.03    1.79    0.62  200.13    7.35   -0.62     252     252
 22.000 999.900 999.900  999.90  217.02    1.70    0.80  201.16    7.21   -0.68     217     217
 22.500 999.900 999.900  999.90  218.03    1.75    0.68  202.25    7.17   -0.79     198     198
 23.000 999.900 999.900  999.90  218.96    1.88    0.46  203.37    7.05   -0.86     167     167
 23.500 999.900 999.900  999.90  219.93    2.01    0.27  204.15    7.18   -0.83     149     149
 24.000 999.900 999.900  999.90  220.88    2.03    0.31  205.05    7.34   -0.89     136     136
 24.500 999.900 999.900  999.90  221.81    1.99    0.54  206.10    7.30   -0.99     118     118
 25.000 999.900 999.900  999.90  222.43    1.83    0.31  206.54    7.46   -0.94     110     110
 25.500 999.900 999.900  999.90  223.35    1.96    0.48  207.28    7.50   -0.90     107     107
 26.000 999.900 999.900  999.90  224.19    1.82   -0.01  207.90    7.47   -0.86     103     103
 26.500 999.900 999.900  999.90  225.17    1.99    0.20  208.49    7.59   -0.82     102     102
 27.000 999.900 999.900  999.90  225.96    1.83    0.36  209.22    7.55   -0.88     100     100
 27.500 999.900 999.900  999.90  226.85    1.92    0.52  209.74    7.67   -0.88      97      97
 28.000 999.900 999.900  999.90  227.73    2.14    0.23  210.45    7.84   -0.90      97      97
 28.500 999.900 999.900  999.90  228.47    2.17   -0.01  210.96    7.97   -0.88      97      97
 29.000 999.900 999.900  999.90  229.19    2.25   -0.11  211.10    8.10   -0.79      91      91
 29.500 999.900 999.900  999.90  229.90    2.11    0.07  211.26    8.11   -0.74      86      86
 30.000 999.900 999.900  999.90  230.67    2.23    0.26  211.65    8.10   -0.73      82      82
  T A B L E  III -   9.  M O I S T U R E  R E L A T E D  S T A T I S T I C A L  P A R A M E T E R S
                                 September
 Station =   72381      Edwards AFB, CA
      Z VAPOR P   SD VP SKEW VP      TV      TV SKEW TV DEWPT T  SD DPT SKW DPT NOBS TP NOBS TV   
           MEAN                    MEAN      SD            MEAN                                   
     KM      MB      MB          KELVIN  KELVIN          KELVIN  KELVIN                           
  0.000  16.000   6.000    0.00  291.00    6.00    0.00  290.00    7.00    0.00       0       0
  0.723   9.747   3.374    0.76  297.20    7.28    0.35  278.98    5.14   -0.32     909     909
  1.000   8.450   3.017    0.56  297.92    4.46   -0.16  276.82    5.54   -0.80     909     909
  1.500   6.826   2.754    0.70  295.27    3.94   -0.54  273.59    6.11   -0.80     909     909
  2.000   5.692   2.522    0.70  291.68    3.56   -0.67  270.84    6.74   -0.88     909     909
  2.500   4.779   2.369    0.65  287.91    3.19   -0.76  268.04    7.92   -1.21     909     909
  3.000   3.881   2.185    0.62  284.25    2.81   -0.70  264.74    9.00   -1.05     909     909
  3.500   3.090   1.934    0.66  280.80    2.59   -0.65  261.20   10.06   -0.99     909     909
  4.000   2.377   1.629    0.85  277.38    2.51   -0.49  257.60   10.28   -0.80     909     909
  4.500   1.773   1.312    1.12  274.12    2.52   -0.47  253.88   10.20   -0.70     909     909
  5.000   1.266   0.996    1.43  270.89    2.57   -0.41  249.88   10.05   -0.64     906     906
  5.500   0.909   0.728    1.63  267.62    2.58   -0.54  246.18    9.71   -0.60     906     906
  6.000   0.650   0.520    2.01  264.25    2.56   -0.60  242.81    9.02   -0.64     906     906
  6.500   0.476   0.370    2.02  260.77    2.60   -0.50  239.77    8.61   -0.70     899     899
  7.000   0.353   0.285    2.31  257.19    2.61   -0.43  236.65    8.46   -0.64     898     898
  7.500   0.265   0.214    2.29  253.47    2.64   -0.34  233.83    8.25   -0.65     897     897
  8.000   0.192   0.164    2.07  249.76    2.70   -0.26  231.02    8.11   -0.60     864     864
  8.500   0.138   0.115    1.90  245.97    2.75   -0.18  228.14    7.84   -0.73     858     858
  9.000   0.097   0.077    1.73  242.18    2.82   -0.05  225.17    7.34   -0.79     850     850
  9.500   0.066   0.052    1.56  238.45    2.91    0.02  222.07    6.95   -0.84     842     842
 10.000   0.046   0.035    1.31  234.84    3.02    0.13  219.12    6.61   -0.88     842     842
 10.500   0.032   0.023    1.16  231.42    3.07    0.15  216.06    6.29   -0.85     839     839
 11.000   0.022   0.016    1.04  228.18    3.13    0.18  213.01    6.22   -0.84     836     836
 11.500   0.015   0.011    0.94  225.19    3.09    0.11  210.08    6.22   -0.87     832     832
 12.000   0.011   0.008    0.92  222.45    3.04   -0.08  207.48    6.24   -0.83     823     823
 12.500 999.900 999.900  999.90  219.84    2.92   -0.22  205.19    6.22   -0.70     766     766
 13.000 999.900 999.900  999.90  217.23    2.75   -0.29  202.68    6.41   -0.64     735     735
 13.500 999.900 999.900  999.90  214.71    2.65   -0.25  200.27    7.14   -0.44     494     494
 14.000 999.900 999.900  999.90  212.36    2.62    0.08  199.77    7.16   -0.51     269     269
 14.500 999.900 999.900  999.90  210.18    2.62    0.43  200.19    8.07   -0.62      85      85
 15.000 999.900 999.900  999.90  208.36    2.80    0.42  202.77    6.29   -1.12      30      30
 15.500 999.900 999.900  999.90  206.95    2.99    0.37  203.03    5.76   -1.14      17      17
 16.000 999.900 999.900  999.90  206.07    3.04    0.29  999.90  999.90  999.90       0       0
 16.500 999.900 999.900  999.90  205.80    3.09    0.16  999.90  999.90  999.90       0       0
 17.000 999.900 999.900  999.90  205.79    2.96    0.01  999.90  999.90  999.90       0       0
 17.500 999.900 999.900  999.90  206.20    2.90    0.09  999.90  999.90  999.90       0       0
 18.000 999.900 999.900  999.90  207.09    2.96    0.21  999.90  999.90  999.90       0       0
 18.500 999.900 999.900  999.90  208.28    2.71    0.16  203.42    5.84   -1.84      10      10
 19.000 999.900 999.900  999.90  209.57    2.44    0.24  199.33    7.42   -0.65      24      24
 19.500 999.900 999.900  999.90  210.78    2.25    0.09  200.40    7.09   -0.83      36      36
 20.000 999.900 999.900  999.90  212.04    2.15    0.13  200.91    6.78   -1.09      79      79
 20.500 999.900 999.900  999.90  213.20    2.05    0.19  201.62    6.12   -1.38     146     146
 21.000 999.900 999.900  999.90  214.24    1.93    0.22  201.19    6.70   -1.06     189     189
 21.500 999.900 999.900  999.90  215.29    1.79    0.13  201.29    6.52   -1.00     242     242
 22.000 999.900 999.900  999.90  216.42    1.67    0.01  201.65    6.82   -1.00     260     260
 22.500 999.900 999.900  999.90  217.38    1.68   -0.09  202.75    6.52   -1.13     248     248
 23.000 999.900 999.900  999.90  218.18    1.62   -0.10  203.36    6.57   -1.16     230     230
 23.500 999.900 999.900  999.90  219.07    1.66   -0.06  204.31    6.57   -1.19     206     206
 24.000 999.900 999.900  999.90  220.00    1.66    0.15  205.16    6.55   -1.24     202     202
 24.500 999.900 999.900  999.90  220.94    1.73    0.16  205.97    6.51   -1.25     187     187
 25.000 999.900 999.900  999.90  221.75    1.80    0.30  206.66    6.52   -1.25     177     177
 25.500 999.900 999.900  999.90  222.61    1.92    0.29  207.32    6.49   -1.28     176     176
 26.000 999.900 999.900  999.90  223.41    1.94    0.16  207.88    6.57   -1.29     174     174
 26.500 999.900 999.900  999.90  224.15    1.93    0.08  208.29    6.67   -1.26     170     170
 27.000 999.900 999.900  999.90  224.96    1.98    0.03  208.63    6.92   -1.18     163     163
 27.500 999.900 999.900  999.90  225.61    1.95    0.04  209.13    7.01   -1.15     160     160
 28.000 999.900 999.900  999.90  226.34    1.93   -0.06  209.60    6.99   -1.12     158     158
 28.500 999.900 999.900  999.90  226.98    1.81   -0.13  209.88    7.16   -1.07     151     151
 29.000 999.900 999.900  999.90  227.66    2.03    0.34  210.06    7.29   -0.98     142     142
 29.500 999.900 999.900  999.90  228.35    2.15    0.59  210.26    7.34   -0.93     134     134
 30.000 999.900 999.900  999.90  228.99    2.33    0.56  210.39    7.55   -0.82     120     120
  T A B L E  III -  10.  M O I S T U R E  R E L A T E D  S T A T I S T I C A L  P A R A M E T E R S
                                   October
 Station =   72381      Edwards AFB, CA
      Z VAPOR P   SD VP SKEW VP      TV      TV SKEW TV DEWPT T  SD DPT SKW DPT NOBS TP NOBS TV   
           MEAN                    MEAN      SD            MEAN                                   
     KM      MB      MB          KELVIN  KELVIN          KELVIN  KELVIN                           
  0.000  16.000   6.000    0.00  291.00    6.00    0.00  290.00    7.00    0.00       0       0
  0.723   7.370   3.053    0.29  290.44    7.39    0.38  274.52    6.52   -0.63     917     917
  1.000   6.539   2.583    0.28  292.27    4.85   -0.10  272.99    6.10   -0.68     917     917
  1.500   5.175   2.133    0.54  289.94    4.84   -0.48  269.75    6.11   -0.71     917     917
  2.000   4.195   1.804    0.66  286.55    4.67   -0.64  266.87    6.26   -0.80     917     917
  2.500   3.435   1.597    0.62  283.32    4.39   -0.79  264.00    6.97   -1.05     917     917
  3.000   2.753   1.412    0.82  280.36    4.18   -0.81  260.96    7.32   -0.87     917     917
  3.500   2.149   1.206    0.93  277.47    4.15   -0.80  257.78    7.68   -0.90     909     909
  4.000   1.623   0.961    1.02  274.42    4.14   -0.79  254.25    7.96   -0.92     906     906
  4.500   1.233   0.771    1.14  271.27    4.17   -0.80  250.95    7.95   -0.76     904     904
  5.000   0.928   0.611    1.22  267.95    4.11   -0.81  247.62    8.11   -0.73     899     899
  5.500   0.699   0.474    1.39  264.56    4.04   -0.96  244.56    7.95   -0.73     893     893
  6.000   0.534   0.377    1.40  261.06    4.01   -1.06  241.55    8.02   -0.65     891     891
  6.500   0.407   0.296    1.53  257.40    4.01   -1.10  238.78    7.81   -0.60     887     887
  7.000   0.302   0.223    1.42  253.71    3.99   -1.01  235.69    7.82   -0.59     885     885
  7.500   0.218   0.162    1.51  249.94    3.89   -0.85  232.56    7.57   -0.64     882     882
  8.000   0.158   0.125    1.60  246.14    3.79   -0.70  229.60    7.45   -0.55     866     866
  8.500   0.112   0.087    1.51  242.25    3.72   -0.56  226.61    7.02   -0.56     860     860
  9.000   0.077   0.060    1.65  238.40    3.53   -0.40  223.34    6.75   -0.61     858     858
  9.500   0.052   0.040    1.41  234.66    3.32   -0.20  220.18    6.56   -0.71     849     849
 10.000   0.036   0.027    1.35  231.08    3.18   -0.06  217.04    6.37   -0.81     844     844
 10.500   0.024   0.018    1.13  227.71    3.14    0.11  213.96    6.05   -0.82     841     841
 11.000   0.016   0.012    0.85  224.54    3.27    0.28  210.99    5.89   -0.84     833     833
 11.500   0.012   0.008    0.79  221.75    3.34    0.35  208.39    5.84   -0.82     829     829
 12.000 999.900 999.900  999.90  219.36    3.50    0.24  206.31    5.93   -0.77     775     775
 12.500 999.900 999.900  999.90  217.27    3.62    0.13  204.68    6.18   -0.73     650     650
 13.000 999.900 999.900  999.90  215.37    3.63    0.07  203.02    6.45   -0.70     572     572
 13.500 999.900 999.900  999.90  213.60    3.41    0.17  201.96    7.03   -0.67     340     340
 14.000 999.900 999.900  999.90  211.78    3.30    0.39  201.19    7.23   -0.62     222     222
 14.500 999.900 999.900  999.90  210.11    3.27    0.45  200.72    7.37   -0.61     114     114
 15.000 999.900 999.900  999.90  208.71    3.29    0.57  200.75    7.43   -0.54      59      59
 15.500 999.900 999.900  999.90  207.41    3.49    0.54  200.07    7.93   -0.43      45      45
 16.000 999.900 999.900  999.90  206.55    3.58    0.39  200.99    7.98   -0.71      29      29
 16.500 999.900 999.900  999.90  206.05    3.79    0.22  202.91    6.14   -1.21      20      20
 17.000 999.900 999.900  999.90  205.94    3.75    0.15  201.54    6.89   -0.83      21      21
 17.500 999.900 999.900  999.90  206.08    3.63    0.02  999.90  999.90  999.90       0       0
 18.000 999.900 999.900  999.90  206.60    3.43    0.03  202.38    6.62   -0.84      12      12
 18.500 999.900 999.900  999.90  207.54    3.01   -0.01  203.09    6.39   -0.92      10      10
 19.000 999.900 999.900  999.90  208.51    2.79    0.14  203.26    5.38   -1.53      25      25
 19.500 999.900 999.900  999.90  209.55    2.68    0.20  204.21    4.44   -2.11      30      30
 20.000 999.900 999.900  999.90  210.59    2.46    0.22  203.42    5.41   -1.79      37      37
 20.500 999.900 999.900  999.90  211.78    2.42    0.08  203.30    4.28   -1.90      82      82
 21.000 999.900 999.900  999.90  212.83    2.37    0.18  203.16    4.87   -1.65      99      99
 21.500 999.900 999.900  999.90  213.88    2.46    0.03  203.57    5.07   -1.91     139     139
 22.000 999.900 999.900  999.90  214.96    2.61    0.19  203.72    5.46   -1.69     170     170
 22.500 999.900 999.900  999.90  215.81    2.58    0.18  203.94    5.91   -1.63     173     173
 23.000 999.900 999.900  999.90  216.72    2.52    0.30  203.74    6.58   -1.46     177     177
 23.500 999.900 999.900  999.90  217.58    2.28    0.02  204.08    6.71   -1.65     186     186
 24.000 999.900 999.900  999.90  218.48    2.26   -0.27  204.76    6.83   -1.59     184     184
 24.500 999.900 999.900  999.90  219.19    2.34   -0.29  205.30    6.94   -1.61     177     177
 25.000 999.900 999.900  999.90  220.01    2.30   -0.12  206.08    6.79   -1.71     172     172
 25.500 999.900 999.900  999.90  220.84    2.42   -0.12  206.74    6.65   -1.73     167     167
 26.000 999.900 999.900  999.90  221.43    2.54   -0.24  207.10    6.68   -1.65     165     165
 26.500 999.900 999.900  999.90  222.03    2.55   -0.22  207.50    6.64   -1.62     164     164
 27.000 999.900 999.900  999.90  222.67    2.50    0.03  207.88    6.60   -1.69     153     153
 27.500 999.900 999.900  999.90  223.40    2.55    0.02  208.17    6.89   -1.63     144     144
 28.000 999.900 999.900  999.90  223.86    2.60   -0.09  208.40    6.99   -1.59     141     141
 28.500 999.900 999.900  999.90  224.41    2.73   -0.10  208.52    7.25   -1.45     131     131
 29.000 999.900 999.900  999.90  224.91    2.69   -0.19  208.47    7.34   -1.35     119     119
 29.500 999.900 999.900  999.90  225.35    2.85   -0.09  208.49    7.72   -1.37     111     111
 30.000 999.900 999.900  999.90  225.75    2.86    0.13  208.56    7.76   -1.52     100     100
  T A B L E  III -  11.  M O I S T U R E  R E L A T E D  S T A T I S T I C A L  P A R A M E T E R S
                                  November
 Station =   72381      Edwards AFB, CA
      Z VAPOR P   SD VP SKEW VP      TV      TV SKEW TV DEWPT T  SD DPT SKW DPT NOBS TP NOBS TV   
           MEAN                    MEAN      SD            MEAN                                   
     KM      MB      MB          KELVIN  KELVIN          KELVIN  KELVIN                           
  0.000  16.000   6.000    0.00  291.00    6.00    0.00  290.00    7.00    0.00       0       0
  0.723   5.941   2.566    0.60  283.93    6.81    0.31  271.52    6.39   -0.47     828     828
  1.000   5.231   2.204    0.71  286.15    4.82    0.01  269.89    6.05   -0.45     828     828
  1.500   4.222   1.885    1.08  283.94    5.11   -0.15  267.00    5.97   -0.23     828     828
  2.000   3.343   1.714    1.10  281.31    5.04   -0.31  263.55    6.97   -0.53     828     828
  2.500   2.587   1.589    1.14  278.94    4.94   -0.54  259.55    8.62   -0.73     826     826
  3.000   2.003   1.369    1.33  276.60    4.86   -0.74  256.05    9.02   -0.57     826     826
  3.500   1.589   1.092    1.44  273.98    4.84   -0.82  253.35    8.72   -0.56     826     826
  4.000   1.294   0.916    1.34  271.03    4.78   -0.88  250.78    8.93   -0.52     825     825
  4.500   1.036   0.722    1.22  267.98    4.69   -0.86  248.34    8.68   -0.52     823     823
  5.000   0.822   0.575    1.18  264.73    4.56   -0.86  245.77    8.64   -0.61     821     821
  5.500   0.648   0.470    1.22  261.46    4.47   -0.83  243.00    8.77   -0.58     821     821
  6.000   0.490   0.350    1.24  258.03    4.42   -0.74  240.18    8.44   -0.63     820     820
  6.500   0.371   0.276    1.21  254.46    4.35   -0.67  237.24    8.46   -0.58     816     816
  7.000   0.282   0.222    1.33  250.81    4.29   -0.65  234.36    8.48   -0.49     814     814
  7.500   0.210   0.169    1.45  247.01    4.24   -0.63  231.59    8.09   -0.39     810     810
  8.000   0.153   0.130    1.72  243.22    4.19   -0.56  228.72    7.87   -0.36     800     800
  8.500   0.108   0.095    2.12  239.42    4.13   -0.43  225.64    7.63   -0.41     790     790
  9.000   0.074   0.066    2.38  235.70    3.93   -0.22  222.36    7.34   -0.40     787     787
  9.500   0.050   0.046    2.68  232.05    3.74   -0.14  219.22    7.03   -0.41     782     782
 10.000   0.034   0.030    2.70  228.53    3.61    0.01  216.05    6.58   -0.38     779     779
 10.500   0.022   0.018    2.06  225.22    3.48    0.13  213.04    6.05   -0.44     777     777
 11.000   0.015   0.012    1.68  222.13    3.59    0.32  210.25    5.74   -0.45     760     760
 11.500   0.010   0.009    1.56  219.38    3.84    0.44  207.73    5.64   -0.43     737     737
 12.000 999.900 999.900  999.90  216.96    4.15    0.41  206.25    5.74   -0.56     560     560
 12.500 999.900 999.900  999.90  215.01    4.45    0.29  205.01    6.18   -0.70     407     407
 13.000 999.900 999.900  999.90  213.55    4.53    0.08  203.67    6.53   -0.76     372     372
 13.500 999.900 999.900  999.90  212.22    4.49   -0.05  203.04    6.66   -0.94     278     278
 14.000 999.900 999.900  999.90  211.16    4.28    0.05  202.95    6.24   -1.06     223     223
 14.500 999.900 999.900  999.90  210.05    4.00    0.19  202.58    6.34   -0.97     134     134
 15.000 999.900 999.900  999.90  209.09    3.84    0.34  201.96    6.94   -0.77      91      91
 15.500 999.900 999.900  999.90  208.24    3.88    0.39  201.53    7.26   -0.78      71      71
 16.000 999.900 999.900  999.90  207.35    3.96    0.30  201.91    7.12   -0.99      44      44
 16.500 999.900 999.900  999.90  206.75    4.01    0.24  201.46    7.66   -0.89      33      33
 17.000 999.900 999.900  999.90  206.71    3.98    0.16  201.77    7.23   -1.01      26      26
 17.500 999.900 999.900  999.90  206.75    3.86   -0.01  202.62    6.72   -1.35      21      21
 18.000 999.900 999.900  999.90  207.06    3.66   -0.02  201.65    7.17   -1.08      21      21
 18.500 999.900 999.900  999.90  207.67    3.50   -0.02  201.64    7.30   -1.07      21      21
 19.000 999.900 999.900  999.90  208.29    3.26   -0.12  202.64    7.48   -1.16      14      14
 19.500 999.900 999.900  999.90  209.03    3.03   -0.10  202.96    6.41   -1.46      18      18
 20.000 999.900 999.900  999.90  209.80    2.83   -0.26  201.74    8.02   -1.02      16      16
 20.500 999.900 999.900  999.90  210.53    2.69   -0.14  203.74    4.96   -2.28      34      34
 21.000 999.900 999.900  999.90  211.18    2.62   -0.26  203.21    5.41   -1.92      44      44
 21.500 999.900 999.900  999.90  211.93    2.59   -0.51  202.76    5.70   -1.62      62      62
 22.000 999.900 999.900  999.90  212.52    2.60   -0.59  203.04    5.27   -1.73      77      77
 22.500 999.900 999.900  999.90  213.29    2.76   -0.83  202.91    6.00   -1.37      96      96
 23.000 999.900 999.900  999.90  214.03    2.92   -0.58  202.96    6.02   -1.24     127     127
 23.500 999.900 999.900  999.90  214.68    2.83   -0.46  202.98    6.41   -1.26     133     133
 24.000 999.900 999.900  999.90  215.26    2.98   -0.62  203.67    6.16   -1.34     132     132
 24.500 999.900 999.900  999.90  215.95    3.09   -0.61  204.20    6.01   -1.44     131     131
 25.000 999.900 999.900  999.90  216.46    3.27   -0.47  204.47    6.08   -1.32     137     137
 25.500 999.900 999.900  999.90  217.14    3.26   -0.57  204.81    6.01   -1.37     144     144
 26.000 999.900 999.900  999.90  217.70    3.44   -0.58  204.98    6.15   -1.30     143     143
 26.500 999.900 999.900  999.90  218.31    3.61   -0.59  205.34    6.28   -1.28     143     143
 27.000 999.900 999.900  999.90  219.13    3.35   -0.54  205.46    6.29   -1.21     146     146
 27.500 999.900 999.900  999.90  219.60    3.44   -0.44  205.73    6.28   -1.18     140     140
 28.000 999.900 999.900  999.90  220.06    3.51   -0.35  206.06    6.23   -1.17     139     139
 28.500 999.900 999.900  999.90  220.61    3.51   -0.25  205.78    6.97   -1.15     131     131
 29.000 999.900 999.900  999.90  221.36    3.34    0.18  205.66    7.09   -1.08     126     126
 29.500 999.900 999.900  999.90  222.05    3.40    0.18  205.83    7.26   -0.97     118     118
 30.000 999.900 999.900  999.90  222.74    3.20    0.11  205.63    7.53   -0.84     100     100
  T A B L E  III -  12.  M O I S T U R E  R E L A T E D  S T A T I S T I C A L  P A R A M E T E R S
                                  December
 Station =   72381      Edwards AFB, CA
      Z VAPOR P   SD VP SKEW VP      TV      TV SKEW TV DEWPT T  SD DPT SKW DPT NOBS TP NOBS TV   
           MEAN                    MEAN      SD            MEAN                                   
     KM      MB      MB          KELVIN  KELVIN          KELVIN  KELVIN                           
  0.000  16.000   6.000    0.00  291.00    6.00    0.00  290.00    7.00    0.00       0       0
  0.723   5.272   2.484    0.59  280.26    6.84    0.02  269.69    6.80   -0.34     790     790
  1.000   4.731   2.309    1.11  282.34    4.21   -0.08  268.27    6.54   -0.04     790     790
  1.500   3.753   1.850    0.81  280.51    4.55   -0.28  265.18    6.59   -0.17     790     790
  2.000   3.016   1.632    0.90  278.49    5.03   -0.30  262.01    7.44   -0.61     790     790
  2.500   2.379   1.479    1.05  276.44    5.23   -0.47  258.39    8.81   -0.86     790     790
  3.000   1.908   1.248    1.07  274.10    5.18   -0.63  255.44    9.12   -0.75     790     790
  3.500   1.535   1.067    1.15  271.46    5.09   -0.70  252.63    9.35   -0.63     789     789
  4.000   1.265   0.884    1.30  268.56    4.89   -0.74  250.48    9.08   -0.68     788     788
  4.500   1.013   0.705    1.29  265.43    4.75   -0.77  248.02    8.79   -0.66     788     788
  5.000   0.806   0.569    1.32  262.13    4.65   -0.73  245.47    8.63   -0.63     788     788
  5.500   0.635   0.457    1.26  258.71    4.57   -0.70  242.80    8.73   -0.66     786     786
  6.000   0.475   0.353    1.25  255.20    4.47   -0.63  239.57    8.77   -0.59     786     786
  6.500   0.360   0.274    1.28  251.59    4.41   -0.52  236.81    8.56   -0.59     781     781
  7.000   0.269   0.212    1.35  247.89    4.29   -0.39  233.90    8.44   -0.56     776     776
  7.500   0.196   0.157    1.35  244.13    4.19   -0.25  230.85    8.22   -0.51     775     775
  8.000   0.138   0.113    1.43  240.39    4.07   -0.09  227.78    7.81   -0.45     767     767
  8.500   0.095   0.077    1.45  236.65    3.93    0.10  224.55    7.40   -0.45     764     764
  9.000   0.064   0.050    1.40  232.95    3.84    0.20  221.22    6.94   -0.46     761     761
  9.500   0.042   0.032    1.56  229.35    3.81    0.27  217.98    6.39   -0.46     757     757
 10.000   0.028   0.021    1.58  225.92    3.78    0.41  214.75    5.95   -0.48     754     754
 10.500   0.018   0.014    1.46  222.68    3.87    0.54  211.72    5.58   -0.49     750     750
 11.000   0.012   0.010    1.23  219.75    4.11    0.61  209.22    5.47   -0.62     665     665
 11.500 999.900 999.900  999.90  217.45    4.41    0.59  207.32    5.49   -0.65     590     590
 12.000 999.900 999.900  999.90  215.70    4.82    0.42  206.88    5.82   -0.89     419     419
 12.500 999.900 999.900  999.90  214.53    5.18    0.17  206.35    5.84   -1.00     383     383
 13.000 999.900 999.900  999.90  213.86    5.12   -0.12  205.56    5.80   -1.08     373     373
 13.500 999.900 999.900  999.90  213.29    4.99   -0.39  204.63    6.14   -1.08     351     351
 14.000 999.900 999.900  999.90  212.70    4.61   -0.44  204.02    6.15   -1.12     319     319
 14.500 999.900 999.900  999.90  211.89    4.23   -0.35  203.13    6.42   -1.07     255     255
 15.000 999.900 999.900  999.90  210.97    3.95   -0.34  202.30    6.74   -1.01     161     161
 15.500 999.900 999.900  999.90  210.07    3.87   -0.25  201.71    6.63   -0.91     117     117
 16.000 999.900 999.900  999.90  209.40    3.84   -0.17  201.44    6.29   -0.89      75      75
 16.500 999.900 999.900  999.90  208.90    3.85   -0.12  201.63    6.13   -1.09      62      62
 17.000 999.900 999.900  999.90  208.54    3.82   -0.15  201.86    5.93   -1.15      50      50
 17.500 999.900 999.900  999.90  208.45    3.80   -0.08  202.14    5.34   -0.83      39      39
 18.000 999.900 999.900  999.90  208.70    3.70   -0.19  202.03    4.49   -0.86      34      34
 18.500 999.900 999.900  999.90  209.06    3.51   -0.39  203.10    4.62   -1.02      30      30
 19.000 999.900 999.900  999.90  209.49    3.39   -0.50  202.46    4.97   -1.36      37      37
 19.500 999.900 999.900  999.90  210.16    3.21   -0.43  202.47    4.88   -1.47      39      39
 20.000 999.900 999.900  999.90  211.04    2.88   -0.33  202.57    4.85   -1.36      49      49
 20.500 999.900 999.900  999.90  211.84    2.82   -0.58  201.99    5.33   -1.31      70      70
 21.000 999.900 999.900  999.90  212.59    2.71   -0.48  203.09    4.90   -1.51      81      81
 21.500 999.900 999.900  999.90  213.33    2.63   -0.49  202.93    4.87   -1.21      92      92
 22.000 999.900 999.900  999.90  213.98    2.69   -0.68  203.18    5.14   -1.38     105     105
 22.500 999.900 999.900  999.90  214.60    2.60   -0.59  203.23    5.31   -1.21     108     108
 23.000 999.900 999.900  999.90  215.05    2.63   -0.36  203.30    4.98   -1.04     102     102
 23.500 999.900 999.900  999.90  215.59    2.83   -0.04  203.92    5.03   -1.25      99      99
 24.000 999.900 999.900  999.90  216.26    2.88   -0.02  204.40    4.58   -1.15     102     102
 24.500 999.900 999.900  999.90  216.74    3.10   -0.08  204.54    4.93   -1.16     103     103
 25.000 999.900 999.900  999.90  217.24    3.46   -0.09  205.14    4.58   -1.02      98      98
 25.500 999.900 999.900  999.90  217.67    3.62   -0.17  204.97    5.11   -1.04      98      98
 26.000 999.900 999.900  999.90  218.05    3.78   -0.06  204.94    5.41   -1.00     101     101
 26.500 999.900 999.900  999.90  218.40    4.03    0.16  204.97    5.56   -0.98      98      98
 27.000 999.900 999.900  999.90  218.98    4.27    0.25  205.23    5.46   -0.98      94      94
 27.500 999.900 999.900  999.90  219.77    4.41    0.24  205.09    5.95   -1.02      85      85
 28.000 999.900 999.900  999.90  220.48    4.78    0.05  205.29    6.01   -0.83      80      80
 28.500 999.900 999.900  999.90  220.93    4.92   -0.03  204.81    6.23   -0.69      79      79
 29.000 999.900 999.900  999.90  221.36    5.15   -0.11  204.55    6.39   -0.64      71      71
 29.500 999.900 999.900  999.90  221.81    5.17   -0.36  204.40    6.61   -0.55      64      64
 30.000 999.900 999.900  999.90  222.29    5.10   -0.46  203.63    7.04   -0.17      55      55
  T A B L E  III -  13.  M O I S T U R E  R E L A T E D  S T A T I S T I C A L  P A R A M E T E R S
                                    Annual
 Station =   72381      Edwards AFB, CA
      Z VAPOR P   SD VP SKEW VP      TV      TV SKEW TV DEWPT T  SD DPT SKW DPT NOBS TP NOBS TV   
           MEAN                    MEAN      SD            MEAN                                   
     KM      MB      MB          KELVIN  KELVIN          KELVIN  KELVIN                           
  0.000  16.000   6.000    0.00  291.00    6.00    0.00  290.00    7.00    0.00       0       0
  0.723   7.772   3.270    0.65  289.90    9.90    0.23  275.29    6.46   -0.59   10292   10292
  1.000   6.666   2.942    0.75  290.61    8.15    0.11  273.05    6.61   -0.54   10292   10292
  1.500   5.235   2.524    0.98  288.15    8.03   -0.04  269.56    6.93   -0.51   10292   10292
  2.000   4.190   2.276    1.09  285.10    7.75   -0.13  266.22    7.68   -0.56   10292   10292
  2.500   3.369   2.094    1.17  282.07    7.27   -0.22  262.79    8.88   -0.69   10289   10289
  3.000   2.708   1.888    1.28  279.03    6.81   -0.36  259.50    9.64   -0.59   10289   10289
  3.500   2.167   1.643    1.42  275.91    6.49   -0.47  256.42    9.98   -0.49   10272   10272
  4.000   1.702   1.371    1.60  272.69    6.28   -0.56  253.36    9.97   -0.37   10261   10261
  4.500   1.311   1.092    1.80  269.42    6.16   -0.60  250.26    9.82   -0.36   10255   10255
  5.000   0.992   0.840    1.96  266.06    6.13   -0.60  247.16    9.55   -0.35   10228   10228
  5.500   0.750   0.641    2.04  262.65    6.11   -0.60  244.09    9.41   -0.39   10213   10213
  6.000   0.556   0.477    2.20  259.15    6.12   -0.56  240.96    9.12   -0.42   10208   10208
  6.500   0.410   0.353    2.27  255.58    6.15   -0.51  237.90    8.86   -0.43   10140   10140
  7.000   0.304   0.266    2.30  251.93    6.19   -0.44  234.89    8.70   -0.41   10107   10107
  7.500   0.221   0.194    2.28  248.18    6.18   -0.36  231.87    8.44   -0.41   10071   10071
  8.000   0.158   0.142    2.20  244.39    6.16   -0.27  228.85    8.18   -0.37    9927    9927
  8.500   0.112   0.102    2.31  240.60    6.12   -0.17  225.71    7.93   -0.36    9877    9877
  9.000   0.077   0.070    2.34  236.83    6.03   -0.07  222.50    7.58   -0.34    9821    9821
  9.500   0.052   0.048    2.29  233.15    5.93    0.01  219.35    7.21   -0.32    9745    9745
 10.000   0.035   0.031    2.20  229.60    5.81    0.07  216.22    6.83   -0.31    9703    9703
 10.500   0.023   0.020    1.97  226.25    5.68    0.09  213.20    6.43   -0.30    9629    9629
 11.000   0.016   0.014    1.72  223.20    5.57    0.07  210.61    6.20   -0.38    9056    9056
 11.500   0.011   0.010    1.44  220.63    5.40   -0.00  208.46    6.00   -0.51    8439    8439
 12.000 999.900 999.900  999.90  218.52    5.22   -0.14  206.85    6.09   -0.67    7280    7280
 12.500 999.900 999.900  999.90  216.90    4.97   -0.27  205.40    6.25   -0.73    6613    6613
 13.000 999.900 999.900  999.90  215.62    4.55   -0.33  203.82    6.52   -0.71    6449    6449
 13.500 999.900 999.900  999.90  214.40    4.20   -0.25  202.67    7.06   -0.67    5091    5091
 14.000 999.900 999.900  999.90  213.18    4.00    0.00  202.41    7.00   -0.77    4058    4058
 14.500 999.900 999.900  999.90  211.86    3.98    0.16  202.13    7.04   -0.82    2880    2880
 15.000 999.900 999.900  999.90  210.63    4.10    0.20  201.87    6.96   -0.83    1998    1998
 15.500 999.900 999.900  999.90  209.52    4.22    0.18  201.64    6.78   -0.90    1581    1581
 16.000 999.900 999.900  999.90  208.66    4.21    0.20  201.75    6.72   -1.02    1039    1039
 16.500 999.900 999.900  999.90  208.13    4.16    0.22  201.84    6.64   -1.07     764     764
 17.000 999.900 999.900  999.90  207.95    4.01    0.23  201.93    6.37   -1.13     662     662
 17.500 999.900 999.900  999.90  208.05    3.82    0.22  201.86    6.26   -1.15     566     566
 18.000 999.900 999.900  999.90  208.43    3.57    0.11  201.74    6.25   -1.16     450     450
 18.500 999.900 999.900  999.90  209.09    3.26   -0.03  201.56    6.44   -1.13     444     444
 19.000 999.900 999.900  999.90  209.88    3.09   -0.14  201.45    6.35   -1.16     535     535
 19.500 999.900 999.900  999.90  210.74    2.96   -0.24  201.70    6.24   -1.26     601     601
 20.000 999.900 999.900  999.90  211.67    2.81   -0.31  201.74    6.16   -1.30     886     886
 20.500 999.900 999.900  999.90  212.56    2.80   -0.33  201.76    6.13   -1.26    1250    1250
 21.000 999.900 999.900  999.90  213.41    2.83   -0.43  201.79    6.47   -1.16    1450    1450
 21.500 999.900 999.900  999.90  214.25    2.92   -0.51  202.07    6.51   -1.14    1690    1690
 22.000 999.900 999.900  999.90  215.04    3.04   -0.56  202.56    6.52   -1.16    1763    1763
 22.500 999.900 999.900  999.90  215.84    3.13   -0.62  203.27    6.47   -1.21    1752    1752
 23.000 999.900 999.900  999.90  216.63    3.22   -0.56  203.76    6.47   -1.22    1761    1761
 23.500 999.900 999.900  999.90  217.40    3.31   -0.57  204.30    6.51   -1.25    1729    1729
 24.000 999.900 999.900  999.90  218.21    3.42   -0.57  204.99    6.45   -1.27    1708    1708
 24.500 999.900 999.900  999.90  218.93    3.59   -0.57  205.59    6.46   -1.28    1649    1649
 25.000 999.900 999.900  999.90  219.64    3.76   -0.59  206.14    6.55   -1.29    1601    1601
 25.500 999.900 999.900  999.90  220.43    3.89   -0.59  206.62    6.68   -1.25    1589    1589
 26.000 999.900 999.900  999.90  221.19    4.01   -0.59  207.03    6.79   -1.20    1581    1581
 26.500 999.900 999.900  999.90  222.00    4.16   -0.62  207.46    6.93   -1.15    1560    1560
 27.000 999.900 999.900  999.90  222.85    4.20   -0.64  207.80    7.18   -1.11    1495    1495
 27.500 999.900 999.900  999.90  223.71    4.25   -0.60  208.17    7.44   -1.05    1418    1418
 28.000 999.900 999.900  999.90  224.55    4.41   -0.65  208.67    7.56   -0.99    1393    1393
 28.500 999.900 999.900  999.90  225.38    4.49   -0.66  208.91    7.89   -0.91    1315    1315
 29.000 999.900 999.900  999.90  226.19    4.57   -0.66  209.10    8.08   -0.82    1225    1225
 29.500 999.900 999.900  999.90  227.09    4.65   -0.67  209.55    8.24   -0.79    1160    1160
 30.000 999.900 999.900  999.90  228.01    4.67   -0.62  209.85    8.45   -0.73    1023    1023
