      91366       8.73N  167.75E
  T A B L E  III -   1.  M O I S T U R E  R E L A T E D  S T A T I S T I C A L  P A R A M E T E R S
                                   January
 STATION =   913660     KWAJLEIN MISSILE RANGE
      Z VAPOR P   SD VP SKEW VP      TV      TV SKEW TV DEWPT T  SD DPT SKW DPT NOBS TP NOBS TV   
           MEAN                    MEAN      SD            MEAN                                   
     KM      MB      MB          KELVIN  KELVIN          KELVIN  KELVIN                           
  0.000  16.000   6.000    0.00  291.00    6.00    0.00  290.00    7.00    0.00       0       0
  0.004  28.022   3.869   -4.04  303.74    1.25    0.10  296.23    1.52   -0.56    1019    1019
  0.500  20.015   9.554   -1.47  299.21    1.65   -0.69  293.68    1.84   -0.81     849     849
  1.000  16.156   8.002   -1.28  295.48    1.62   -0.38  290.22    2.59   -1.34     846     846
  1.500  12.458   6.933   -0.87  292.31    1.75   -0.31  286.17    4.32   -1.64     830     830
  2.000   8.423   5.375   -0.31  290.01    1.43   -0.38  280.17    5.52   -0.71     816     816
  2.500   5.882   4.430    0.24  287.84    1.24   -0.26  274.16    7.60   -0.32     816     816
  3.000   4.206   3.752    0.60  285.59    1.27   -0.22  268.27    9.96   -0.27     814     814
  3.500   3.108   2.927    0.73  282.85    1.31   -0.20  264.04   10.29   -0.24     807     807
  4.000   2.375   2.284    0.88  279.94    1.24   -0.21  260.67    9.84   -0.13     807     807
  4.500   1.824   1.832    1.06  277.03    1.23   -0.22  257.27    9.67    0.03     807     807
  5.000   1.406   1.505    1.21  274.14    1.23   -0.26  253.77    9.85    0.22     807     807
  5.500   1.108   1.261    1.29  271.30    1.29   -0.19  250.41   10.32    0.31     807     807
  6.000   0.865   0.986    1.41  268.40    1.32   -0.13  246.54   10.33    0.43     861     861
  6.500   0.619   0.700    1.59  265.39    1.29   -0.06  243.24    9.53    0.47     863     863
  7.000   0.459   0.525    1.66  262.36    1.35   -0.14  240.04    9.35    0.47     862     862
  7.500   0.352   0.424    1.62  259.30    1.46   -0.20  236.68    9.87    0.50     862     862
  8.000   0.253   0.304    1.65  255.93    1.47   -0.22  233.68    9.41    0.49     855     855
  8.500   0.183   0.210    1.60  252.43    1.51   -0.26  230.86    8.91    0.36     854     854
  9.000   0.134   0.148    1.47  248.86    1.58   -0.24  227.99    8.81    0.19     853     853
  9.500   0.102   0.112    1.26  245.23    1.66   -0.20  225.20    9.26    0.04     852     852
 10.000   0.049   0.077    1.80  241.39    1.75   -0.11  223.07    9.04   -0.04     521     521
 10.500   0.033   0.052    1.72  237.33    1.78   -0.07  220.22    8.74   -0.22     500     500
 11.000   0.021   0.036    1.81  233.26    1.82    0.03  218.25    8.81   -0.46     399     399
 11.500 999.900 999.900  999.90  229.10    1.86    0.05  999.90  999.90  999.90       0       0
 12.000 999.900 999.900  999.90  224.92    1.94    0.08  999.90  999.90  999.90       0       0
 12.500 999.900 999.900  999.90  220.72    2.00    0.08  999.90  999.90  999.90       0       0
 13.000 999.900 999.900  999.90  216.59    2.03    0.12  999.90  999.90  999.90       0       0
 13.500 999.900 999.900  999.90  212.45    2.12    0.20  999.90  999.90  999.90       0       0
 14.000 999.900 999.900  999.90  208.31    2.22    0.26  999.90  999.90  999.90       0       0
 14.500 999.900 999.900  999.90  204.48    2.17    0.35  999.90  999.90  999.90       0       0
 15.000 999.900 999.900  999.90  200.96    2.24    0.47  999.90  999.90  999.90       0       0
 15.500 999.900 999.900  999.90  197.47    2.46    0.60  999.90  999.90  999.90       0       0
 16.000 999.900 999.900  999.90  194.13    2.71    0.84  999.90  999.90  999.90       0       0
 16.500 999.900 999.900  999.90  190.99    3.06    0.98  999.90  999.90  999.90       0       0
 17.000 999.900 999.900  999.90  190.43    3.14    0.80  999.90  999.90  999.90       0       0
 17.500 999.900 999.900  999.90  191.33    3.46    0.28  999.90  999.90  999.90       0       0
 18.000 999.900 999.900  999.90  192.76    3.70    0.05  999.90  999.90  999.90       0       0
 18.500 999.900 999.900  999.90  194.71    3.81    0.08  999.90  999.90  999.90       0       0
 19.000 999.900 999.900  999.90  197.45    3.49    0.18  999.90  999.90  999.90       0       0
 19.500 999.900 999.900  999.90  200.24    3.25    0.28  999.90  999.90  999.90       0       0
 20.000 999.900 999.900  999.90  202.78    3.13    0.31  999.90  999.90  999.90       0       0
 20.500 999.900 999.900  999.90  205.25    3.23    0.22  999.90  999.90  999.90       0       0
 21.000 999.900 999.900  999.90  207.03    3.25    0.29  999.90  999.90  999.90       0       0
 21.500 999.900 999.900  999.90  208.52    3.06    0.27  999.90  999.90  999.90       0       0
 22.000 999.900 999.900  999.90  209.99    2.91    0.31  999.90  999.90  999.90       0       0
 22.500 999.900 999.900  999.90  211.47    2.87    0.40  999.90  999.90  999.90       0       0
 23.000 999.900 999.900  999.90  212.90    2.88    0.47  999.90  999.90  999.90       0       0
 23.500 999.900 999.900  999.90  214.28    2.91    0.34  999.90  999.90  999.90       0       0
 24.000 999.900 999.900  999.90  215.62    2.96    0.30  999.90  999.90  999.90       0       0
 24.500 999.900 999.900  999.90  216.70    2.80    0.36  999.90  999.90  999.90       0       0
 25.000 999.900 999.900  999.90  217.83    2.75    0.34  999.90  999.90  999.90       0       0
 25.500 999.900 999.900  999.90  219.00    2.71    0.29  999.90  999.90  999.90       0       0
 26.000 999.900 999.900  999.90  220.16    2.78    0.20  999.90  999.90  999.90       0       0
 26.500 999.900 999.900  999.90  221.49    3.00    0.07  999.90  999.90  999.90       0       0
 27.000 999.900 999.900  999.90  221.47    2.69    0.25  999.90  999.90  999.90       0       0
 27.500 999.900 999.900  999.90  222.37    2.56    0.26  999.90  999.90  999.90       0       0
 28.000 999.900 999.900  999.90  223.32    2.58    0.41  999.90  999.90  999.90       0       0
 28.500 999.900 999.900  999.90  224.29    2.66    0.49  999.90  999.90  999.90       0       0
 29.000 999.900 999.900  999.90  225.07    2.60    0.50  999.90  999.90  999.90       0       0
 29.500 999.900 999.900  999.90  225.95    2.67    0.57  999.90  999.90  999.90       0       0
 30.000 999.900 999.900  999.90  226.88    2.81    0.56  999.90  999.90  999.90       0       0
  T A B L E  III -   2.  M O I S T U R E  R E L A T E D  S T A T I S T I C A L  P A R A M E T E R S
                                  February
 STATION =   913660     KWAJLEIN MISSILE RANGE
      Z VAPOR P   SD VP SKEW VP      TV      TV SKEW TV DEWPT T  SD DPT SKW DPT NOBS TP NOBS TV   
           MEAN                    MEAN      SD            MEAN                                   
     KM      MB      MB          KELVIN  KELVIN          KELVIN  KELVIN                           
  0.000  16.000   6.000    0.00  291.00    6.00    0.00  290.00    7.00    0.00       0       0
  0.004  27.548   4.157   -4.06  303.53    1.32    0.27  296.00    1.55   -0.66     915     915
  0.500  19.971   9.129   -1.56  299.02    1.60   -0.78  293.39    1.87   -1.04     777     777
  1.000  16.135   7.607   -1.38  295.26    1.59   -0.55  289.89    2.66   -1.58     777     777
  1.500  12.636   6.603   -1.00  292.09    1.71   -0.44  285.97    4.40   -2.03     768     768
  2.000   8.637   5.218   -0.42  289.82    1.35   -0.39  280.22    5.47   -0.88     753     753
  2.500   6.236   4.349    0.08  287.53    1.22   -0.44  274.85    7.10   -0.37     754     754
  3.000   4.574   3.730    0.40  285.25    1.30   -0.28  269.42    9.41   -0.37     753     753
  3.500   3.349   2.859    0.57  282.58    1.30   -0.19  265.07    9.52   -0.30     752     752
  4.000   2.518   2.197    0.81  279.72    1.21   -0.09  261.50    8.95   -0.17     754     754
  4.500   1.908   1.770    1.06  276.87    1.18   -0.08  257.86    8.88    0.04     754     754
  5.000   1.463   1.467    1.23  274.00    1.22   -0.13  254.20    9.26    0.21     754     754
  5.500   1.136   1.236    1.31  271.15    1.29   -0.01  250.56   10.00    0.29     752     752
  6.000   0.882   0.985    1.39  268.32    1.36    0.07  246.66   10.41    0.34     784     784
  6.500   0.603   0.672    1.68  265.38    1.25    0.07  243.00    9.39    0.39     784     784
  7.000   0.428   0.504    1.99  262.45    1.26    0.16  239.36    8.98    0.56     784     784
  7.500   0.317   0.399    2.03  259.44    1.33    0.04  235.75    9.28    0.69     784     784
  8.000   0.234   0.280    2.02  256.02    1.37    0.01  232.86    8.72    0.66     801     801
  8.500   0.167   0.188    2.00  252.44    1.40    0.01  230.03    8.17    0.50     800     800
  9.000   0.124   0.134    1.77  248.80    1.45   -0.00  227.25    8.22    0.29     801     801
  9.500   0.096   0.101    1.37  245.13    1.55    0.03  224.50    8.84    0.11     799     799
 10.000   0.042   0.070    1.99  241.29    1.60    0.24  222.47    8.62    0.09     446     446
 10.500   0.029   0.047    1.83  237.21    1.63    0.27  219.63    8.37   -0.15     432     432
 11.000   0.017   0.032    2.00  233.13    1.70    0.31  217.05    8.72   -0.34     340     340
 11.500 999.900 999.900  999.90  228.95    1.73    0.31  215.17    7.40   -0.24      10      10
 12.000 999.900 999.900  999.90  224.75    1.79    0.32  212.20    6.77   -0.64      10      10
 12.500 999.900 999.900  999.90  220.58    1.86    0.36  209.23    6.56   -0.87      10      10
 13.000 999.900 999.900  999.90  216.40    1.88    0.32  999.90  999.90  999.90       0       0
 13.500 999.900 999.900  999.90  212.23    1.96    0.41  999.90  999.90  999.90       0       0
 14.000 999.900 999.900  999.90  208.08    2.06    0.50  999.90  999.90  999.90       0       0
 14.500 999.900 999.900  999.90  204.24    2.01    0.64  999.90  999.90  999.90       0       0
 15.000 999.900 999.900  999.90  200.76    2.08    0.66  999.90  999.90  999.90       0       0
 15.500 999.900 999.900  999.90  197.36    2.27    0.65  999.90  999.90  999.90       0       0
 16.000 999.900 999.900  999.90  194.08    2.53    0.70  999.90  999.90  999.90       0       0
 16.500 999.900 999.900  999.90  190.94    2.79    0.80  999.90  999.90  999.90       0       0
 17.000 999.900 999.900  999.90  190.44    2.78    0.55  999.90  999.90  999.90       0       0
 17.500 999.900 999.900  999.90  191.48    3.19    0.14  999.90  999.90  999.90       0       0
 18.000 999.900 999.900  999.90  193.10    3.36    0.22  999.90  999.90  999.90       0       0
 18.500 999.900 999.900  999.90  194.89    3.75    0.14  999.90  999.90  999.90       0       0
 19.000 999.900 999.900  999.90  197.24    3.63    0.17  999.90  999.90  999.90       0       0
 19.500 999.900 999.900  999.90  199.72    3.27    0.37  999.90  999.90  999.90       0       0
 20.000 999.900 999.900  999.90  202.27    3.14    0.41  999.90  999.90  999.90       0       0
 20.500 999.900 999.900  999.90  204.74    3.25    0.23  999.90  999.90  999.90       0       0
 21.000 999.900 999.900  999.90  206.59    3.24    0.28  999.90  999.90  999.90       0       0
 21.500 999.900 999.900  999.90  208.11    3.06    0.32  999.90  999.90  999.90       0       0
 22.000 999.900 999.900  999.90  209.67    2.98    0.31  999.90  999.90  999.90       0       0
 22.500 999.900 999.900  999.90  211.14    2.93    0.29  999.90  999.90  999.90       0       0
 23.000 999.900 999.900  999.90  212.60    2.94    0.19  999.90  999.90  999.90       0       0
 23.500 999.900 999.900  999.90  214.08    3.07    0.08  999.90  999.90  999.90       0       0
 24.000 999.900 999.900  999.90  215.55    3.11    0.16  999.90  999.90  999.90       0       0
 24.500 999.900 999.900  999.90  216.64    2.89    0.25  999.90  999.90  999.90       0       0
 25.000 999.900 999.900  999.90  217.74    2.85    0.35  999.90  999.90  999.90       0       0
 25.500 999.900 999.900  999.90  218.84    2.82    0.31  999.90  999.90  999.90       0       0
 26.000 999.900 999.900  999.90  219.95    2.92    0.21  999.90  999.90  999.90       0       0
 26.500 999.900 999.900  999.90  221.74    3.24    0.03  999.90  999.90  999.90       0       0
 27.000 999.900 999.900  999.90  221.99    3.03    0.13  999.90  999.90  999.90       0       0
 27.500 999.900 999.900  999.90  222.78    2.91    0.18  999.90  999.90  999.90       0       0
 28.000 999.900 999.900  999.90  223.65    2.92    0.44  999.90  999.90  999.90       0       0
 28.500 999.900 999.900  999.90  224.51    2.87    0.30  999.90  999.90  999.90       0       0
 29.000 999.900 999.900  999.90  225.45    2.79    0.26  999.90  999.90  999.90       0       0
 29.500 999.900 999.900  999.90  226.39    2.79    0.27  999.90  999.90  999.90       0       0
 30.000 999.900 999.900  999.90  227.19    2.85    0.39  999.90  999.90  999.90       0       0
  T A B L E  III -   3.  M O I S T U R E  R E L A T E D  S T A T I S T I C A L  P A R A M E T E R S
                                     March
 STATION =   913660     KWAJLEIN MISSILE RANGE
      Z VAPOR P   SD VP SKEW VP      TV      TV SKEW TV DEWPT T  SD DPT SKW DPT NOBS TP NOBS TV   
           MEAN                    MEAN      SD            MEAN                                   
     KM      MB      MB          KELVIN  KELVIN          KELVIN  KELVIN                           
  0.000  16.000   6.000    0.00  291.00    6.00    0.00  290.00    7.00    0.00       0       0
  0.004  28.085   4.018   -4.46  303.90    1.33    0.21  296.32    1.40   -0.50    1045    1045
  0.500  20.384   9.377   -1.57  299.32    1.64   -0.72  293.80    1.69   -0.84     883     883
  1.000  16.577   7.752   -1.45  295.55    1.61   -0.47  290.42    2.21   -1.21     884     884
  1.500  13.042   6.570   -1.11  292.39    1.66   -0.41  286.57    3.54   -1.50     879     879
  2.000   9.221   5.220   -0.57  289.91    1.37   -0.51  281.04    5.02   -0.92     875     875
  2.500   6.691   4.409   -0.08  287.57    1.24   -0.58  275.66    7.02   -0.57     876     876
  3.000   4.972   3.822    0.24  285.24    1.32   -0.35  270.40    9.47   -0.61     875     875
  3.500   3.653   3.066    0.42  282.51    1.36   -0.30  266.18    9.98   -0.54     854     854
  4.000   2.784   2.441    0.64  279.63    1.29   -0.39  262.63    9.60   -0.33     854     854
  4.500   2.131   2.004    0.86  276.77    1.23   -0.45  258.96    9.68   -0.09     854     854
  5.000   1.647   1.662    1.01  273.94    1.21   -0.37  255.35   10.02    0.09     854     854
  5.500   1.288   1.386    1.09  271.08    1.27   -0.33  251.84   10.60    0.16     853     853
  6.000   1.009   1.095    1.17  268.21    1.33   -0.25  247.94   10.89    0.23     899     899
  6.500   0.704   0.779    1.44  265.21    1.29   -0.38  244.31    9.99    0.34     899     899
  7.000   0.510   0.584    1.62  262.20    1.37   -0.54  240.83    9.62    0.45     899     899
  7.500   0.381   0.461    1.70  259.17    1.50   -0.43  237.28    9.98    0.49     900     900
  8.000   0.271   0.324    1.75  255.81    1.51   -0.40  234.28    9.41    0.45     889     889
  8.500   0.196   0.226    1.77  252.32    1.54   -0.49  231.42    8.87    0.36     890     890
  9.000   0.145   0.160    1.63  248.76    1.59   -0.44  228.66    8.80    0.17     888     888
  9.500   0.111   0.119    1.37  245.16    1.66   -0.27  225.91    9.19   -0.02     888     888
 10.000   0.049   0.080    2.06  241.34    1.69   -0.14  223.29    9.02    0.00     519     519
 10.500   0.033   0.053    1.95  237.27    1.71   -0.10  220.65    8.45   -0.22     498     498
 11.000   0.020   0.036    2.02  233.19    1.76   -0.01  218.46    8.34   -0.50     403     403
 11.500 999.900 999.900  999.90  228.99    1.79    0.06  999.90  999.90  999.90       0       0
 12.000 999.900 999.900  999.90  224.77    1.82    0.19  999.90  999.90  999.90       0       0
 12.500 999.900 999.900  999.90  220.59    1.85    0.33  999.90  999.90  999.90       0       0
 13.000 999.900 999.900  999.90  216.46    1.84    0.51  999.90  999.90  999.90       0       0
 13.500 999.900 999.900  999.90  212.33    1.88    0.62  999.90  999.90  999.90       0       0
 14.000 999.900 999.900  999.90  208.22    1.96    0.75  999.90  999.90  999.90       0       0
 14.500 999.900 999.900  999.90  204.48    1.93    0.93  999.90  999.90  999.90       0       0
 15.000 999.900 999.900  999.90  201.19    1.99    0.88  999.90  999.90  999.90       0       0
 15.500 999.900 999.900  999.90  197.98    2.23    0.81  999.90  999.90  999.90       0       0
 16.000 999.900 999.900  999.90  194.88    2.52    0.62  999.90  999.90  999.90       0       0
 16.500 999.900 999.900  999.90  192.03    2.84    0.55  999.90  999.90  999.90       0       0
 17.000 999.900 999.900  999.90  191.56    2.79    0.59  999.90  999.90  999.90       0       0
 17.500 999.900 999.900  999.90  192.52    3.09    0.47  999.90  999.90  999.90       0       0
 18.000 999.900 999.900  999.90  194.04    3.30    0.67  999.90  999.90  999.90       0       0
 18.500 999.900 999.900  999.90  195.96    3.64    0.52  999.90  999.90  999.90       0       0
 19.000 999.900 999.900  999.90  198.24    3.51    0.41  999.90  999.90  999.90       0       0
 19.500 999.900 999.900  999.90  200.73    3.29    0.48  999.90  999.90  999.90       0       0
 20.000 999.900 999.900  999.90  203.15    3.13    0.40  999.90  999.90  999.90       0       0
 20.500 999.900 999.900  999.90  205.59    3.24    0.18  999.90  999.90  999.90       0       0
 21.000 999.900 999.900  999.90  207.45    3.18    0.24  999.90  999.90  999.90       0       0
 21.500 999.900 999.900  999.90  209.02    2.96    0.27  999.90  999.90  999.90       0       0
 22.000 999.900 999.900  999.90  210.55    2.87    0.28  999.90  999.90  999.90       0       0
 22.500 999.900 999.900  999.90  212.07    2.88    0.28  999.90  999.90  999.90       0       0
 23.000 999.900 999.900  999.90  213.54    2.93    0.18  999.90  999.90  999.90       0       0
 23.500 999.900 999.900  999.90  215.01    3.06    0.10  999.90  999.90  999.90       0       0
 24.000 999.900 999.900  999.90  216.42    3.17    0.17  999.90  999.90  999.90       0       0
 24.500 999.900 999.900  999.90  217.53    2.90    0.17  999.90  999.90  999.90       0       0
 25.000 999.900 999.900  999.90  218.70    2.80    0.20  999.90  999.90  999.90       0       0
 25.500 999.900 999.900  999.90  219.90    2.73    0.22  999.90  999.90  999.90       0       0
 26.000 999.900 999.900  999.90  221.08    2.79    0.11  999.90  999.90  999.90       0       0
 26.500 999.900 999.900  999.90  222.63    2.92    0.09  999.90  999.90  999.90       0       0
 27.000 999.900 999.900  999.90  223.06    2.78    0.27  198.20    5.05   -0.05      10      10
 27.500 999.900 999.900  999.90  223.99    2.54    0.13  198.72    5.09   -0.08      10      10
 28.000 999.900 999.900  999.90  225.01    2.51    0.14  199.24    5.14   -0.10      10      10
 28.500 999.900 999.900  999.90  225.96    2.52   -0.00  199.76    5.22   -0.12      10      10
 29.000 999.900 999.900  999.90  226.99    2.57   -0.19  200.28    5.30   -0.14      10      10
 29.500 999.900 999.900  999.90  228.01    2.65   -0.30  200.80    5.40   -0.14      10      10
 30.000 999.900 999.900  999.90  229.02    2.70   -0.32  201.32    5.52   -0.15      10      10
  T A B L E  III -   4.  M O I S T U R E  R E L A T E D  S T A T I S T I C A L  P A R A M E T E R S
                                     April
 STATION =   913660     KWAJLEIN MISSILE RANGE
      Z VAPOR P   SD VP SKEW VP      TV      TV SKEW TV DEWPT T  SD DPT SKW DPT NOBS TP NOBS TV   
           MEAN                    MEAN      SD            MEAN                                   
     KM      MB      MB          KELVIN  KELVIN          KELVIN  KELVIN                           
  0.000  16.000   6.000    0.00  291.00    6.00    0.00  290.00    7.00    0.00       0       0
  0.004  28.658   4.861   -4.54  304.22    1.36    0.25  296.82    1.28   -0.65     960     960
  0.500  20.554   9.824   -1.51  299.62    1.68   -0.84  294.21    1.50   -0.71     806     806
  1.000  16.695   8.124   -1.39  295.96    1.53   -0.60  290.82    2.04   -0.92     806     806
  1.500  13.315   6.767   -1.16  292.76    1.52   -0.31  287.13    3.15   -1.52     806     806
  2.000   9.826   5.558   -0.77  290.13    1.35   -0.53  282.63    4.13   -1.06     789     789
  2.500   7.535   4.703   -0.43  287.63    1.23   -0.76  278.20    6.02   -1.12     790     790
  3.000   5.778   4.023   -0.16  285.20    1.24   -0.51  273.66    8.15   -1.16     789     789
  3.500   4.244   3.283    0.09  282.42    1.28   -0.46  269.46    8.80   -0.99     765     765
  4.000   3.244   2.646    0.29  279.54    1.22   -0.37  265.65    8.93   -0.72     765     765
  4.500   2.516   2.195    0.49  276.69    1.21   -0.10  261.98    9.26   -0.43     766     766
  5.000   1.968   1.842    0.62  273.85    1.21   -0.21  258.34    9.91   -0.24     766     766
  5.500   1.540   1.540    0.72  271.00    1.24   -0.14  254.69   10.72   -0.15     765     765
  6.000   1.208   1.223    0.79  268.12    1.27   -0.12  250.44   11.30   -0.05     813     813
  6.500   0.867   0.896    0.99  265.09    1.23   -0.32  246.91   10.51    0.05     814     814
  7.000   0.640   0.683    1.09  262.06    1.28   -0.23  243.42   10.35    0.12     815     815
  7.500   0.493   0.541    1.05  259.03    1.38   -0.14  240.15   10.83    0.10     813     813
  8.000   0.348   0.376    1.06  255.68    1.36   -0.06  237.10   10.03    0.09     803     803
  8.500   0.246   0.257    1.09  252.17    1.32    0.04  234.08    9.24    0.01     802     802
  9.000   0.178   0.180    1.04  248.61    1.35    0.04  231.08    8.99   -0.17     802     802
  9.500   0.133   0.131    0.83  245.01    1.42    0.09  228.13    9.38   -0.36     802     802
 10.000   0.053   0.085    1.61  241.18    1.44    0.22  225.79    8.78   -0.47     426     426
 10.500   0.034   0.055    1.62  237.11    1.46    0.28  222.71    8.13   -0.67     400     400
 11.000   0.019   0.035    1.81  233.06    1.52    0.33  219.63    8.24   -0.87     326     326
 11.500 999.900 999.900  999.90  228.83    1.53    0.33  999.90  999.90  999.90       0       0
 12.000 999.900 999.900  999.90  224.61    1.57    0.35  999.90  999.90  999.90       0       0
 12.500 999.900 999.900  999.90  220.40    1.65    0.38  999.90  999.90  999.90       0       0
 13.000 999.900 999.900  999.90  216.22    1.68    0.38  999.90  999.90  999.90       0       0
 13.500 999.900 999.900  999.90  212.06    1.78    0.37  999.90  999.90  999.90       0       0
 14.000 999.900 999.900  999.90  207.93    1.92    0.39  999.90  999.90  999.90       0       0
 14.500 999.900 999.900  999.90  204.24    1.93    0.53  999.90  999.90  999.90       0       0
 15.000 999.900 999.900  999.90  201.09    1.97    0.57  999.90  999.90  999.90       0       0
 15.500 999.900 999.900  999.90  198.04    2.16    0.57  999.90  999.90  999.90       0       0
 16.000 999.900 999.900  999.90  195.11    2.42    0.54  999.90  999.90  999.90       0       0
 16.500 999.900 999.900  999.90  192.35    2.69    0.63  999.90  999.90  999.90       0       0
 17.000 999.900 999.900  999.90  191.98    2.80    0.38  999.90  999.90  999.90       0       0
 17.500 999.900 999.900  999.90  193.08    2.93    0.11  999.90  999.90  999.90       0       0
 18.000 999.900 999.900  999.90  194.69    2.90    0.29  999.90  999.90  999.90       0       0
 18.500 999.900 999.900  999.90  196.47    3.02    0.29  999.90  999.90  999.90       0       0
 19.000 999.900 999.900  999.90  198.84    2.95    0.29  999.90  999.90  999.90       0       0
 19.500 999.900 999.900  999.90  201.44    2.81    0.29  999.90  999.90  999.90       0       0
 20.000 999.900 999.900  999.90  204.04    2.81    0.25  999.90  999.90  999.90       0       0
 20.500 999.900 999.900  999.90  206.46    2.95    0.26  999.90  999.90  999.90       0       0
 21.000 999.900 999.900  999.90  208.27    2.90    0.46  999.90  999.90  999.90       0       0
 21.500 999.900 999.900  999.90  209.81    2.78    0.49  999.90  999.90  999.90       0       0
 22.000 999.900 999.900  999.90  211.37    2.68    0.58  999.90  999.90  999.90       0       0
 22.500 999.900 999.900  999.90  212.95    2.68    0.53  999.90  999.90  999.90       0       0
 23.000 999.900 999.900  999.90  214.47    2.65    0.46  999.90  999.90  999.90       0       0
 23.500 999.900 999.900  999.90  215.95    2.70    0.44  999.90  999.90  999.90       0       0
 24.000 999.900 999.900  999.90  217.38    2.86    0.44  999.90  999.90  999.90       0       0
 24.500 999.900 999.900  999.90  218.66    2.66    0.48  999.90  999.90  999.90       0       0
 25.000 999.900 999.900  999.90  219.96    2.60    0.34  999.90  999.90  999.90       0       0
 25.500 999.900 999.900  999.90  221.28    2.57    0.31  999.90  999.90  999.90       0       0
 26.000 999.900 999.900  999.90  222.61    2.67    0.17  999.90  999.90  999.90       0       0
 26.500 999.900 999.900  999.90  224.18    2.95   -0.02  203.21    2.52   -1.60      17      17
 27.000 999.900 999.900  999.90  224.47    3.20    0.57  203.43    2.52   -0.97      23      23
 27.500 999.900 999.900  999.90  225.25    2.70    0.20  203.97    2.50   -0.96      23      23
 28.000 999.900 999.900  999.90  226.34    2.64    0.23  204.51    2.50   -0.94      23      23
 28.500 999.900 999.900  999.90  227.33    2.61    0.22  205.05    2.51   -0.90      23      23
 29.000 999.900 999.900  999.90  228.24    2.60    0.25  205.59    2.55   -0.86      23      23
 29.500 999.900 999.900  999.90  229.23    2.61    0.18  206.13    2.61   -0.82      23      23
 30.000 999.900 999.900  999.90  230.26    2.68    0.10  206.67    2.68   -0.78      23      23
  T A B L E  III -   5.  M O I S T U R E  R E L A T E D  S T A T I S T I C A L  P A R A M E T E R S
                                       May
 STATION =   913660     KWAJLEIN MISSILE RANGE
      Z VAPOR P   SD VP SKEW VP      TV      TV SKEW TV DEWPT T  SD DPT SKW DPT NOBS TP NOBS TV   
           MEAN                    MEAN      SD            MEAN                                   
     KM      MB      MB          KELVIN  KELVIN          KELVIN  KELVIN                           
  0.000  16.000   6.000    0.00  291.00    6.00    0.00  290.00    7.00    0.00       0       0
  0.004  29.846   3.800   -5.80  304.43    1.37    0.20  297.33    1.06   -0.42     983     983
  0.500  20.979  10.231   -1.48  299.90    1.61   -0.94  294.71    1.32   -0.70     809     809
  1.000  17.097   8.491   -1.38  296.33    1.49   -0.76  291.38    1.87   -1.32     808     808
  1.500  13.710   7.126   -1.17  293.23    1.45   -0.49  287.88    2.80   -1.55     804     804
  2.000  10.689   5.765   -1.01  290.55    1.24   -0.58  284.03    3.37   -1.36     801     801
  2.500   8.451   4.783   -0.81  287.91    1.14   -0.63  280.28    4.48   -1.52     802     802
  3.000   6.697   4.031   -0.60  285.27    1.14   -0.53  276.56    5.86   -1.70     802     802
  3.500   5.020   3.373   -0.36  282.39    1.13   -0.47  272.89    6.35   -1.47     770     770
  4.000   3.926   2.740   -0.19  279.47    1.08   -0.43  269.42    6.44   -1.05     770     770
  4.500   3.101   2.276   -0.04  276.57    1.09   -0.50  266.00    7.03   -0.84     770     770
  5.000   2.447   1.897    0.09  273.72    1.10   -0.47  262.54    7.85   -0.77     770     770
  5.500   1.939   1.589    0.19  270.86    1.14   -0.36  259.09    8.89   -0.78     769     769
  6.000   1.537   1.275    0.28  267.97    1.16   -0.22  255.13    9.82   -0.71     803     803
  6.500   1.096   0.941    0.51  264.97    1.14   -0.30  251.31    9.03   -0.48     803     803
  7.000   0.808   0.719    0.64  261.95    1.19   -0.32  247.70    8.98   -0.39     803     803
  7.500   0.611   0.569    0.70  258.91    1.31   -0.31  244.01    9.84   -0.42     803     803
  8.000   0.423   0.406    0.75  255.51    1.28   -0.28  240.53    9.36   -0.41     780     780
  8.500   0.296   0.283    0.82  251.96    1.28   -0.23  237.08    8.74   -0.42     780     780
  9.000   0.212   0.201    0.77  248.37    1.32   -0.18  233.62    8.82   -0.53     780     780
  9.500   0.155   0.147    0.68  244.72    1.39   -0.06  230.36    9.25   -0.67     779     779
 10.000   0.064   0.099    1.49  240.87    1.43    0.03  228.76    7.95   -0.90     412     412
 10.500   0.041   0.064    1.51  236.82    1.45    0.03  225.60    7.21   -1.01     383     383
 11.000   0.024   0.042    1.70  232.77    1.51    0.09  222.06    7.61   -1.18     327     327
 11.500 999.900 999.900  999.90  228.55    1.50    0.13  999.90  999.90  999.90       0       0
 12.000 999.900 999.900  999.90  224.32    1.52    0.16  999.90  999.90  999.90       0       0
 12.500 999.900 999.900  999.90  220.13    1.56    0.26  999.90  999.90  999.90       0       0
 13.000 999.900 999.900  999.90  215.99    1.56    0.34  999.90  999.90  999.90       0       0
 13.500 999.900 999.900  999.90  211.86    1.60    0.49  999.90  999.90  999.90       0       0
 14.000 999.900 999.900  999.90  207.76    1.68    0.62  999.90  999.90  999.90       0       0
 14.500 999.900 999.900  999.90  204.15    1.67    0.73  999.90  999.90  999.90       0       0
 15.000 999.900 999.900  999.90  201.19    1.88    0.45  999.90  999.90  999.90       0       0
 15.500 999.900 999.900  999.90  198.37    2.15    0.30  999.90  999.90  999.90       0       0
 16.000 999.900 999.900  999.90  195.76    2.37    0.42  999.90  999.90  999.90       0       0
 16.500 999.900 999.900  999.90  193.45    2.55    0.61  999.90  999.90  999.90       0       0
 17.000 999.900 999.900  999.90  193.27    2.63    0.44  999.90  999.90  999.90       0       0
 17.500 999.900 999.900  999.90  194.64    2.74    0.22  999.90  999.90  999.90       0       0
 18.000 999.900 999.900  999.90  196.41    2.90    0.20  999.90  999.90  999.90       0       0
 18.500 999.900 999.900  999.90  198.36    3.09    0.22  999.90  999.90  999.90       0       0
 19.000 999.900 999.900  999.90  200.56    2.94    0.38  999.90  999.90  999.90       0       0
 19.500 999.900 999.900  999.90  202.81    2.67    0.41  999.90  999.90  999.90       0       0
 20.000 999.900 999.900  999.90  205.05    2.45    0.23  999.90  999.90  999.90       0       0
 20.500 999.900 999.900  999.90  207.25    2.46    0.18  999.90  999.90  999.90       0       0
 21.000 999.900 999.900  999.90  209.04    2.48    0.23  999.90  999.90  999.90       0       0
 21.500 999.900 999.900  999.90  210.54    2.38    0.27  999.90  999.90  999.90       0       0
 22.000 999.900 999.900  999.90  211.99    2.32    0.34  999.90  999.90  999.90       0       0
 22.500 999.900 999.900  999.90  213.40    2.25    0.38  999.90  999.90  999.90       0       0
 23.000 999.900 999.900  999.90  214.85    2.29    0.34  999.90  999.90  999.90       0       0
 23.500 999.900 999.900  999.90  216.33    2.38    0.25  999.90  999.90  999.90       0       0
 24.000 999.900 999.900  999.90  217.79    2.49    0.30  999.90  999.90  999.90       0       0
 24.500 999.900 999.900  999.90  218.99    2.24    0.37  999.90  999.90  999.90       0       0
 25.000 999.900 999.900  999.90  220.29    2.19    0.35  999.90  999.90  999.90       0       0
 25.500 999.900 999.900  999.90  221.56    2.15    0.24  999.90  999.90  999.90       0       0
 26.000 999.900 999.900  999.90  222.80    2.25    0.11  999.90  999.90  999.90       0       0
 26.500 999.900 999.900  999.90  224.19    2.45    0.06  999.90  999.90  999.90       0       0
 27.000 999.900 999.900  999.90  224.71    2.48    0.36  201.86    6.24    0.98      47      47
 27.500 999.900 999.900  999.90  225.63    2.32   -0.01  202.25    6.11    1.00      47      47
 28.000 999.900 999.900  999.90  226.56    2.34   -0.19  202.64    6.00    1.02      47      47
 28.500 999.900 999.900  999.90  227.42    2.40   -0.34  203.04    5.92    1.07      47      47
 29.000 999.900 999.900  999.90  228.18    2.41   -0.59  203.43    5.85    1.13      47      47
 29.500 999.900 999.900  999.90  229.03    2.54   -0.67  203.82    5.80    1.19      47      47
 30.000 999.900 999.900  999.90  229.88    2.72   -0.73  204.21    5.78    1.26      47      47
  T A B L E  III -   6.  M O I S T U R E  R E L A T E D  S T A T I S T I C A L  P A R A M E T E R S
                                      June
 STATION =   913660     KWAJLEIN MISSILE RANGE
      Z VAPOR P   SD VP SKEW VP      TV      TV SKEW TV DEWPT T  SD DPT SKW DPT NOBS TP NOBS TV   
           MEAN                    MEAN      SD            MEAN                                   
     KM      MB      MB          KELVIN  KELVIN          KELVIN  KELVIN                           
  0.000  16.000   6.000    0.00  291.00    6.00    0.00  290.00    7.00    0.00       0       0
  0.004  30.167   3.556   -6.27  304.50    1.32    0.08  297.48    0.99   -0.51     958     958
  0.500  21.373  10.037   -1.58  300.16    1.64   -1.01  294.79    1.29   -0.49     798     798
  1.000  17.518   8.275   -1.49  296.57    1.47   -0.79  291.48    1.82   -0.92     801     801
  1.500  14.256   6.899   -1.32  293.38    1.38   -0.65  288.06    2.76   -1.64     804     804
  2.000  10.842   5.763   -1.08  290.57    1.23   -0.67  284.27    3.11   -1.47     780     780
  2.500   8.529   4.745   -0.89  287.89    1.18   -0.69  280.49    4.21   -1.79     780     780
  3.000   6.739   3.968   -0.70  285.22    1.22   -0.60  276.78    5.54   -1.99     779     779
  3.500   5.011   3.349   -0.43  282.30    1.22   -0.55  273.14    6.11   -1.82     740     740
  4.000   3.956   2.707   -0.32  279.34    1.15   -0.44  269.84    6.14   -1.50     740     740
  4.500   3.120   2.227   -0.18  276.39    1.14   -0.33  266.45    6.60   -1.21     740     740
  5.000   2.466   1.849   -0.05  273.49    1.13   -0.22  263.06    7.39   -1.08     740     740
  5.500   1.948   1.543    0.08  270.60    1.18   -0.20  259.61    8.35   -1.00     740     740
  6.000   1.574   1.249    0.15  267.70    1.21   -0.10  256.21    8.99   -0.96     765     765
  6.500   1.155   0.939    0.30  264.67    1.16   -0.09  252.61    8.47   -0.78     765     765
  7.000   0.858   0.727    0.43  261.64    1.20    0.00  248.97    8.67   -0.69     764     764
  7.500   0.651   0.580    0.50  258.56    1.30    0.14  245.38    9.46   -0.67     763     763
  8.000   0.460   0.418    0.58  255.13    1.32    0.19  241.57    9.25   -0.61     764     764
  8.500   0.320   0.291    0.62  251.54    1.33    0.23  237.92    8.80   -0.61     763     763
  9.000   0.225   0.205    0.62  247.92    1.39    0.25  234.29    8.81   -0.68     762     762
  9.500   0.158   0.147    0.63  244.26    1.48    0.28  230.59    9.25   -0.74     760     760
 10.000   0.054   0.094    1.70  240.40    1.53    0.20  228.24    8.74   -0.88     344     344
 10.500   0.033   0.060    1.74  236.34    1.54    0.26  225.17    7.65   -1.02     313     313
 11.000   0.018   0.037    2.10  232.27    1.60    0.36  222.37    7.04   -1.20     236     236
 11.500 999.900 999.900  999.90  228.01    1.57    0.35  999.90  999.90  999.90       0       0
 12.000 999.900 999.900  999.90  223.76    1.59    0.30  999.90  999.90  999.90       0       0
 12.500 999.900 999.900  999.90  219.53    1.63    0.24  999.90  999.90  999.90       0       0
 13.000 999.900 999.900  999.90  215.38    1.62    0.20  999.90  999.90  999.90       0       0
 13.500 999.900 999.900  999.90  211.26    1.65    0.22  999.90  999.90  999.90       0       0
 14.000 999.900 999.900  999.90  207.17    1.70    0.39  999.90  999.90  999.90       0       0
 14.500 999.900 999.900  999.90  203.72    1.67    0.42  999.90  999.90  999.90       0       0
 15.000 999.900 999.900  999.90  201.05    1.97    0.13  999.90  999.90  999.90       0       0
 15.500 999.900 999.900  999.90  198.58    2.36    0.19  999.90  999.90  999.90       0       0
 16.000 999.900 999.900  999.90  196.40    2.66    0.29  999.90  999.90  999.90       0       0
 16.500 999.900 999.900  999.90  194.65    2.88    0.33  999.90  999.90  999.90       0       0
 17.000 999.900 999.900  999.90  195.24    2.84    0.31  999.90  999.90  999.90       0       0
 17.500 999.900 999.900  999.90  196.94    2.80    0.39  999.90  999.90  999.90       0       0
 18.000 999.900 999.900  999.90  198.84    2.73    0.50  999.90  999.90  999.90       0       0
 18.500 999.900 999.900  999.90  200.73    2.84    0.38  999.90  999.90  999.90       0       0
 19.000 999.900 999.900  999.90  202.73    2.70    0.53  999.90  999.90  999.90       0       0
 19.500 999.900 999.900  999.90  204.67    2.50    0.59  999.90  999.90  999.90       0       0
 20.000 999.900 999.900  999.90  206.48    2.39    0.62  999.90  999.90  999.90       0       0
 20.500 999.900 999.900  999.90  208.28    2.48    0.58  999.90  999.90  999.90       0       0
 21.000 999.900 999.900  999.90  209.90    2.57    0.65  999.90  999.90  999.90       0       0
 21.500 999.900 999.900  999.90  211.23    2.43    0.71  999.90  999.90  999.90       0       0
 22.000 999.900 999.900  999.90  212.56    2.38    0.72  999.90  999.90  999.90       0       0
 22.500 999.900 999.900  999.90  213.89    2.35    0.60  999.90  999.90  999.90       0       0
 23.000 999.900 999.900  999.90  215.22    2.35    0.54  999.90  999.90  999.90       0       0
 23.500 999.900 999.900  999.90  216.55    2.40    0.42  999.90  999.90  999.90       0       0
 24.000 999.900 999.900  999.90  218.00    2.52    0.30  999.90  999.90  999.90       0       0
 24.500 999.900 999.900  999.90  219.13    2.34    0.25  999.90  999.90  999.90       0       0
 25.000 999.900 999.900  999.90  220.30    2.30    0.22  999.90  999.90  999.90       0       0
 25.500 999.900 999.900  999.90  221.45    2.33    0.18  999.90  999.90  999.90       0       0
 26.000 999.900 999.900  999.90  222.58    2.46    0.17  999.90  999.90  999.90       0       0
 26.500 999.900 999.900  999.90  223.85    2.66    0.17  999.90  999.90  999.90       0       0
 27.000 999.900 999.900  999.90  224.65    2.68    0.41  200.38    3.16    3.87      37      37
 27.500 999.900 999.900  999.90  225.23    2.26   -0.02  200.68    2.98    3.91      37      37
 28.000 999.900 999.900  999.90  226.01    2.15   -0.07  200.98    2.81    3.92      37      37
 28.500 999.900 999.900  999.90  226.75    2.12   -0.11  201.29    2.65    3.88      37      37
 29.000 999.900 999.900  999.90  227.53    2.15   -0.18  201.59    2.51    3.76      37      37
 29.500 999.900 999.900  999.90  228.37    2.22   -0.19  201.89    2.38    3.55      37      37
 30.000 999.900 999.900  999.90  229.19    2.36   -0.22  202.19    2.27    3.24      37      37
  T A B L E  III -   7.  M O I S T U R E  R E L A T E D  S T A T I S T I C A L  P A R A M E T E R S
                                      July
 STATION =   913660     KWAJLEIN MISSILE RANGE
      Z VAPOR P   SD VP SKEW VP      TV      TV SKEW TV DEWPT T  SD DPT SKW DPT NOBS TP NOBS TV   
           MEAN                    MEAN      SD            MEAN                                   
     KM      MB      MB          KELVIN  KELVIN          KELVIN  KELVIN                           
  0.000  16.000   6.000    0.00  291.00    6.00    0.00  290.00    7.00    0.00       0       0
  0.004  30.235   3.476   -6.38  304.43    1.37   -0.02  297.51    0.96   -0.31    1013    1013
  0.500  22.608   9.129   -1.98  300.32    1.57   -1.13  294.95    1.16   -0.65     884     884
  1.000  18.625   7.574   -1.90  296.74    1.39   -1.07  291.77    1.48   -0.83     885     885
  1.500  15.147   6.332   -1.73  293.50    1.34   -0.91  288.48    2.04   -1.25     884     884
  2.000  12.314   5.042   -1.69  290.70    1.19   -0.94  285.05    2.45   -1.53     895     895
  2.500   9.897   4.228   -1.48  287.93    1.12   -0.87  281.65    3.29   -2.15     895     895
  3.000   7.922   3.568   -1.25  285.19    1.15   -0.75  278.22    4.25   -2.40     895     895
  3.500   6.098   3.093   -0.98  282.23    1.13   -0.67  274.87    4.63   -2.26     866     866
  4.000   4.863   2.536   -0.85  279.23    1.09   -0.70  271.65    4.87   -1.98     866     866
  4.500   3.867   2.107   -0.69  276.27    1.10   -0.68  268.36    5.45   -1.72     867     867
  5.000   3.077   1.766   -0.54  273.34    1.09   -0.56  265.11    6.14   -1.55     867     867
  5.500   2.436   1.479   -0.39  270.43    1.12   -0.34  261.80    6.98   -1.50     867     867
  6.000   1.929   1.196   -0.27  267.51    1.12   -0.14  258.35    7.64   -1.40     883     883
  6.500   1.396   0.914   -0.05  264.48    1.11   -0.14  254.32    7.60   -1.09     883     883
  7.000   1.030   0.717    0.09  261.44    1.16   -0.11  250.46    8.02   -0.91     883     883
  7.500   0.768   0.575    0.20  258.37    1.30   -0.13  246.53    9.13   -0.88     882     882
  8.000   0.520   0.414    0.35  254.93    1.30   -0.08  242.48    8.92   -0.79     861     861
  8.500   0.355   0.290    0.43  251.33    1.32   -0.05  238.52    8.57   -0.69     860     860
  9.000   0.247   0.206    0.43  247.71    1.38   -0.05  234.63    8.75   -0.68     859     859
  9.500   0.171   0.146    0.41  244.06    1.46    0.01  230.58    9.46   -0.75     857     857
 10.000   0.054   0.094    1.65  240.20    1.52    0.08  228.64    8.25   -0.89     356     356
 10.500   0.031   0.058    1.84  236.12    1.56    0.09  225.39    7.17   -0.96     309     309
 11.000   0.015   0.034    2.34  232.01    1.62    0.13  221.59    7.53   -1.13     227     227
 11.500 999.900 999.900  999.90  227.73    1.63    0.09  999.90  999.90  999.90       0       0
 12.000 999.900 999.900  999.90  223.44    1.68    0.05  999.90  999.90  999.90       0       0
 12.500 999.900 999.900  999.90  219.18    1.75    0.05  999.90  999.90  999.90       0       0
 13.000 999.900 999.900  999.90  215.00    1.74    0.08  999.90  999.90  999.90       0       0
 13.500 999.900 999.900  999.90  210.85    1.79    0.14  999.90  999.90  999.90       0       0
 14.000 999.900 999.900  999.90  206.73    1.88    0.24  999.90  999.90  999.90       0       0
 14.500 999.900 999.900  999.90  203.52    1.79    0.36  999.90  999.90  999.90       0       0
 15.000 999.900 999.900  999.90  201.25    2.08   -0.06  999.90  999.90  999.90       0       0
 15.500 999.900 999.900  999.90  199.14    2.48   -0.08  999.90  999.90  999.90       0       0
 16.000 999.900 999.900  999.90  197.30    2.75    0.13  999.90  999.90  999.90       0       0
 16.500 999.900 999.900  999.90  195.85    2.99    0.28  999.90  999.90  999.90       0       0
 17.000 999.900 999.900  999.90  196.77    2.83    0.28  999.90  999.90  999.90       0       0
 17.500 999.900 999.900  999.90  198.70    2.57    0.38  999.90  999.90  999.90       0       0
 18.000 999.900 999.900  999.90  200.74    2.43    0.34  999.90  999.90  999.90       0       0
 18.500 999.900 999.900  999.90  202.78    2.51    0.18  999.90  999.90  999.90       0       0
 19.000 999.900 999.900  999.90  204.51    2.46    0.23  999.90  999.90  999.90       0       0
 19.500 999.900 999.900  999.90  206.05    2.25    0.26  999.90  999.90  999.90       0       0
 20.000 999.900 999.900  999.90  207.60    2.23    0.25  999.90  999.90  999.90       0       0
 20.500 999.900 999.900  999.90  209.13    2.37    0.19  999.90  999.90  999.90       0       0
 21.000 999.900 999.900  999.90  210.53    2.38    0.28  999.90  999.90  999.90       0       0
 21.500 999.900 999.900  999.90  211.69    2.25    0.35  999.90  999.90  999.90       0       0
 22.000 999.900 999.900  999.90  212.86    2.21    0.37  999.90  999.90  999.90       0       0
 22.500 999.900 999.900  999.90  214.06    2.21    0.35  999.90  999.90  999.90       0       0
 23.000 999.900 999.900  999.90  215.25    2.25    0.35  999.90  999.90  999.90       0       0
 23.500 999.900 999.900  999.90  216.43    2.32    0.30  999.90  999.90  999.90       0       0
 24.000 999.900 999.900  999.90  217.67    2.47    0.28  999.90  999.90  999.90       0       0
 24.500 999.900 999.900  999.90  218.67    2.31    0.36  999.90  999.90  999.90       0       0
 25.000 999.900 999.900  999.90  219.75    2.24    0.27  999.90  999.90  999.90       0       0
 25.500 999.900 999.900  999.90  220.81    2.22    0.17  999.90  999.90  999.90       0       0
 26.000 999.900 999.900  999.90  221.87    2.31    0.09  999.90  999.90  999.90       0       0
 26.500 999.900 999.900  999.90  223.01    2.45    0.14  999.90  999.90  999.90       0       0
 27.000 999.900 999.900  999.90  223.93    2.55    0.09  201.21    6.55    1.12      34      34
 27.500 999.900 999.900  999.90  224.50    2.29   -0.19  201.41    6.42    1.12      34      34
 28.000 999.900 999.900  999.90  225.22    2.21   -0.28  201.62    6.31    1.12      34      34
 28.500 999.900 999.900  999.90  225.96    2.26   -0.25  201.82    6.22    1.11      34      34
 29.000 999.900 999.900  999.90  226.71    2.32   -0.18  202.03    6.13    1.10      34      34
 29.500 999.900 999.900  999.90  227.46    2.40   -0.20  202.23    6.05    1.09      34      34
 30.000 999.900 999.900  999.90  228.17    2.49   -0.23  202.43    5.98    1.07      34      34
  T A B L E  III -   8.  M O I S T U R E  R E L A T E D  S T A T I S T I C A L  P A R A M E T E R S
                                    August
 STATION =   913660     KWAJLEIN MISSILE RANGE
      Z VAPOR P   SD VP SKEW VP      TV      TV SKEW TV DEWPT T  SD DPT SKW DPT NOBS TP NOBS TV   
           MEAN                    MEAN      SD            MEAN                                   
     KM      MB      MB          KELVIN  KELVIN          KELVIN  KELVIN                           
  0.000  16.000   6.000    0.00  291.00    6.00    0.00  290.00    7.00    0.00       0       0
  0.004  30.286   3.091   -6.36  304.49    1.46    0.00  297.49    1.00   -0.32    1020    1020
  0.500  23.458   8.193   -2.37  300.46    1.49   -1.21  294.96    1.17   -0.43     920     920
  1.000  19.345   6.863   -2.26  296.85    1.31   -1.11  291.85    1.40   -0.54     919     919
  1.500  15.825   5.762   -2.09  293.60    1.27   -0.77  288.65    1.81   -1.07     918     918
  2.000  12.610   4.925   -1.90  290.73    1.15   -0.53  285.40    1.84   -0.96     903     903
  2.500  10.190   4.072   -1.75  287.97    1.09   -0.38  282.16    2.24   -1.32     903     903
  3.000   8.222   3.412   -1.54  285.21    1.11   -0.31  278.92    2.87   -1.69     903     903
  3.500   6.425   2.926   -1.29  282.28    1.08   -0.24  275.67    3.12   -1.49     883     883
  4.000   5.093   2.439   -1.08  279.30    1.04   -0.24  272.32    3.79   -1.44     882     882
  4.500   4.064   2.054   -0.88  276.35    1.02   -0.15  269.03    4.68   -1.59     883     883
  5.000   3.226   1.737   -0.68  273.45    1.02   -0.10  265.71    5.59   -1.52     883     883
  5.500   2.560   1.473   -0.50  270.58    1.03    0.01  262.36    6.72   -1.61     883     883
  6.000   2.007   1.203   -0.33  267.68    1.06    0.08  258.81    7.52   -1.50     894     894
  6.500   1.446   0.921   -0.09  264.66    1.04    0.05  254.73    7.37   -1.08     894     894
  7.000   1.058   0.717    0.06  261.64    1.10    0.01  250.79    7.79   -0.90     894     894
  7.500   0.778   0.566    0.19  258.61    1.21    0.07  246.76    8.78   -0.90     893     893
  8.000   0.532   0.407    0.31  255.16    1.25    0.13  242.70    8.61   -0.81     880     880
  8.500   0.363   0.287    0.40  251.57    1.29    0.11  238.62    8.43   -0.69     880     880
  9.000   0.250   0.203    0.43  247.96    1.37    0.08  234.70    8.54   -0.69     879     879
  9.500   0.174   0.145    0.42  244.32    1.48    0.11  230.76    9.15   -0.75     879     879
 10.000   0.063   0.098    1.37  240.46    1.54    0.20  229.07    7.80   -0.95     413     413
 10.500   0.037   0.061    1.51  236.36    1.59    0.23  225.74    6.80   -1.01     366     366
 11.000   0.017   0.036    2.09  232.25    1.66    0.24  221.90    7.39   -1.17     249     249
 11.500 999.900 999.900  999.90  227.94    1.64    0.20  999.90  999.90  999.90       0       0
 12.000 999.900 999.900  999.90  223.63    1.68    0.20  999.90  999.90  999.90       0       0
 12.500 999.900 999.900  999.90  219.35    1.74    0.19  999.90  999.90  999.90       0       0
 13.000 999.900 999.900  999.90  215.17    1.74    0.26  999.90  999.90  999.90       0       0
 13.500 999.900 999.900  999.90  211.01    1.77    0.33  999.90  999.90  999.90       0       0
 14.000 999.900 999.900  999.90  206.87    1.87    0.35  999.90  999.90  999.90       0       0
 14.500 999.900 999.900  999.90  203.62    1.71    0.44  999.90  999.90  999.90       0       0
 15.000 999.900 999.900  999.90  201.40    1.92    0.13  999.90  999.90  999.90       0       0
 15.500 999.900 999.900  999.90  199.35    2.28    0.06  999.90  999.90  999.90       0       0
 16.000 999.900 999.900  999.90  197.50    2.65    0.15  999.90  999.90  999.90       0       0
 16.500 999.900 999.900  999.90  196.02    3.00    0.15  999.90  999.90  999.90       0       0
 17.000 999.900 999.900  999.90  196.87    2.72    0.11  999.90  999.90  999.90       0       0
 17.500 999.900 999.900  999.90  198.84    2.49    0.35  999.90  999.90  999.90       0       0
 18.000 999.900 999.900  999.90  200.82    2.44    0.33  999.90  999.90  999.90       0       0
 18.500 999.900 999.900  999.90  202.80    2.53    0.21  999.90  999.90  999.90       0       0
 19.000 999.900 999.900  999.90  204.51    2.53    0.40  999.90  999.90  999.90       0       0
 19.500 999.900 999.900  999.90  205.99    2.39    0.41  999.90  999.90  999.90       0       0
 20.000 999.900 999.900  999.90  207.46    2.32    0.47  999.90  999.90  999.90       0       0
 20.500 999.900 999.900  999.90  208.92    2.40    0.40  999.90  999.90  999.90       0       0
 21.000 999.900 999.900  999.90  210.24    2.52    0.44  999.90  999.90  999.90       0       0
 21.500 999.900 999.900  999.90  211.38    2.41    0.46  999.90  999.90  999.90       0       0
 22.000 999.900 999.900  999.90  212.51    2.40    0.44  999.90  999.90  999.90       0       0
 22.500 999.900 999.900  999.90  213.64    2.42    0.42  999.90  999.90  999.90       0       0
 23.000 999.900 999.900  999.90  214.78    2.47    0.39  999.90  999.90  999.90       0       0
 23.500 999.900 999.900  999.90  215.90    2.56    0.38  999.90  999.90  999.90       0       0
 24.000 999.900 999.900  999.90  217.12    2.71    0.35  999.90  999.90  999.90       0       0
 24.500 999.900 999.900  999.90  217.96    2.43    0.24  999.90  999.90  999.90       0       0
 25.000 999.900 999.900  999.90  218.97    2.40    0.20  999.90  999.90  999.90       0       0
 25.500 999.900 999.900  999.90  219.99    2.43    0.19  999.90  999.90  999.90       0       0
 26.000 999.900 999.900  999.90  221.01    2.57    0.19  999.90  999.90  999.90       0       0
 26.500 999.900 999.900  999.90  222.15    2.74    0.37  999.90  999.90  999.90       0       0
 27.000 999.900 999.900  999.90  222.77    2.74    0.58  201.24    7.32    0.40      22      22
 27.500 999.900 999.900  999.90  223.42    2.45    0.31  201.42    7.17    0.38      22      22
 28.000 999.900 999.900  999.90  224.22    2.36    0.28  201.60    7.04    0.39      22      22
 28.500 999.900 999.900  999.90  224.99    2.29    0.27  201.78    6.92    0.40      22      22
 29.000 999.900 999.900  999.90  225.75    2.26    0.16  201.96    6.83    0.43      22      22
 29.500 999.900 999.900  999.90  226.54    2.30    0.11  202.14    6.76    0.47      22      22
 30.000 999.900 999.900  999.90  227.30    2.38    0.14  202.32    6.72    0.52      22      22
  T A B L E  III -   9.  M O I S T U R E  R E L A T E D  S T A T I S T I C A L  P A R A M E T E R S
                                 September
 STATION =   913660     KWAJLEIN MISSILE RANGE
      Z VAPOR P   SD VP SKEW VP      TV      TV SKEW TV DEWPT T  SD DPT SKW DPT NOBS TP NOBS TV   
           MEAN                    MEAN      SD            MEAN                                   
     KM      MB      MB          KELVIN  KELVIN          KELVIN  KELVIN                           
  0.000  16.000   6.000    0.00  291.00    6.00    0.00  290.00    7.00    0.00       0       0
  0.004  30.271   3.397   -6.38  304.71    1.48    0.11  297.52    0.97   -0.09     977     977
  0.500  21.321  10.139   -1.56  300.32    1.61   -0.92  294.86    1.12   -0.30     808     808
  1.000  17.545   8.403   -1.51  296.69    1.41   -0.94  291.69    1.40   -0.72     808     808
  1.500  14.391   6.960   -1.44  293.42    1.32   -0.68  288.51    1.81   -1.04     809     809
  2.000  11.414   5.802   -1.31  290.53    1.23   -0.75  285.20    1.95   -1.29     795     795
  2.500   9.211   4.752   -1.22  287.75    1.16   -0.78  281.93    2.33   -1.43     795     795
  3.000   7.426   3.933   -1.09  284.96    1.17   -0.66  278.72    2.86   -1.47     794     794
  3.500   5.602   3.374   -0.80  281.99    1.15   -0.57  275.36    3.31   -1.51     754     754
  4.000   4.440   2.749   -0.68  279.02    1.11   -0.59  272.00    3.94   -1.68     754     754
  4.500   3.515   2.273   -0.52  276.07    1.07   -0.52  268.61    4.83   -1.55     754     754
  5.000   2.787   1.877   -0.38  273.17    1.05   -0.42  265.29    5.66   -1.51     755     755
  5.500   2.189   1.554   -0.22  270.29    1.05   -0.32  261.85    6.67   -1.50     754     754
  6.000   1.754   1.244   -0.15  267.38    1.06   -0.26  258.39    7.44   -1.48     777     777
  6.500   1.285   0.947   -0.01  264.35    1.05   -0.29  254.48    7.49   -1.20     778     778
  7.000   0.943   0.738    0.14  261.33    1.09   -0.27  250.46    8.13   -0.97     778     778
  7.500   0.704   0.585    0.25  258.28    1.18   -0.27  246.57    9.19   -0.94     777     777
  8.000   0.479   0.414    0.38  254.84    1.20   -0.23  242.38    9.01   -0.84     770     770
  8.500   0.326   0.289    0.47  251.27    1.21   -0.21  238.37    8.65   -0.73     769     769
  9.000   0.224   0.203    0.51  247.64    1.26   -0.12  234.45    8.71   -0.71     769     769
  9.500   0.156   0.144    0.52  243.99    1.33   -0.08  230.53    9.25   -0.77     768     768
 10.000   0.049   0.089    1.77  240.10    1.40   -0.05  228.58    8.12   -0.88     314     314
 10.500   0.028   0.055    1.98  235.99    1.45   -0.04  225.04    7.36   -0.99     271     271
 11.000   0.013   0.031    2.55  231.88    1.52   -0.06  221.27    7.35   -1.16     193     193
 11.500 999.900 999.900  999.90  227.57    1.50   -0.06  999.90  999.90  999.90       0       0
 12.000 999.900 999.900  999.90  223.27    1.52   -0.03  999.90  999.90  999.90       0       0
 12.500 999.900 999.900  999.90  219.00    1.55    0.05  999.90  999.90  999.90       0       0
 13.000 999.900 999.900  999.90  214.83    1.55    0.03  999.90  999.90  999.90       0       0
 13.500 999.900 999.900  999.90  210.67    1.62    0.05  999.90  999.90  999.90       0       0
 14.000 999.900 999.900  999.90  206.55    1.74    0.11  999.90  999.90  999.90       0       0
 14.500 999.900 999.900  999.90  203.31    1.70    0.37  999.90  999.90  999.90       0       0
 15.000 999.900 999.900  999.90  200.99    1.99    0.15  999.90  999.90  999.90       0       0
 15.500 999.900 999.900  999.90  198.87    2.42    0.09  999.90  999.90  999.90       0       0
 16.000 999.900 999.900  999.90  197.07    2.72    0.20  999.90  999.90  999.90       0       0
 16.500 999.900 999.900  999.90  195.78    2.94    0.30  999.90  999.90  999.90       0       0
 17.000 999.900 999.900  999.90  196.57    2.76    0.21  999.90  999.90  999.90       0       0
 17.500 999.900 999.900  999.90  198.26    2.61    0.24  999.90  999.90  999.90       0       0
 18.000 999.900 999.900  999.90  200.12    2.64    0.33  999.90  999.90  999.90       0       0
 18.500 999.900 999.900  999.90  202.00    2.76    0.22  999.90  999.90  999.90       0       0
 19.000 999.900 999.900  999.90  203.71    2.68    0.28  999.90  999.90  999.90       0       0
 19.500 999.900 999.900  999.90  205.30    2.53    0.39  999.90  999.90  999.90       0       0
 20.000 999.900 999.900  999.90  206.82    2.44    0.33  999.90  999.90  999.90       0       0
 20.500 999.900 999.900  999.90  208.32    2.54    0.22  999.90  999.90  999.90       0       0
 21.000 999.900 999.900  999.90  209.70    2.61    0.20  999.90  999.90  999.90       0       0
 21.500 999.900 999.900  999.90  210.87    2.50    0.22  999.90  999.90  999.90       0       0
 22.000 999.900 999.900  999.90  212.01    2.43    0.26  999.90  999.90  999.90       0       0
 22.500 999.900 999.900  999.90  213.14    2.41    0.22  999.90  999.90  999.90       0       0
 23.000 999.900 999.900  999.90  214.30    2.49    0.22  999.90  999.90  999.90       0       0
 23.500 999.900 999.900  999.90  215.45    2.59    0.17  999.90  999.90  999.90       0       0
 24.000 999.900 999.900  999.90  216.65    2.78    0.14  999.90  999.90  999.90       0       0
 24.500 999.900 999.900  999.90  217.74    2.56    0.04  999.90  999.90  999.90       0       0
 25.000 999.900 999.900  999.90  218.86    2.50   -0.01  999.90  999.90  999.90       0       0
 25.500 999.900 999.900  999.90  219.96    2.48   -0.05  999.90  999.90  999.90       0       0
 26.000 999.900 999.900  999.90  221.08    2.58   -0.10  999.90  999.90  999.90       0       0
 26.500 999.900 999.900  999.90  222.49    2.68   -0.05  999.90  999.90  999.90       0       0
 27.000 999.900 999.900  999.90  222.74    2.65    0.25  200.41    2.20   -0.32      21      21
 27.500 999.900 999.900  999.90  223.52    2.37    0.04  200.72    2.21   -0.33      21      21
 28.000 999.900 999.900  999.90  224.35    2.27    0.02  201.03    2.23   -0.34      21      21
 28.500 999.900 999.900  999.90  225.27    2.34    0.42  201.35    2.26   -0.34      21      21
 29.000 999.900 999.900  999.90  226.13    2.31    0.39  201.66    2.30   -0.35      21      21
 29.500 999.900 999.900  999.90  226.97    2.25    0.10  201.97    2.34   -0.36      21      21
 30.000 999.900 999.900  999.90  227.82    2.30   -0.09  202.28    2.39   -0.37      21      21
  T A B L E  III -  10.  M O I S T U R E  R E L A T E D  S T A T I S T I C A L  P A R A M E T E R S
                                   October
 STATION =   913660     KWAJLEIN MISSILE RANGE
      Z VAPOR P   SD VP SKEW VP      TV      TV SKEW TV DEWPT T  SD DPT SKW DPT NOBS TP NOBS TV   
           MEAN                    MEAN      SD            MEAN                                   
     KM      MB      MB          KELVIN  KELVIN          KELVIN  KELVIN                           
  0.000  16.000   6.000    0.00  291.00    6.00    0.00  290.00    7.00    0.00       0       0
  0.004  30.055   3.844   -6.16  304.67    1.46    0.06  297.47    0.94   -0.25     986     986
  0.500  22.912   8.860   -2.08  300.55    1.60   -0.95  294.96    1.24   -0.50     874     874
  1.000  19.005   7.352   -2.00  296.94    1.39   -0.84  291.85    1.58   -0.79     877     877
  1.500  15.497   6.114   -1.87  293.63    1.30   -0.60  288.59    2.00   -1.28     877     877
  2.000  12.470   5.015   -1.78  290.75    1.17   -0.51  285.26    2.19   -1.61     875     875
  2.500  10.017   4.163   -1.59  287.93    1.11   -0.57  281.89    2.77   -1.79     875     875
  3.000   8.044   3.488   -1.37  285.13    1.15   -0.58  278.61    3.29   -1.57     874     874
  3.500   6.103   3.078   -1.04  282.17    1.13   -0.42  275.23    3.64   -1.53     836     836
  4.000   4.870   2.531   -0.89  279.22    1.08   -0.30  271.98    4.07   -1.46     837     837
  4.500   3.889   2.126   -0.71  276.26    1.07   -0.19  268.73    4.89   -1.53     837     837
  5.000   3.083   1.793   -0.52  273.36    1.07   -0.02  265.37    5.85   -1.47     837     837
  5.500   2.442   1.511   -0.36  270.47    1.11    0.01  262.01    6.85   -1.45     837     837
  6.000   1.910   1.237   -0.22  267.57    1.12    0.07  258.51    7.67   -1.39     842     842
  6.500   1.404   0.943   -0.07  264.56    1.10    0.06  254.70    7.52   -1.13     843     843
  7.000   1.040   0.737    0.05  261.55    1.13    0.07  250.86    8.05   -0.99     843     843
  7.500   0.780   0.584    0.11  258.51    1.23    0.05  247.03    9.09   -1.00     843     843
  8.000   0.540   0.423    0.22  255.05    1.25    0.06  243.01    8.97   -0.89     836     836
  8.500   0.372   0.297    0.30  251.47    1.28    0.16  239.10    8.59   -0.80     836     836
  9.000   0.256   0.211    0.35  247.86    1.36    0.26  235.06    8.85   -0.76     835     835
  9.500   0.179   0.152    0.36  244.24    1.47    0.36  231.07    9.53   -0.80     834     834
 10.000   0.066   0.102    1.34  240.38    1.55    0.41  229.17    8.32   -0.99     406     406
 10.500   0.039   0.065    1.48  236.30    1.60    0.40  225.85    7.43   -1.09     359     359
 11.000   0.018   0.039    2.02  232.24    1.67    0.47  222.41    7.60   -1.23     245     245
 11.500 999.900 999.900  999.90  227.96    1.68    0.54  999.90  999.90  999.90       0       0
 12.000 999.900 999.900  999.90  223.67    1.73    0.60  999.90  999.90  999.90       0       0
 12.500 999.900 999.900  999.90  219.41    1.80    0.67  999.90  999.90  999.90       0       0
 13.000 999.900 999.900  999.90  215.23    1.80    0.68  999.90  999.90  999.90       0       0
 13.500 999.900 999.900  999.90  211.07    1.85    0.68  999.90  999.90  999.90       0       0
 14.000 999.900 999.900  999.90  206.93    1.95    0.68  999.90  999.90  999.90       0       0
 14.500 999.900 999.900  999.90  203.53    1.90    0.81  999.90  999.90  999.90       0       0
 15.000 999.900 999.900  999.90  200.84    2.10    0.50  999.90  999.90  999.90       0       0
 15.500 999.900 999.900  999.90  198.28    2.38    0.41  999.90  999.90  999.90       0       0
 16.000 999.900 999.900  999.90  195.96    2.62    0.65  999.90  999.90  999.90       0       0
 16.500 999.900 999.900  999.90  194.06    2.91    0.68  999.90  999.90  999.90       0       0
 17.000 999.900 999.900  999.90  194.63    2.75    0.63  999.90  999.90  999.90       0       0
 17.500 999.900 999.900  999.90  196.24    2.61    0.47  999.90  999.90  999.90       0       0
 18.000 999.900 999.900  999.90  198.04    2.66    0.37  999.90  999.90  999.90       0       0
 18.500 999.900 999.900  999.90  199.92    2.90    0.17  999.90  999.90  999.90       0       0
 19.000 999.900 999.900  999.90  201.89    2.85    0.30  999.90  999.90  999.90       0       0
 19.500 999.900 999.900  999.90  203.75    2.69    0.44  999.90  999.90  999.90       0       0
 20.000 999.900 999.900  999.90  205.55    2.63    0.36  999.90  999.90  999.90       0       0
 20.500 999.900 999.900  999.90  207.33    2.71    0.21  999.90  999.90  999.90       0       0
 21.000 999.900 999.900  999.90  208.88    2.69    0.36  999.90  999.90  999.90       0       0
 21.500 999.900 999.900  999.90  210.22    2.61    0.50  999.90  999.90  999.90       0       0
 22.000 999.900 999.900  999.90  211.57    2.61    0.60  999.90  999.90  999.90       0       0
 22.500 999.900 999.900  999.90  212.87    2.65    0.63  999.90  999.90  999.90       0       0
 23.000 999.900 999.900  999.90  214.16    2.73    0.61  999.90  999.90  999.90       0       0
 23.500 999.900 999.900  999.90  215.49    2.84    0.43  999.90  999.90  999.90       0       0
 24.000 999.900 999.900  999.90  216.86    3.04    0.44  999.90  999.90  999.90       0       0
 24.500 999.900 999.900  999.90  218.05    2.89    0.55  999.90  999.90  999.90       0       0
 25.000 999.900 999.900  999.90  219.32    2.84    0.54  999.90  999.90  999.90       0       0
 25.500 999.900 999.900  999.90  220.53    2.86    0.46  999.90  999.90  999.90       0       0
 26.000 999.900 999.900  999.90  221.75    2.95    0.23  999.90  999.90  999.90       0       0
 26.500 999.900 999.900  999.90  223.26    3.13    0.16  999.90  999.90  999.90       0       0
 27.000 999.900 999.900  999.90  223.55    3.06    0.25  199.92    3.29    0.04      20      20
 27.500 999.900 999.900  999.90  224.37    2.72   -0.03  200.36    3.28    0.05      20      20
 28.000 999.900 999.900  999.90  225.35    2.70    0.08  200.80    3.28    0.07      20      20
 28.500 999.900 999.900  999.90  226.44    2.73    0.07  201.24    3.30    0.09      20      20
 29.000 999.900 999.900  999.90  227.39    2.71    0.02  201.68    3.34    0.11      20      20
 29.500 999.900 999.900  999.90  228.37    2.74    0.01  202.12    3.39    0.13      20      20
 30.000 999.900 999.900  999.90  229.33    2.81   -0.04  202.55    3.47    0.15      20      20
  T A B L E  III -  11.  M O I S T U R E  R E L A T E D  S T A T I S T I C A L  P A R A M E T E R S
                                  November
 STATION =   913660     KWAJLEIN MISSILE RANGE
      Z VAPOR P   SD VP SKEW VP      TV      TV SKEW TV DEWPT T  SD DPT SKW DPT NOBS TP NOBS TV   
           MEAN                    MEAN      SD            MEAN                                   
     KM      MB      MB          KELVIN  KELVIN          KELVIN  KELVIN                           
  0.000  16.000   6.000    0.00  291.00    6.00    0.00  290.00    7.00    0.00       0       0
  0.004  30.445   3.030   -6.59  304.66    1.42    0.06  297.57    0.95   -0.06     906     906
  0.500  22.325   9.560   -1.81  300.33    1.69   -0.90  295.01    1.24   -0.81     775     775
  1.000  18.327   8.023   -1.70  296.73    1.50   -0.84  291.83    1.68   -1.42     773     773
  1.500  14.729   6.846   -1.46  293.49    1.43   -0.59  288.46    2.48   -2.00     765     765
  2.000  11.601   5.606   -1.27  290.70    1.28   -0.62  284.69    3.25   -1.92     764     764
  2.500   9.211   4.692   -1.06  288.00    1.20   -0.68  281.02    4.41   -2.07     764     764
  3.000   7.285   3.989   -0.83  285.30    1.19   -0.58  277.22    5.99   -2.09     764     764
  3.500   5.496   3.395   -0.56  282.37    1.20   -0.54  273.56    6.60   -1.84     735     735
  4.000   4.286   2.781   -0.39  279.41    1.17   -0.50  269.96    6.97   -1.46     734     734
  4.500   3.364   2.322   -0.19  276.49    1.17   -0.44  266.41    7.57   -1.12     734     734
  5.000   2.635   1.960   -0.03  273.61    1.16   -0.25  262.74    8.55   -0.90     733     733
  5.500   2.085   1.640    0.09  270.76    1.20   -0.14  259.31    9.43   -0.85     732     732
  6.000   1.663   1.313    0.16  267.85    1.22    0.01  255.31   10.35   -0.75     769     769
  6.500   1.217   0.995    0.30  264.80    1.21    0.05  251.61    9.93   -0.59     769     769
  7.000   0.900   0.771    0.41  261.74    1.26   -0.01  247.88   10.06   -0.47     769     769
  7.500   0.680   0.606    0.44  258.66    1.39   -0.03  244.23   10.73   -0.46     769     769
  8.000   0.473   0.431    0.53  255.22    1.43    0.04  240.66   10.22   -0.46     756     756
  8.500   0.326   0.299    0.61  251.66    1.46    0.12  236.99    9.64   -0.46     756     756
  9.000   0.229   0.209    0.60  248.08    1.51    0.16  233.41    9.53   -0.52     756     756
  9.500   0.163   0.149    0.55  244.48    1.61    0.16  229.82    9.91   -0.58     756     756
 10.000   0.070   0.103    1.32  240.66    1.67    0.23  227.53    9.31   -0.68     428     428
 10.500   0.043   0.067    1.41  236.63    1.71    0.29  224.38    8.65   -0.83     385     385
 11.000   0.022   0.042    1.83  232.57    1.78    0.40  221.78    8.32   -1.04     267     267
 11.500 999.900 999.900  999.90  228.35    1.79    0.48  999.90  999.90  999.90       0       0
 12.000 999.900 999.900  999.90  224.11    1.84    0.56  999.90  999.90  999.90       0       0
 12.500 999.900 999.900  999.90  219.91    1.89    0.67  999.90  999.90  999.90       0       0
 13.000 999.900 999.900  999.90  215.76    1.87    0.68  999.90  999.90  999.90       0       0
 13.500 999.900 999.900  999.90  211.63    1.90    0.64  999.90  999.90  999.90       0       0
 14.000 999.900 999.900  999.90  207.51    2.00    0.56  999.90  999.90  999.90       0       0
 14.500 999.900 999.900  999.90  203.92    2.00    0.58  999.90  999.90  999.90       0       0
 15.000 999.900 999.900  999.90  200.85    2.14    0.58  999.90  999.90  999.90       0       0
 15.500 999.900 999.900  999.90  197.88    2.38    0.62  999.90  999.90  999.90       0       0
 16.000 999.900 999.900  999.90  195.11    2.64    0.80  999.90  999.90  999.90       0       0
 16.500 999.900 999.900  999.90  192.58    2.94    0.96  999.90  999.90  999.90       0       0
 17.000 999.900 999.900  999.90  192.66    2.89    0.98  999.90  999.90  999.90       0       0
 17.500 999.900 999.900  999.90  193.98    3.01    0.53  999.90  999.90  999.90       0       0
 18.000 999.900 999.900  999.90  195.66    3.13    0.59  999.90  999.90  999.90       0       0
 18.500 999.900 999.900  999.90  197.45    3.44    0.46  999.90  999.90  999.90       0       0
 19.000 999.900 999.900  999.90  199.63    3.23    0.28  999.90  999.90  999.90       0       0
 19.500 999.900 999.900  999.90  201.96    2.98    0.38  999.90  999.90  999.90       0       0
 20.000 999.900 999.900  999.90  204.20    2.85    0.48  999.90  999.90  999.90       0       0
 20.500 999.900 999.900  999.90  206.45    2.82    0.47  999.90  999.90  999.90       0       0
 21.000 999.900 999.900  999.90  208.26    2.79    0.49  999.90  999.90  999.90       0       0
 21.500 999.900 999.900  999.90  209.80    2.69    0.54  999.90  999.90  999.90       0       0
 22.000 999.900 999.900  999.90  211.27    2.63    0.53  999.90  999.90  999.90       0       0
 22.500 999.900 999.900  999.90  212.76    2.63    0.52  999.90  999.90  999.90       0       0
 23.000 999.900 999.900  999.90  214.23    2.66    0.50  999.90  999.90  999.90       0       0
 23.500 999.900 999.900  999.90  215.69    2.79    0.42  999.90  999.90  999.90       0       0
 24.000 999.900 999.900  999.90  217.21    3.02    0.46  999.90  999.90  999.90       0       0
 24.500 999.900 999.900  999.90  218.47    2.84    0.48  999.90  999.90  999.90       0       0
 25.000 999.900 999.900  999.90  219.84    2.90    0.51  999.90  999.90  999.90       0       0
 25.500 999.900 999.900  999.90  221.16    2.94    0.31  999.90  999.90  999.90       0       0
 26.000 999.900 999.900  999.90  222.48    3.08    0.10  999.90  999.90  999.90       0       0
 26.500 999.900 999.900  999.90  224.24    3.19   -0.09  999.90  999.90  999.90       0       0
 27.000 999.900 999.900  999.90  224.07    3.19    0.20  201.43    5.30    1.47      19      19
 27.500 999.900 999.900  999.90  224.93    2.89    0.11  201.90    5.37    1.60      19      19
 28.000 999.900 999.900  999.90  225.94    2.74   -0.01  202.37    5.45    1.71      19      19
 28.500 999.900 999.900  999.90  226.92    2.75    0.09  202.84    5.53    1.81      19      19
 29.000 999.900 999.900  999.90  227.76    2.63    0.03  203.31    5.62    1.90      19      19
 29.500 999.900 999.900  999.90  228.69    2.55   -0.28  203.79    5.72    1.98      19      19
 30.000 999.900 999.900  999.90  229.65    2.67   -0.27  204.26    5.83    2.04      19      19
  T A B L E  III -  12.  M O I S T U R E  R E L A T E D  S T A T I S T I C A L  P A R A M E T E R S
                                  December
 STATION =   913660     KWAJLEIN MISSILE RANGE
      Z VAPOR P   SD VP SKEW VP      TV      TV SKEW TV DEWPT T  SD DPT SKW DPT NOBS TP NOBS TV   
           MEAN                    MEAN      SD            MEAN                                   
     KM      MB      MB          KELVIN  KELVIN          KELVIN  KELVIN                           
  0.000  16.000   6.000    0.00  291.00    6.00    0.00  290.00    7.00    0.00       0       0
  0.004  29.398   3.722   -4.69  304.25    1.24    0.35  297.02    1.34   -0.52     929     929
  0.500  18.988  11.294   -1.01  299.56    1.73   -0.55  294.45    1.69   -0.88     700     700
  1.000  15.498   9.369   -0.93  295.95    1.61   -0.37  291.15    2.25   -1.36     699     699
  1.500  12.014   7.947   -0.66  292.79    1.59   -0.27  287.47    3.49   -1.81     677     677
  2.000   8.698   6.326   -0.32  290.26    1.34   -0.23  282.55    4.89   -1.09     663     663
  2.500   6.544   5.211   -0.02  287.82    1.20   -0.44  277.76    6.83   -0.88     662     662
  3.000   4.997   4.362    0.19  285.40    1.26   -0.54  272.98    9.13   -0.90     662     662
  3.500   3.585   3.421    0.41  282.63    1.25   -0.34  268.51    9.67   -0.75     639     639
  4.000   2.702   2.700    0.63  279.73    1.23   -0.30  264.61    9.54   -0.50     639     639
  4.500   2.067   2.217    0.85  276.90    1.20   -0.33  260.73    9.85   -0.20     639     639
  5.000   1.580   1.822    1.02  274.05    1.17   -0.16  256.81   10.40    0.02     638     638
  5.500   1.214   1.500    1.15  271.21    1.21   -0.06  252.88   11.11    0.14     638     638
  6.000   1.032   1.204    1.16  268.35    1.26   -0.02  248.71   11.40    0.25     740     740
  6.500   0.736   0.883    1.38  265.30    1.25   -0.17  245.14   10.68    0.36     740     740
  7.000   0.538   0.677    1.54  262.22    1.29   -0.21  241.57   10.50    0.47     738     738
  7.500   0.401   0.527    1.59  259.13    1.39   -0.06  237.97   10.82    0.49     738     738
  8.000   0.274   0.368    1.71  255.73    1.41   -0.04  234.52   10.24    0.53     724     724
  8.500   0.195   0.256    1.71  252.24    1.45   -0.05  231.48    9.73    0.45     725     725
  9.000   0.139   0.179    1.68  248.68    1.54    0.03  228.27    9.60    0.34     724     724
  9.500   0.102   0.131    1.52  245.04    1.65    0.15  225.12    9.97    0.22     723     723
 10.000   0.048   0.086    2.09  241.23    1.74    0.28  223.21    9.57    0.15     436     436
 10.500   0.032   0.056    2.02  237.22    1.78    0.26  220.72    8.88   -0.08     411     411
 11.000   0.018   0.037    2.25  233.20    1.84    0.26  217.83    9.11   -0.23     322     322
 11.500 999.900 999.900  999.90  229.03    1.84    0.30  999.90  999.90  999.90       0       0
 12.000 999.900 999.900  999.90  224.83    1.86    0.30  999.90  999.90  999.90       0       0
 12.500 999.900 999.900  999.90  220.65    1.91    0.31  999.90  999.90  999.90       0       0
 13.000 999.900 999.900  999.90  216.48    1.97    0.33  999.90  999.90  999.90       0       0
 13.500 999.900 999.900  999.90  212.35    2.03    0.43  999.90  999.90  999.90       0       0
 14.000 999.900 999.900  999.90  208.21    2.12    0.48  999.90  999.90  999.90       0       0
 14.500 999.900 999.900  999.90  204.38    2.09    0.58  999.90  999.90  999.90       0       0
 15.000 999.900 999.900  999.90  200.88    2.21    0.57  999.90  999.90  999.90       0       0
 15.500 999.900 999.900  999.90  197.42    2.42    0.56  999.90  999.90  999.90       0       0
 16.000 999.900 999.900  999.90  194.14    2.67    0.61  999.90  999.90  999.90       0       0
 16.500 999.900 999.900  999.90  191.14    2.96    0.62  999.90  999.90  999.90       0       0
 17.000 999.900 999.900  999.90  190.46    3.06    0.30  999.90  999.90  999.90       0       0
 17.500 999.900 999.900  999.90  191.30    3.41   -0.14  999.90  999.90  999.90       0       0
 18.000 999.900 999.900  999.90  192.99    3.54    0.05  999.90  999.90  999.90       0       0
 18.500 999.900 999.900  999.90  195.26    3.78    0.26  999.90  999.90  999.90       0       0
 19.000 999.900 999.900  999.90  197.97    3.77    0.24  999.90  999.90  999.90       0       0
 19.500 999.900 999.900  999.90  200.79    3.57    0.39  999.90  999.90  999.90       0       0
 20.000 999.900 999.900  999.90  203.29    3.38    0.51  999.90  999.90  999.90       0       0
 20.500 999.900 999.900  999.90  205.70    3.36    0.42  999.90  999.90  999.90       0       0
 21.000 999.900 999.900  999.90  207.71    3.37    0.38  999.90  999.90  999.90       0       0
 21.500 999.900 999.900  999.90  209.35    3.23    0.36  999.90  999.90  999.90       0       0
 22.000 999.900 999.900  999.90  210.96    3.09    0.45  999.90  999.90  999.90       0       0
 22.500 999.900 999.900  999.90  212.53    2.97    0.45  999.90  999.90  999.90       0       0
 23.000 999.900 999.900  999.90  214.03    2.88    0.50  999.90  999.90  999.90       0       0
 23.500 999.900 999.900  999.90  215.51    2.87    0.51  999.90  999.90  999.90       0       0
 24.000 999.900 999.900  999.90  216.94    2.96    0.58  999.90  999.90  999.90       0       0
 24.500 999.900 999.900  999.90  218.02    2.70    0.59  999.90  999.90  999.90       0       0
 25.000 999.900 999.900  999.90  219.18    2.63    0.47  999.90  999.90  999.90       0       0
 25.500 999.900 999.900  999.90  220.27    2.58    0.30  999.90  999.90  999.90       0       0
 26.000 999.900 999.900  999.90  221.35    2.71    0.29  999.90  999.90  999.90       0       0
 26.500 999.900 999.900  999.90  223.23    2.97    0.24  201.44    2.42    1.31      10      10
 27.000 999.900 999.900  999.90  223.33    2.91    0.67  201.81    2.39    1.35      10      10
 27.500 999.900 999.900  999.90  224.07    2.56   -0.10  202.17    2.38    1.36      10      10
 28.000 999.900 999.900  999.90  224.98    2.59   -0.05  202.54    2.37    1.36      10      10
 28.500 999.900 999.900  999.90  225.72    2.59   -0.00  202.90    2.37    1.33      10      10
 29.000 999.900 999.900  999.90  226.54    2.65   -0.01  203.26    2.38    1.28      10      10
 29.500 999.900 999.900  999.90  227.30    2.65   -0.09  203.63    2.40    1.22      10      10
 30.000 999.900 999.900  999.90  228.20    2.73   -0.15  203.99    2.43    1.14      10      10
  T A B L E  III -  13.  M O I S T U R E  R E L A T E D  S T A T I S T I C A L  P A R A M E T E R S
                                    Annual
 STATION =   913660     KWAJLEIN MISSILE RANGE
      Z VAPOR P   SD VP SKEW VP      TV      TV SKEW TV DEWPT T  SD DPT SKW DPT NOBS TP NOBS TV   
           MEAN                    MEAN      SD            MEAN                                   
     KM      MB      MB          KELVIN  KELVIN          KELVIN  KELVIN                           
  0.000  16.000   6.000    0.00  291.00    6.00    0.00  290.00    7.00    0.00       0       0
  0.004  29.413   3.896   -4.96  304.29    1.41    0.16  297.06    1.31   -0.85   11711   11711
  0.500  21.253   9.709   -1.62  299.90    1.70   -0.80  294.49    1.55   -1.03    9883    9883
  1.000  17.388   8.081   -1.50  296.26    1.60   -0.69  291.20    2.06   -1.51    9883    9883
  1.500  13.928   6.851   -1.26  293.05    1.58   -0.63  287.68    3.13   -2.16    9821    9821
  2.000  10.571   5.673   -0.93  290.39    1.32   -0.58  283.42    4.24   -1.63    9709    9709
  2.500   8.206   4.790   -0.65  287.82    1.19   -0.60  279.24    5.88   -1.48    9712    9712
  3.000   6.410   4.084   -0.44  285.25    1.22   -0.45  275.08    7.78   -1.52    9704    9704
  3.500   4.813   3.376   -0.23  282.39    1.23   -0.33  271.24    8.36   -1.39    9401    9401
  4.000   3.760   2.737   -0.08  279.46    1.19   -0.28  267.77    8.39   -1.15    9402    9402
  4.500   2.952   2.264    0.08  276.55    1.18   -0.23  264.30    8.74   -0.90    9405    9405
  5.000   2.319   1.884    0.20  273.67    1.18   -0.17  260.80    9.33   -0.72    9404    9404
  5.500   1.827   1.568    0.31  270.81    1.22   -0.07  257.32   10.08   -0.63    9397    9397
  6.000   1.450   1.256    0.39  267.92    1.26    0.03  253.44   10.70   -0.52    9830    9830
  6.500   1.045   0.934    0.57  264.90    1.23   -0.02  249.72   10.13   -0.39    9835    9835
  7.000   0.769   0.717    0.69  261.88    1.28   -0.04  246.05   10.09   -0.28    9832    9832
  7.500   0.577   0.564    0.75  258.83    1.38   -0.03  242.38   10.65   -0.23    9827    9827
  8.000   0.401   0.399    0.84  255.42    1.40    0.00  238.81   10.10   -0.20    9719    9719
  8.500   0.279   0.277    0.89  251.86    1.43    0.02  235.37    9.48   -0.21    9715    9715
  9.000   0.197   0.194    0.88  248.27    1.49    0.05  231.95    9.34   -0.28    9708    9708
  9.500   0.142   0.139    0.80  244.64    1.58    0.10  228.55    9.69   -0.39    9697    9697
 10.000   0.055   0.091    1.68  240.79    1.64    0.18  226.21    9.07   -0.46    5021    5021
 10.500   0.034   0.058    1.73  236.73    1.68    0.20  223.10    8.36   -0.61    4627    4627
 11.000   0.018   0.037    2.04  232.66    1.74    0.24  220.07    8.35   -0.78    3534    3534
 11.500 999.900 999.900  999.90  228.42    1.76    0.27  217.97    8.27   -0.28      22      22
 12.000 999.900 999.900  999.90  224.18    1.81    0.30  213.89    6.65   -0.37      20      20
 12.500 999.900 999.900  999.90  219.96    1.87    0.34  210.92    6.17   -0.64      20      20
 13.000 999.900 999.900  999.90  215.80    1.88    0.37  999.90  999.90  999.90       0       0
 13.500 999.900 999.900  999.90  211.65    1.94    0.43  999.90  999.90  999.90       0       0
 14.000 999.900 999.900  999.90  207.53    2.03    0.47  999.90  999.90  999.90       0       0
 14.500 999.900 999.900  999.90  203.97    1.93    0.61  999.90  999.90  999.90       0       0
 15.000 999.900 999.900  999.90  201.04    2.06    0.41  999.90  999.90  999.90       0       0
 15.500 999.900 999.900  999.90  198.23    2.42    0.36  999.90  999.90  999.90       0       0
 16.000 999.900 999.900  999.90  195.61    2.87    0.41  999.90  999.90  999.90       0       0
 16.500 999.900 999.900  999.90  193.31    3.43    0.39  999.90  999.90  999.90       0       0
 17.000 999.900 999.900  999.90  193.38    3.74    0.21  999.90  999.90  999.90       0       0
 17.500 999.900 999.900  999.90  194.75    4.07   -0.06  999.90  999.90  999.90       0       0
 18.000 999.900 999.900  999.90  196.49    4.24   -0.10  999.90  999.90  999.90       0       0
 18.500 999.900 999.900  999.90  198.42    4.38   -0.12  999.90  999.90  999.90       0       0
 19.000 999.900 999.900  999.90  200.58    4.08   -0.09  999.90  999.90  999.90       0       0
 19.500 999.900 999.900  999.90  202.76    3.63   -0.04  999.90  999.90  999.90       0       0
 20.000 999.900 999.900  999.90  204.87    3.31   -0.02  999.90  999.90  999.90       0       0
 20.500 999.900 999.900  999.90  206.94    3.18   -0.04  999.90  999.90  999.90       0       0
 21.000 999.900 999.900  999.90  208.61    3.12    0.06  999.90  999.90  999.90       0       0
 21.500 999.900 999.900  999.90  210.02    2.93    0.10  999.90  999.90  999.90       0       0
 22.000 999.900 999.900  999.90  211.42    2.82    0.17  999.90  999.90  999.90       0       0
 22.500 999.900 999.900  999.90  212.81    2.76    0.20  999.90  999.90  999.90       0       0
 23.000 999.900 999.900  999.90  214.17    2.76    0.20  999.90  999.90  999.90       0       0
 23.500 999.900 999.900  999.90  215.54    2.83    0.15  999.90  999.90  999.90       0       0
 24.000 999.900 999.900  999.90  216.92    2.95    0.20  999.90  999.90  999.90       0       0
 24.500 999.900 999.900  999.90  218.02    2.76    0.21  999.90  999.90  999.90       0       0
 25.000 999.900 999.900  999.90  219.20    2.72    0.20  999.90  999.90  999.90       0       0
 25.500 999.900 999.900  999.90  220.37    2.72    0.15  999.90  999.90  999.90       0       0
 26.000 999.900 999.900  999.90  221.54    2.84    0.07  999.90  999.90  999.90       0       0
 26.500 999.900 999.900  999.90  223.08    2.98    0.05  200.84    4.85   -0.19      67      67
 27.000 999.900 999.900  999.90  223.36    2.99    0.28  201.14    5.11    1.00     251     251
 27.500 999.900 999.900  999.90  224.13    2.73    0.03  201.50    5.03    0.99     251     251
 28.000 999.900 999.900  999.90  225.04    2.69    0.05  201.85    4.96    0.98     251     251
 28.500 999.900 999.900  999.90  225.92    2.70    0.06  202.20    4.92    0.98     251     251
 29.000 999.900 999.900  999.90  226.77    2.69    0.03  202.56    4.89    0.99     251     251
 29.500 999.900 999.900  999.90  227.65    2.73   -0.02  202.92    4.87    1.03     251     251
 30.000 999.900 999.900  999.90  228.53    2.84   -0.03  203.29    4.86    1.05     251     251
