      72391      34.12N  119.12W
  T A B L E  III -   1.  M O I S T U R E  R E L A T E D  S T A T I S T I C A L  P A R A M E T E R S
                                   January
 STATION =   723910     Pt. Mugu Naval Air Station, CA
      Z VAPOR P   SD VP SKEW VP      TV      TV SKEW TV DEWPT T  SD DPT SKW DPT NOBS TP NOBS TV   
           MEAN                    MEAN      SD            MEAN                                   
     KM      MB      MB          KELVIN  KELVIN          KELVIN  KELVIN                           
  0.000  16.000   6.000    0.00  291.00    6.00    0.00  290.00    7.00    0.00       0       0
  0.004   9.395   3.876    0.05  288.28    4.92   -0.01  277.89    6.97   -0.79     846     846
  0.500   6.688   3.549    0.36  287.23    4.41    0.30  272.48    8.14   -0.33     843     843
  1.000   4.995   2.938    0.67  284.80    4.75    0.06  268.45    8.20   -0.20     836     836
  1.500   3.712   2.510    0.89  282.31    4.76   -0.19  264.06    9.01   -0.20     832     832
  2.000   2.927   2.127    0.96  279.69    4.71   -0.40  260.87    9.36   -0.19     823     823
  2.500   2.264   1.763    1.03  277.00    4.71   -0.56  257.37    9.92   -0.31     817     817
  3.000   1.823   1.501    1.06  274.16    4.70   -0.68  254.28   10.50   -0.30     816     816
  3.500   1.433   1.248    1.24  271.17    4.60   -0.78  251.20   10.55   -0.22     817     817
  4.000   1.139   0.989    1.22  268.01    4.62   -0.85  248.47   10.60   -0.31     817     817
  4.500   0.919   0.835    1.38  264.78    4.61   -0.91  245.83   10.71   -0.27     817     817
  5.000   0.714   0.647    1.30  261.42    4.56   -0.88  243.01   10.66   -0.31     817     817
  5.500   0.548   0.502    1.31  257.92    4.55   -0.84  240.06   10.72   -0.37     816     816
  6.000   0.421   0.395    1.29  254.32    4.55   -0.78  237.37   10.70   -0.38     805     805
  6.500   0.319   0.303    1.38  250.65    4.59   -0.70  234.60   10.45   -0.36     803     803
  7.000   0.229   0.227    1.34  246.90    4.65   -0.67  231.40   10.40   -0.33     786     786
  7.500   0.157   0.164    1.46  243.20    4.55   -0.53  228.72    9.90   -0.37     733     733
  8.000   0.100   0.111    1.59  239.43    4.43   -0.34  225.95    9.13   -0.45     660     660
  8.500   0.059   0.077    1.72  235.60    4.31   -0.19  223.36    8.66   -0.50     531     531
  9.000   0.030   0.047    1.98  231.80    4.16    0.02  220.06    8.12   -0.49     399     399
  9.500   0.015   0.027    2.22  228.20    3.97    0.25  216.11    7.55   -0.41     326     326
 10.000 999.900 999.900  999.90  224.84    3.92    0.65  212.22    6.86   -0.33     307     307
 10.500 999.900 999.900  999.90  221.95    4.12    0.94  209.11    6.32   -0.35     291     291
 11.000 999.900 999.900  999.90  219.65    4.71    0.82  206.73    6.54   -0.43     207     207
 11.500 999.900 999.900  999.90  218.07    5.44    0.58  203.83    6.93   -0.06     183     183
 12.000 999.900 999.900  999.90  217.23    5.89    0.23  201.20    7.50    0.16     170     170
 12.500 999.900 999.900  999.90  216.93    5.80   -0.10  198.26    8.36    0.40     167     167
 13.000 999.900 999.900  999.90  216.61    5.20   -0.29  196.52    8.62    0.52     163     163
 13.500 999.900 999.900  999.90  215.95    4.45   -0.43  194.88    8.92    0.57     161     161
 14.000 999.900 999.900  999.90  214.99    3.95   -0.31  193.50    9.46    0.71     108     108
 14.500 999.900 999.900  999.90  213.86    3.65   -0.10  194.17    9.67    0.45      71      71
 15.000 999.900 999.900  999.90  212.59    3.57    0.00  194.62    9.57    0.29      44      44
 15.500 999.900 999.900  999.90  211.31    3.65    0.09  194.16    9.65    0.20      28      28
 16.000 999.900 999.900  999.90  210.22    3.91    0.10  196.35   10.15   -0.26      21      21
 16.500 999.900 999.900  999.90  207.56    3.74    0.28  999.90  999.90  999.90       0       0
 17.000 999.900 999.900  999.90  207.20    3.96    0.06  999.90  999.90  999.90       0       0
 17.500 999.900 999.900  999.90  206.82    4.04   -0.15  999.90  999.90  999.90       0       0
 18.000 999.900 999.900  999.90  206.88    3.70   -0.12  999.90  999.90  999.90       0       0
 18.500 999.900 999.900  999.90  207.11    3.64    0.14  999.90  999.90  999.90       0       0
 19.000 999.900 999.900  999.90  207.65    3.54    0.21  999.90  999.90  999.90       0       0
 19.500 999.900 999.900  999.90  208.31    3.63    0.13  999.90  999.90  999.90       0       0
 20.000 999.900 999.900  999.90  208.88    3.65   -0.09  999.90  999.90  999.90       0       0
 20.500 999.900 999.900  999.90  209.86    3.50   -0.33  999.90  999.90  999.90       0       0
 21.000 999.900 999.900  999.90  210.36    3.18   -0.26  999.90  999.90  999.90       0       0
 21.500 999.900 999.900  999.90  210.52    3.27   -0.45  999.90  999.90  999.90       0       0
 22.000 999.900 999.900  999.90  211.09    3.35   -0.54  999.90  999.90  999.90       0       0
 22.500 999.900 999.900  999.90  211.64    3.42   -0.41  204.95    8.16   -1.42      10      10
 23.000 999.900 999.900  999.90  212.34    3.50   -0.31  199.52   11.50   -0.44      15      15
 23.500 999.900 999.900  999.90  212.94    3.61   -0.25  199.05   11.31   -0.29      20      20
 24.000 999.900 999.900  999.90  213.50    3.32   -0.24  196.62   10.65   -0.12      29      29
 24.500 999.900 999.900  999.90  214.06    3.21   -0.20  196.96   11.21    0.02      30      30
 25.000 999.900 999.900  999.90  214.82    3.21   -0.27  196.26   10.70    0.06      31      31
 25.500 999.900 999.900  999.90  215.60    3.07   -0.31  197.43   11.58    0.05      33      33
 26.000 999.900 999.900  999.90  216.28    3.20   -0.34  196.10   11.56    0.29      36      36
 26.500 999.900 999.900  999.90  216.94    3.11   -0.53  195.96   11.00    0.24      37      37
 27.000 999.900 999.900  999.90  217.56    3.31   -0.23  197.96   11.85    0.17      38      38
 27.500 999.900 999.900  999.90  218.38    3.60   -0.02  198.74   11.59    0.07      37      37
 28.000 999.900 999.900  999.90  219.51    3.43    0.02  198.49   11.61    0.12      37      37
 28.500 999.900 999.900  999.90  220.78    3.28   -0.21  199.23   11.57    0.09      37      37
 29.000 999.900 999.900  999.90  222.08    3.41    0.18  200.71   12.20    0.14      38      38
 29.500 999.900 999.900  999.90  222.94    3.62    0.25  200.85   12.16    0.20      37      37
 30.000 999.900 999.900  999.90  223.64    3.56    0.01  200.96   12.22    0.23      35      35
  T A B L E  III -   2.  M O I S T U R E  R E L A T E D  S T A T I S T I C A L  P A R A M E T E R S
                                  February
 STATION =   723910     Pt. Mugu Naval Air Station, CA
      Z VAPOR P   SD VP SKEW VP      TV      TV SKEW TV DEWPT T  SD DPT SKW DPT NOBS TP NOBS TV   
           MEAN                    MEAN      SD            MEAN                                   
     KM      MB      MB          KELVIN  KELVIN          KELVIN  KELVIN                           
  0.000  16.000   6.000    0.00  291.00    6.00    0.00  290.00    7.00    0.00       0       0
  0.004  10.370   3.465   -0.34  288.17    4.61   -0.04  279.73    6.03   -1.47     958     958
  0.500   6.839   3.338    0.22  287.28    4.62    0.31  273.07    7.78   -0.68     953     953
  1.000   4.976   2.729    0.60  284.86    5.09    0.14  268.66    7.83   -0.44     946     946
  1.500   3.775   2.329    0.76  282.07    5.16   -0.06  264.58    8.53   -0.37     945     945
  2.000   2.817   1.947    0.88  279.27    5.03   -0.23  260.33    9.32   -0.35     943     943
  2.500   2.110   1.629    1.05  276.54    4.85   -0.40  256.27   10.14   -0.40     935     935
  3.000   1.644   1.373    1.09  273.68    4.60   -0.47  252.85   10.63   -0.30     930     930
  3.500   1.277   1.128    1.30  270.66    4.47   -0.52  249.85   10.38   -0.15     927     927
  4.000   1.002   0.908    1.36  267.52    4.43   -0.62  246.87   10.67   -0.29     926     926
  4.500   0.791   0.732    1.34  264.21    4.40   -0.69  243.97   10.94   -0.32     926     926
  5.000   0.625   0.596    1.37  260.78    4.36   -0.68  241.37   10.84   -0.24     921     921
  5.500   0.489   0.478    1.39  257.29    4.38   -0.61  238.48   11.05   -0.23     922     922
  6.000   0.382   0.371    1.42  253.71    4.42   -0.60  236.12   10.66   -0.24     921     921
  6.500   0.285   0.278    1.36  250.01    4.43   -0.58  233.17   10.60   -0.28     915     915
  7.000   0.209   0.201    1.34  246.23    4.38   -0.49  230.27   10.49   -0.38     906     906
  7.500   0.147   0.148    1.24  242.47    4.30   -0.39  227.73   10.29   -0.46     843     843
  8.000   0.097   0.105    1.45  238.67    4.18   -0.25  225.13    9.58   -0.49     766     766
  8.500   0.054   0.071    1.58  234.88    4.03   -0.07  222.40    9.04   -0.43     594     594
  9.000   0.028   0.046    2.07  231.14    3.88    0.02  219.22    8.45   -0.36     454     454
  9.500   0.014   0.025    2.32  227.55    3.77    0.13  215.17    7.81   -0.42     385     385
 10.000 999.900 999.900  999.90  224.18    3.84    0.32  211.52    7.09   -0.44     364     364
 10.500 999.900 999.900  999.90  221.24    4.12    0.58  208.65    6.74   -0.46     341     341
 11.000 999.900 999.900  999.90  219.06    4.72    0.70  206.20    6.90   -0.49     279     279
 11.500 999.900 999.900  999.90  217.79    5.41    0.48  203.17    7.34   -0.14     258     258
 12.000 999.900 999.900  999.90  217.21    5.80    0.04  200.52    8.11    0.22     248     248
 12.500 999.900 999.900  999.90  217.06    5.58   -0.41  198.55    8.20    0.43     257     257
 13.000 999.900 999.900  999.90  216.78    4.90   -0.70  196.38    8.43    0.60     254     254
 13.500 999.900 999.900  999.90  216.19    4.22   -0.74  194.47    8.61    0.66     238     238
 14.000 999.900 999.900  999.90  215.21    3.65   -0.44  191.90    8.39    0.95     171     171
 14.500 999.900 999.900  999.90  213.94    3.44   -0.19  191.84    8.46    0.78     101     101
 15.000 999.900 999.900  999.90  212.62    3.45   -0.04  192.74    8.62    0.50      59      59
 15.500 999.900 999.900  999.90  211.33    3.63   -0.07  193.51    8.09    0.37      37      37
 16.000 999.900 999.900  999.90  210.26    3.70   -0.08  192.88    8.11    0.47      27      27
 16.500 999.900 999.900  999.90  207.62    3.54    0.01  999.90  999.90  999.90       0       0
 17.000 999.900 999.900  999.90  207.41    3.48   -0.22  999.90  999.90  999.90       0       0
 17.500 999.900 999.900  999.90  207.27    3.43   -0.04  999.90  999.90  999.90       0       0
 18.000 999.900 999.900  999.90  207.22    3.29   -0.17  999.90  999.90  999.90       0       0
 18.500 999.900 999.900  999.90  207.67    3.21   -0.18  999.90  999.90  999.90       0       0
 19.000 999.900 999.900  999.90  207.95    3.10   -0.22  999.90  999.90  999.90       0       0
 19.500 999.900 999.900  999.90  208.47    3.11   -0.32  999.90  999.90  999.90       0       0
 20.000 999.900 999.900  999.90  209.29    3.18   -0.46  999.90  999.90  999.90       0       0
 20.500 999.900 999.900  999.90  209.85    3.03   -0.19  999.90  999.90  999.90       0       0
 21.000 999.900 999.900  999.90  210.97    2.89   -0.39  999.90  999.90  999.90       0       0
 21.500 999.900 999.900  999.90  211.55    2.87   -0.61  196.61   10.02   -0.29      12      12
 22.000 999.900 999.900  999.90  212.20    2.75   -0.39  197.28    9.56   -0.35      15      15
 22.500 999.900 999.900  999.90  213.02    2.76   -0.59  194.47    9.96    0.19      22      22
 23.000 999.900 999.900  999.90  213.40    2.79   -0.96  194.41    9.98    0.24      24      24
 23.500 999.900 999.900  999.90  214.41    2.87   -0.69  195.62   10.42    0.10      33      33
 24.000 999.900 999.900  999.90  215.29    2.58   -0.37  195.58   10.40    0.15      45      45
 24.500 999.900 999.900  999.90  216.48    2.52   -0.06  195.39   10.43    0.25      46      46
 25.000 999.900 999.900  999.90  217.48    2.69   -0.28  196.55   10.31    0.16      48      48
 25.500 999.900 999.900  999.90  218.08    2.70   -0.47  197.06   10.44    0.17      47      47
 26.000 999.900 999.900  999.90  218.90    2.79   -0.65  197.17   10.60    0.19      47      47
 26.500 999.900 999.900  999.90  219.72    2.75   -0.44  197.25   10.66    0.26      48      48
 27.000 999.900 999.900  999.90  220.71    2.69   -0.42  198.04   10.77    0.26      46      46
 27.500 999.900 999.900  999.90  221.58    3.13   -0.30  199.46   11.31    0.13      44      44
 28.000 999.900 999.900  999.90  222.21    3.45    0.09  199.64   11.16    0.14      42      42
 28.500 999.900 999.900  999.90  223.11    3.74    0.30  200.26   11.20    0.13      42      42
 29.000 999.900 999.900  999.90  224.14    4.11    0.26  200.63   11.18    0.17      41      41
 29.500 999.900 999.900  999.90  225.52    4.47    0.49  201.45   11.25    0.18      41      41
 30.000 999.900 999.900  999.90  226.49    4.71    0.60  201.98   11.28    0.18      32      32
  T A B L E  III -   3.  M O I S T U R E  R E L A T E D  S T A T I S T I C A L  P A R A M E T E R S
                                     March
 STATION =   723910     Pt. Mugu Naval Air Station, CA
      Z VAPOR P   SD VP SKEW VP      TV      TV SKEW TV DEWPT T  SD DPT SKW DPT NOBS TP NOBS TV   
           MEAN                    MEAN      SD            MEAN                                   
     KM      MB      MB          KELVIN  KELVIN          KELVIN  KELVIN                           
  0.000  16.000   6.000    0.00  291.00    6.00    0.00  290.00    7.00    0.00       0       0
  0.004  11.035   2.986   -0.54  288.38    4.28   -0.49  280.99    4.72   -1.46    1105    1105
  0.500   7.606   3.098   -0.05  286.73    4.29    0.46  274.97    6.65   -0.75    1104    1104
  1.000   5.435   2.653    0.34  284.63    5.05    0.17  270.05    7.28   -0.55    1098    1098
  1.500   3.862   2.205    0.65  282.05    5.16   -0.13  265.30    7.89   -0.50    1084    1084
  2.000   2.869   1.963    1.00  279.30    5.01   -0.32  260.74    9.40   -0.64    1078    1078
  2.500   2.133   1.658    1.16  276.47    4.84   -0.45  256.58   10.02   -0.43    1070    1070
  3.000   1.619   1.344    1.33  273.58    4.77   -0.59  252.79   10.39   -0.37    1077    1077
  3.500   1.222   1.097    1.55  270.61    4.71   -0.67  249.35   10.55   -0.29    1064    1064
  4.000   0.938   0.892    1.74  267.44    4.68   -0.75  246.05   10.81   -0.29    1063    1063
  4.500   0.738   0.730    1.78  264.14    4.66   -0.81  243.20   10.76   -0.20    1064    1064
  5.000   0.579   0.584    1.78  260.72    4.67   -0.89  240.52   10.73   -0.15    1059    1059
  5.500   0.458   0.471    1.72  257.15    4.70   -0.90  237.88   10.82   -0.15    1057    1057
  6.000   0.350   0.369    1.75  253.49    4.66   -0.85  235.04   10.68   -0.10    1057    1057
  6.500   0.265   0.286    1.74  249.73    4.66   -0.77  232.30   10.63   -0.12    1044    1044
  7.000   0.197   0.218    1.79  245.96    4.61   -0.65  229.37   10.71   -0.15    1030    1030
  7.500   0.134   0.157    1.82  242.15    4.53   -0.48  226.70   10.37   -0.19     949     949
  8.000   0.089   0.111    1.77  238.35    4.39   -0.26  224.22   10.03   -0.30     845     845
  8.500   0.052   0.076    1.95  234.55    4.24   -0.08  221.91    9.69   -0.35     650     650
  9.000   0.027   0.049    2.40  230.85    4.00    0.09  219.46    8.89   -0.42     478     478
  9.500   0.013   0.028    2.85  227.31    3.77    0.27  215.39    8.40   -0.37     391     391
 10.000 999.900 999.900  999.90  223.97    3.59    0.32  211.19    7.35   -0.38     358     358
 10.500 999.900 999.900  999.90  221.08    3.65    0.39  208.09    6.78   -0.34     338     338
 11.000 999.900 999.900  999.90  218.73    4.10    0.51  204.92    6.70   -0.34     275     275
 11.500 999.900 999.900  999.90  217.19    4.78    0.45  202.04    7.22   -0.13     230     230
 12.000 999.900 999.900  999.90  216.39    5.42    0.20  199.22    8.01    0.31     211     211
 12.500 999.900 999.900  999.90  216.15    5.57   -0.20  196.62    8.51    0.66     209     209
 13.000 999.900 999.900  999.90  216.14    5.10   -0.55  194.64    8.84    0.75     217     217
 13.500 999.900 999.900  999.90  215.89    4.39   -0.66  193.46    9.12    0.70     226     226
 14.000 999.900 999.900  999.90  215.29    3.73   -0.34  191.40    8.52    1.02     172     172
 14.500 999.900 999.900  999.90  214.29    3.53   -0.12  190.81    8.20    1.00     125     125
 15.000 999.900 999.900  999.90  213.15    3.60   -0.07  190.16    7.69    1.10      82      82
 15.500 999.900 999.900  999.90  212.07    3.64   -0.01  190.01    8.21    1.33      65      65
 16.000 999.900 999.900  999.90  211.18    3.72   -0.00  189.88    8.50    1.30      57      57
 16.500 999.900 999.900  999.90  208.91    3.46    0.00  196.67   11.04   -0.05      13      13
 17.000 999.900 999.900  999.90  208.53    3.66   -0.20  194.86   11.52    0.26      11      11
 17.500 999.900 999.900  999.90  208.39    3.61    0.00  194.43   11.59    0.33      11      11
 18.000 999.900 999.900  999.90  208.48    3.45    0.18  999.90  999.90  999.90       0       0
 18.500 999.900 999.900  999.90  208.62    3.13    0.07  999.90  999.90  999.90       0       0
 19.000 999.900 999.900  999.90  208.88    3.00   -0.30  999.90  999.90  999.90       0       0
 19.500 999.900 999.900  999.90  209.47    2.77   -0.61  999.90  999.90  999.90       0       0
 20.000 999.900 999.900  999.90  209.86    2.70   -0.69  999.90  999.90  999.90       0       0
 20.500 999.900 999.900  999.90  210.37    2.69   -0.18  999.90  999.90  999.90       0       0
 21.000 999.900 999.900  999.90  211.13    2.74   -0.09  200.43    7.09   -1.26      15      15
 21.500 999.900 999.900  999.90  211.83    2.52   -0.21  199.70    8.49   -0.95      23      23
 22.000 999.900 999.900  999.90  212.57    2.38   -0.28  199.13    9.51   -0.77      27      27
 22.500 999.900 999.900  999.90  213.30    2.36   -0.47  200.26    8.70   -1.09      37      37
 23.000 999.900 999.900  999.90  214.02    2.23   -0.50  200.48    8.94   -0.91      43      43
 23.500 999.900 999.900  999.90  214.77    2.10   -0.34  199.79    9.72   -0.72      44      44
 24.000 999.900 999.900  999.90  215.43    1.96   -0.36  200.34    9.47   -0.89      54      54
 24.500 999.900 999.900  999.90  215.98    1.99   -0.28  201.52    9.21   -1.00      53      53
 25.000 999.900 999.900  999.90  216.65    1.79   -0.22  201.12    9.41   -0.91      52      52
 25.500 999.900 999.900  999.90  217.36    1.66    0.23  201.79    9.44   -0.95      50      50
 26.000 999.900 999.900  999.90  218.13    1.55   -0.29  202.82    9.40   -0.96      50      50
 26.500 999.900 999.900  999.90  218.88    1.56   -0.23  202.50    9.57   -0.94      49      49
 27.000 999.900 999.900  999.90  219.60    1.67   -0.10  203.12    9.48   -0.94      50      50
 27.500 999.900 999.900  999.90  220.40    1.78    0.16  203.64    9.58   -0.92      49      49
 28.000 999.900 999.900  999.90  221.29    1.89    0.00  204.28    9.62   -0.89      49      49
 28.500 999.900 999.900  999.90  222.18    2.06   -0.02  204.88    9.62   -0.88      49      49
 29.000 999.900 999.900  999.90  223.22    2.13    0.06  205.95    9.86   -0.81      50      50
 29.500 999.900 999.900  999.90  224.26    2.27    0.10  206.53    9.87   -0.83      49      49
 30.000 999.900 999.900  999.90  225.23    2.30    0.04  206.90   10.06   -0.77      47      47
  T A B L E  III -   4.  M O I S T U R E  R E L A T E D  S T A T I S T I C A L  P A R A M E T E R S
                                     April
 STATION =   723910     Pt. Mugu Naval Air Station, CA
      Z VAPOR P   SD VP SKEW VP      TV      TV SKEW TV DEWPT T  SD DPT SKW DPT NOBS TP NOBS TV   
           MEAN                    MEAN      SD            MEAN                                   
     KM      MB      MB          KELVIN  KELVIN          KELVIN  KELVIN                           
  0.000  16.000   6.000    0.00  291.00    6.00    0.00  290.00    7.00    0.00       0       0
  0.004  11.784   2.752   -0.49  289.20    4.12   -0.03  282.13    4.00   -1.66    1058    1058
  0.500   8.269   3.109   -0.25  287.90    4.47    0.71  276.40    6.19   -0.95    1053    1053
  1.000   5.731   2.689    0.10  286.65    5.25    0.18  270.92    7.37   -1.00    1044    1044
  1.500   3.787   2.105    0.50  284.64    5.38   -0.20  265.05    8.09   -0.84    1037    1037
  2.000   2.748   1.772    0.98  281.98    5.15   -0.41  260.66    8.57   -0.62    1028    1028
  2.500   2.010   1.443    1.07  279.11    4.90   -0.61  256.61    9.00   -0.51    1013    1013
  3.000   1.584   1.252    1.45  276.14    4.73   -0.82  253.40    9.35   -0.38    1012    1012
  3.500   1.213   0.996    1.54  273.10    4.53   -0.92  250.14    9.24   -0.27    1016    1016
  4.000   0.943   0.816    1.66  269.93    4.43   -1.02  247.06    9.35   -0.22    1016    1016
  4.500   0.740   0.690    2.67  266.66    4.39   -0.97  244.20    9.23   -0.07    1021    1021
  5.000   0.562   0.507    1.76  263.20    4.30   -1.20  241.32    9.03   -0.08    1018    1018
  5.500   0.428   0.387    1.58  259.67    4.23   -1.25  238.40    9.13   -0.15    1011    1011
  6.000   0.327   0.301    1.54  256.02    4.18   -1.17  235.57    9.02   -0.06    1011    1011
  6.500   0.246   0.235    1.55  252.26    4.17   -1.15  232.62    9.18   -0.08    1000    1000
  7.000   0.181   0.174    1.56  248.44    4.14   -1.12  229.63    9.36   -0.22     989     989
  7.500   0.130   0.135    1.42  244.64    3.98   -0.99  227.13    9.52   -0.25     913     913
  8.000   0.088   0.095    1.29  240.79    3.80   -0.81  224.23    9.29   -0.30     858     858
  8.500   0.057   0.069    1.60  236.95    3.64   -0.59  221.71    9.04   -0.38     739     739
  9.000   0.027   0.043    1.81  233.14    3.38   -0.33  219.69    8.05   -0.50     480     480
  9.500   0.011   0.024    2.66  229.40    3.20   -0.13  216.34    7.18   -0.52     318     318
 10.000 999.900 999.900  999.90  225.77    3.12    0.23  212.23    6.01   -0.52     266     266
 10.500 999.900 999.900  999.90  222.28    3.17    0.62  209.07    5.63   -0.40     260     260
 11.000 999.900 999.900  999.90  219.11    3.40    0.97  205.57    5.52   -0.41     175     175
 11.500 999.900 999.900  999.90  216.46    3.91    1.16  202.17    5.58   -0.08     139     139
 12.000 999.900 999.900  999.90  214.53    4.48    1.04  198.35    5.85    0.69     105     105
 12.500 999.900 999.900  999.90  213.57    4.99    0.62  194.99    6.25    1.44      95      95
 13.000 999.900 999.900  999.90  213.44    5.15    0.12  192.83    7.05    1.33     115     115
 13.500 999.900 999.900  999.90  213.67    4.73   -0.22  191.08    7.45    1.47     121     121
 14.000 999.900 999.900  999.90  213.70    3.99   -0.26  188.86    6.85    1.84      98      98
 14.500 999.900 999.900  999.90  213.16    3.51   -0.10  187.54    5.78    2.25      74      74
 15.000 999.900 999.900  999.90  212.51    3.32   -0.01  185.92    2.90    1.60      45      45
 15.500 999.900 999.900  999.90  211.81    3.28    0.02  186.29    3.47    1.51      29      29
 16.000 999.900 999.900  999.90  211.26    3.28   -0.06  185.68    2.95    1.85      25      25
 16.500 999.900 999.900  999.90  209.57    3.24   -0.09  184.92    1.15    1.17      12      12
 17.000 999.900 999.900  999.90  209.10    3.33   -0.08  184.65    0.75    1.13      11      11
 17.500 999.900 999.900  999.90  209.07    3.31    0.01  184.59    0.88    0.25      11      11
 18.000 999.900 999.900  999.90  209.13    3.19    0.10  186.24    5.85    2.31      11      11
 18.500 999.900 999.900  999.90  209.48    3.08   -0.14  184.31    0.85   -0.56      11      11
 19.000 999.900 999.900  999.90  209.75    2.93   -0.05  184.38    0.86    0.68      11      11
 19.500 999.900 999.900  999.90  210.14    2.77    0.03  184.40    0.83    0.17      12      12
 20.000 999.900 999.900  999.90  210.58    2.61    0.05  183.92    0.78   -0.75      10      10
 20.500 999.900 999.900  999.90  210.95    2.34   -0.11  999.90  999.90  999.90       0       0
 21.000 999.900 999.900  999.90  211.49    2.21   -0.36  186.91    7.30    1.76      10      10
 21.500 999.900 999.900  999.90  212.23    2.03    0.23  186.81    7.43    1.68      10      10
 22.000 999.900 999.900  999.90  213.24    1.87   -0.14  188.16    8.22    1.57      14      14
 22.500 999.900 999.900  999.90  214.30    1.86   -0.36  191.33   10.10    1.00      19      19
 23.000 999.900 999.900  999.90  215.09    2.12   -0.34  191.42    9.53    1.10      21      21
 23.500 999.900 999.900  999.90  215.85    2.11   -0.14  191.97    9.90    1.05      27      27
 24.000 999.900 999.900  999.90  216.65    2.10   -0.18  194.64   10.11    0.34      40      40
 24.500 999.900 999.900  999.90  217.47    2.23   -0.08  195.19   10.34    0.33      40      40
 25.000 999.900 999.900  999.90  218.25    2.30   -0.27  196.69   10.60    0.14      42      42
 25.500 999.900 999.900  999.90  218.90    2.52   -0.15  196.64   10.64    0.18      43      43
 26.000 999.900 999.900  999.90  219.69    2.56   -0.02  197.57   10.56    0.05      46      46
 26.500 999.900 999.900  999.90  220.63    2.70    0.17  198.54   10.56   -0.06      49      49
 27.000 999.900 999.900  999.90  221.51    2.77    0.08  199.15   10.54   -0.08      49      49
 27.500 999.900 999.900  999.90  222.45    3.08   -0.15  200.06   10.95   -0.07      50      50
 28.000 999.900 999.900  999.90  223.60    3.14   -0.11  200.61   10.59   -0.11      48      48
 28.500 999.900 999.900  999.90  224.60    3.16   -0.05  201.33   10.63   -0.09      48      48
 29.000 999.900 999.900  999.90  225.60    3.17   -0.02  201.73   10.78   -0.04      47      47
 29.500 999.900 999.900  999.90  226.59    2.98   -0.25  203.00   11.15    0.01      48      48
 30.000 999.900 999.900  999.90  227.85    2.73   -0.40  205.30   11.06   -0.09      44      44
  T A B L E  III -   5.  M O I S T U R E  R E L A T E D  S T A T I S T I C A L  P A R A M E T E R S
                                       May
 STATION =   723910     Pt. Mugu Naval Air Station, CA
      Z VAPOR P   SD VP SKEW VP      TV      TV SKEW TV DEWPT T  SD DPT SKW DPT NOBS TP NOBS TV   
           MEAN                    MEAN      SD            MEAN                                   
     KM      MB      MB          KELVIN  KELVIN          KELVIN  KELVIN                           
  0.000  16.000   6.000    0.00  291.00    6.00    0.00  290.00    7.00    0.00       0       0
  0.004  13.269   2.210   -0.02  290.31    3.43    0.08  284.13    2.61   -0.67     967     967
  0.500  10.612   2.983   -0.62  288.14    3.89    1.32  280.47    4.76   -1.47     962     962
  1.000   7.188   3.026   -0.19  288.07    5.14    0.42  274.60    6.36   -0.86     944     944
  1.500   4.639   2.457    0.34  287.18    5.22   -0.22  268.21    7.45   -0.69     934     934
  2.000   3.189   1.992    0.60  284.76    4.79   -0.49  263.13    8.10   -0.57     917     917
  2.500   2.359   1.659    0.89  281.77    4.48   -0.70  258.96    8.81   -0.56     910     910
  3.000   1.828   1.399    1.07  278.70    4.18   -0.81  255.49    9.03   -0.30     912     912
  3.500   1.407   1.181    1.37  275.60    4.06   -0.86  252.05    9.16   -0.08     914     914
  4.000   1.103   0.963    1.42  272.39    4.00   -0.91  249.13    9.15    0.02     911     911
  4.500   0.837   0.760    1.58  269.12    3.95   -0.92  245.91    9.11    0.02     911     911
  5.000   0.640   0.603    1.67  265.76    3.89   -0.92  242.76    9.20    0.03     913     913
  5.500   0.476   0.468    1.67  262.30    3.90   -0.95  239.40    9.28    0.09     913     913
  6.000   0.357   0.350    1.65  258.75    3.93   -1.00  236.32    9.11    0.12     921     921
  6.500   0.257   0.264    1.73  255.13    3.94   -1.00  232.93    9.05    0.20     916     916
  7.000   0.183   0.191    1.66  251.39    3.88   -0.98  229.65    9.05    0.17     903     903
  7.500   0.135   0.149    1.61  247.62    3.80   -0.92  227.02    9.35    0.07     858     858
  8.000   0.094   0.110    1.78  243.77    3.73   -0.77  224.10    9.08    0.11     827     827
  8.500   0.066   0.083    1.82  239.90    3.56   -0.58  221.46    9.31    0.04     762     762
  9.000   0.039   0.057    1.95  236.03    3.34   -0.40  218.59    9.34   -0.05     617     617
  9.500   0.020   0.036    2.29  232.26    3.10   -0.22  216.19    8.88   -0.05     433     433
 10.000 999.900 999.900  999.90  228.49    2.90   -0.13  213.77    7.53   -0.26     242     242
 10.500 999.900 999.900  999.90  224.89    2.82    0.02  210.72    6.77   -0.46     230     230
 11.000 999.900 999.900  999.90  221.61    2.82    0.41  207.42    6.45   -0.38     204     204
 11.500 999.900 999.900  999.90  218.73    3.10    0.78  204.11    5.98   -0.26     185     185
 12.000 999.900 999.900  999.90  216.38    3.67    0.80  200.87    5.83   -0.14     156     156
 12.500 999.900 999.900  999.90  214.73    4.36    0.61  196.38    5.94    0.55      85      85
 13.000 999.900 999.900  999.90  213.75    4.80    0.26  193.74    6.12    0.99      89      89
 13.500 999.900 999.900  999.90  213.49    4.77   -0.10  191.33    6.39    1.43      81      81
 14.000 999.900 999.900  999.90  213.45    4.33   -0.27  189.83    6.45    1.66      81      81
 14.500 999.900 999.900  999.90  212.99    3.90   -0.29  189.12    6.85    1.50      59      59
 15.000 999.900 999.900  999.90  212.41    3.57   -0.18  188.68    6.89    1.52      43      43
 15.500 999.900 999.900  999.90  211.83    3.49   -0.10  188.73    7.17    1.46      33      33
 16.000 999.900 999.900  999.90  211.23    3.54   -0.09  189.67    8.20    1.08      27      27
 16.500 999.900 999.900  999.90  209.97    3.45    0.02  189.05    8.13    1.17      15      15
 17.000 999.900 999.900  999.90  209.30    3.48   -0.24  187.83    7.42    1.47      13      13
 17.500 999.900 999.900  999.90  209.28    3.35   -0.38  187.60    7.09    1.57      14      14
 18.000 999.900 999.900  999.90  209.65    3.08   -0.46  188.79    8.31    1.07      10      10
 18.500 999.900 999.900  999.90  209.92    2.75    0.19  188.25    8.07    1.26      16      16
 19.000 999.900 999.900  999.90  210.46    2.68    0.38  187.79    7.78    1.72      14      14
 19.500 999.900 999.900  999.90  211.13    2.57    0.55  187.08    6.43    2.27      19      19
 20.000 999.900 999.900  999.90  211.58    2.48    0.16  187.52    6.96    1.92      23      23
 20.500 999.900 999.900  999.90  212.32    2.27    0.39  187.91    7.41    1.66      25      25
 21.000 999.900 999.900  999.90  213.15    2.25    0.23  188.37    7.27    1.52      34      34
 21.500 999.900 999.900  999.90  214.01    2.18    0.09  188.41    7.18    1.66      36      36
 22.000 999.900 999.900  999.90  214.97    2.13    0.17  189.72    8.86    1.47      42      42
 22.500 999.900 999.900  999.90  215.73    2.16    0.23  190.54    8.72    1.06      47      47
 23.000 999.900 999.900  999.90  216.77    2.15   -0.05  192.76    9.57    0.73      53      53
 23.500 999.900 999.900  999.90  217.85    2.11   -0.14  193.24    9.63    0.79      57      57
 24.000 999.900 999.900  999.90  218.99    2.08   -0.27  193.91    9.53    0.60      59      59
 24.500 999.900 999.900  999.90  219.83    2.14   -0.35  194.83    9.64    0.49      58      58
 25.000 999.900 999.900  999.90  220.70    2.04   -0.16  195.44    9.60    0.50      58      58
 25.500 999.900 999.900  999.90  221.65    2.08    0.11  196.19    9.79    0.48      57      57
 26.000 999.900 999.900  999.90  222.65    2.33    0.13  197.49   10.43    0.49      57      57
 26.500 999.900 999.900  999.90  223.68    2.44    0.20  197.83   10.30    0.45      56      56
 27.000 999.900 999.900  999.90  224.80    2.52   -0.06  198.26   10.67    0.35      55      55
 27.500 999.900 999.900  999.90  225.90    2.58   -0.20  199.13   10.82    0.33      54      54
 28.000 999.900 999.900  999.90  226.84    2.74   -0.31  199.87   11.00    0.34      54      54
 28.500 999.900 999.900  999.90  227.77    2.87   -0.35  200.60   11.09    0.34      54      54
 29.000 999.900 999.900  999.90  228.71    3.00   -0.14  201.18   11.05    0.34      54      54
 29.500 999.900 999.900  999.90  229.84    2.88    0.03  201.49   10.75    0.41      52      52
 30.000 999.900 999.900  999.90  231.02    2.94   -0.18  202.40   10.76    0.39      51      51
  T A B L E  III -   6.  M O I S T U R E  R E L A T E D  S T A T I S T I C A L  P A R A M E T E R S
                                      June
 STATION =   723910     Pt. Mugu Naval Air Station, CA
      Z VAPOR P   SD VP SKEW VP      TV      TV SKEW TV DEWPT T  SD DPT SKW DPT NOBS TP NOBS TV   
           MEAN                    MEAN      SD            MEAN                                   
     KM      MB      MB          KELVIN  KELVIN          KELVIN  KELVIN                           
  0.000  16.000   6.000    0.00  291.00    6.00    0.00  290.00    7.00    0.00       0       0
  0.004  15.003   2.203    0.29  292.01    3.23    0.20  286.04    2.26   -0.14    1028    1028
  0.500  11.809   3.031   -0.63  291.45    4.91    0.76  282.09    4.41   -1.42    1026    1026
  1.000   7.239   3.221    0.06  293.27    5.71   -0.07  274.36    6.97   -0.92    1012    1012
  1.500   4.676   2.557    0.48  292.69    5.01   -0.41  267.95    8.23   -1.03    1001    1001
  2.000   3.427   2.136    1.22  290.18    4.49   -0.50  263.88    8.28   -0.82     987     987
  2.500   2.742   1.940    1.92  287.13    4.09   -0.56  260.81    8.56   -0.61     982     982
  3.000   2.190   1.674    1.82  283.99    3.72   -0.58  257.74    8.84   -0.41     980     980
  3.500   1.695   1.320    1.67  280.84    3.44   -0.49  254.44    8.83   -0.29     986     986
  4.000   1.341   1.138    2.06  277.61    3.29   -0.51  251.43    8.99   -0.17     985     985
  4.500   1.034   0.941    2.26  274.31    3.19   -0.45  248.26    9.07   -0.06     982     982
  5.000   0.794   0.735    2.23  270.90    3.13   -0.37  245.27    8.93    0.01     980     980
  5.500   0.592   0.557    2.30  267.45    3.05   -0.43  242.04    8.75    0.07     982     982
  6.000   0.453   0.427    1.85  263.91    2.98   -0.53  238.97    8.93    0.02     987     987
  6.500   0.330   0.307    1.69  260.26    2.96   -0.61  235.86    8.59    0.08     983     983
  7.000   0.239   0.224    1.66  256.55    2.95   -0.61  232.82    8.27    0.16     972     972
  7.500   0.175   0.170    1.57  252.78    2.96   -0.54  229.61    8.45    0.19     965     965
  8.000   0.129   0.133    1.68  248.94    3.00   -0.44  226.75    8.54    0.19     952     952
  8.500   0.093   0.101    1.87  245.03    3.01   -0.37  223.70    8.72    0.13     935     935
  9.000   0.064   0.071    1.81  241.11    3.01   -0.36  220.84    8.56    0.08     894     894
  9.500   0.042   0.048    1.69  237.23    2.99   -0.34  217.62    8.63   -0.01     830     830
 10.000   0.016   0.029    2.39  233.36    2.96   -0.29  215.59    7.95   -0.08     425     425
 10.500 999.900 999.900  999.90  229.59    2.95   -0.22  213.15    6.70   -0.23     287     287
 11.000 999.900 999.900  999.90  226.02    3.01   -0.06  210.06    6.36   -0.27     268     268
 11.500 999.900 999.900  999.90  222.69    3.06    0.13  207.08    6.10   -0.31     264     264
 12.000 999.900 999.900  999.90  219.72    3.13    0.27  203.99    5.95   -0.26     258     258
 12.500 999.900 999.900  999.90  217.22    3.26    0.28  199.73    6.63    0.09     143     143
 13.000 999.900 999.900  999.90  215.18    3.37    0.26  195.76    6.64    0.61     101     101
 13.500 999.900 999.900  999.90  213.64    3.43    0.06  192.43    7.34    1.22      63      63
 14.000 999.900 999.900  999.90  212.36    3.55   -0.08  190.79    8.09    1.13      57      57
 14.500 999.900 999.900  999.90  211.19    3.67   -0.13  189.78    6.71    0.97      21      21
 15.000 999.900 999.900  999.90  210.13    3.75   -0.08  188.62    6.21    1.04      15      15
 15.500 999.900 999.900  999.90  209.10    3.90   -0.06  999.90  999.90  999.90       0       0
 16.000 999.900 999.900  999.90  208.26    3.98    0.01  999.90  999.90  999.90       0       0
 16.500 999.900 999.900  999.90  207.57    3.86    0.09  999.90  999.90  999.90       0       0
 17.000 999.900 999.900  999.90  205.98    3.43    0.38  999.90  999.90  999.90       0       0
 17.500 999.900 999.900  999.90  206.33    2.97    0.39  999.90  999.90  999.90       0       0
 18.000 999.900 999.900  999.90  207.09    2.70    0.43  999.90  999.90  999.90       0       0
 18.500 999.900 999.900  999.90  208.06    2.44    0.44  999.90  999.90  999.90       0       0
 19.000 999.900 999.900  999.90  209.08    2.10    0.29  999.90  999.90  999.90       0       0
 19.500 999.900 999.900  999.90  210.43    1.96    0.03  999.90  999.90  999.90       0       0
 20.000 999.900 999.900  999.90  211.55    1.86    0.31  189.73    9.19    0.99      12      12
 20.500 999.900 999.900  999.90  212.67    1.68    0.02  188.06    7.50    1.59      19      19
 21.000 999.900 999.900  999.90  213.69    1.51   -0.07  190.75    8.91    0.87      51      51
 21.500 999.900 999.900  999.90  214.70    1.55   -0.24  192.13    9.61    0.69      60      60
 22.000 999.900 999.900  999.90  215.68    1.56   -0.18  194.16   10.26    0.41      63      63
 22.500 999.900 999.900  999.90  216.85    1.47   -0.03  194.88   10.77    0.46      72      72
 23.000 999.900 999.900  999.90  217.94    1.50   -0.09  196.65   10.89    0.22      74      74
 23.500 999.900 999.900  999.90  218.96    1.54    0.08  198.03   11.04    0.11      73      73
 24.000 999.900 999.900  999.90  219.91    1.54    0.34  198.41   10.98    0.08      71      71
 24.500 999.900 999.900  999.90  220.86    1.47    0.53  199.00   11.01    0.09      73      73
 25.000 999.900 999.900  999.90  221.91    1.57    0.07  200.31   11.15    0.03      72      72
 25.500 999.900 999.900  999.90  222.92    1.50    0.03  201.30   11.07   -0.03      70      70
 26.000 999.900 999.900  999.90  223.90    1.63    0.41  202.00   11.05   -0.02      70      70
 26.500 999.900 999.900  999.90  224.96    1.65    0.22  202.96   11.41    0.05      70      70
 27.000 999.900 999.900  999.90  225.95    1.83    0.03  203.02   11.06   -0.04      67      67
 27.500 999.900 999.900  999.90  226.98    2.06    0.02  204.05   11.29   -0.01      68      68
 28.000 999.900 999.900  999.90  227.82    1.99    0.16  204.39   11.15   -0.04      67      67
 28.500 999.900 999.900  999.90  228.60    1.99   -0.11  205.13   11.30   -0.09      64      64
 29.000 999.900 999.900  999.90  229.55    1.92   -0.21  206.41   11.73   -0.06      64      64
 29.500 999.900 999.900  999.90  230.36    1.78   -0.36  207.97   12.18   -0.05      62      62
 30.000 999.900 999.900  999.90  231.33    1.70   -0.47  208.50   12.25   -0.01      61      61
  T A B L E  III -   7.  M O I S T U R E  R E L A T E D  S T A T I S T I C A L  P A R A M E T E R S
                                      July
 STATION =   723910     Pt. Mugu Naval Air Station, CA
      Z VAPOR P   SD VP SKEW VP      TV      TV SKEW TV DEWPT T  SD DPT SKW DPT NOBS TP NOBS TV   
           MEAN                    MEAN      SD            MEAN                                   
     KM      MB      MB          KELVIN  KELVIN          KELVIN  KELVIN                           
  0.000  16.000   6.000    0.00  291.00    6.00    0.00  290.00    7.00    0.00       0       0
  0.004  16.848   2.418    0.16  293.87    3.14    0.06  287.86    2.14    0.14     976     976
  0.500  12.870   4.006   -0.73  293.81    4.48    0.27  283.15    5.61   -1.47     971     971
  1.000   7.804   4.126    0.24  296.38    4.41   -0.36  274.97    8.56   -1.05     952     952
  1.500   5.760   3.588    1.18  295.90    3.68   -0.40  270.49    8.91   -0.75     946     946
  2.000   4.686   3.027    0.91  293.38    3.21   -0.38  267.60    8.94   -0.62     945     945
  2.500   3.925   2.729    1.01  290.30    2.80   -0.38  264.93    9.18   -0.38     949     949
  3.000   3.339   2.444    1.06  286.94    2.50   -0.50  262.58    9.28   -0.15     952     952
  3.500   2.807   2.181    1.03  283.51    2.25   -0.46  259.98    9.86   -0.16     951     951
  4.000   2.291   1.872    1.06  280.02    2.09   -0.47  257.14   10.20   -0.12     950     950
  4.500   1.808   1.567    1.13  276.51    2.01   -0.52  253.97   10.44   -0.06     948     948
  5.000   1.376   1.261    1.27  273.02    1.99   -0.47  250.61   10.36    0.06     944     944
  5.500   1.060   1.020    1.35  269.58    2.00   -0.39  247.29   10.62    0.05     944     944
  6.000   0.757   0.789    1.56  266.17    1.99   -0.48  243.19   10.67    0.16     944     944
  6.500   0.545   0.595    1.76  262.72    1.97   -0.60  239.71   10.35    0.25     939     939
  7.000   0.381   0.429    1.87  259.21    2.01   -0.60  236.19    9.90    0.36     928     928
  7.500   0.276   0.316    1.83  255.61    2.05   -0.58  232.86    9.93    0.34     921     921
  8.000   0.185   0.216    2.00  251.91    2.10   -0.56  229.27    9.40    0.41     910     910
  8.500   0.130   0.153    1.99  248.19    2.16   -0.49  226.03    9.23    0.37     904     904
  9.000   0.092   0.107    1.94  244.43    2.23   -0.43  222.93    9.16    0.29     895     895
  9.500   0.062   0.074    1.92  240.67    2.26   -0.37  219.49    9.26    0.22     876     876
 10.000   0.030   0.046    2.29  236.94    2.28   -0.35  216.13    8.96    0.24     625     625
 10.500   0.011   0.024    3.15  233.26    2.31   -0.29  212.92    8.21    0.23     360     360
 11.000 999.900 999.900  999.90  229.75    2.30   -0.24  210.39    7.78    0.05     256     256
 11.500 999.900 999.900  999.90  226.31    2.23   -0.30  207.20    7.08   -0.03     247     247
 12.000 999.900 999.900  999.90  223.01    2.19   -0.34  204.14    6.55   -0.04     245     245
 12.500 999.900 999.900  999.90  219.88    2.16   -0.18  201.27    6.58    0.11     181     181
 13.000 999.900 999.900  999.90  216.85    2.20    0.12  197.81    6.09    0.27     150     150
 13.500 999.900 999.900  999.90  213.98    2.27    0.42  194.97    6.22    0.68      61      61
 14.000 999.900 999.900  999.90  211.26    2.43    0.60  192.20    7.12    0.63      25      25
 14.500 999.900 999.900  999.90  208.86    2.62    0.66  999.90  999.90  999.90       0       0
 15.000 999.900 999.900  999.90  206.90    2.81    0.79  999.90  999.90  999.90       0       0
 15.500 999.900 999.900  999.90  205.63    3.00    0.75  999.90  999.90  999.90       0       0
 16.000 999.900 999.900  999.90  205.20    3.03    0.78  999.90  999.90  999.90       0       0
 16.500 999.900 999.900  999.90  205.42    2.99    0.63  999.90  999.90  999.90       0       0
 17.000 999.900 999.900  999.90  204.79    2.36    0.34  999.90  999.90  999.90       0       0
 17.500 999.900 999.900  999.90  205.54    2.14   -0.13  999.90  999.90  999.90       0       0
 18.000 999.900 999.900  999.90  206.79    2.12   -0.29  999.90  999.90  999.90       0       0
 18.500 999.900 999.900  999.90  207.95    2.00   -0.44  999.90  999.90  999.90       0       0
 19.000 999.900 999.900  999.90  209.38    1.85   -0.58  999.90  999.90  999.90       0       0
 19.500 999.900 999.900  999.90  210.62    1.65   -0.19  999.90  999.90  999.90       0       0
 20.000 999.900 999.900  999.90  211.96    1.47   -0.00  999.90  999.90  999.90       0       0
 20.500 999.900 999.900  999.90  213.17    1.50    0.30  189.73    9.46    0.99      14      14
 21.000 999.900 999.900  999.90  214.25    1.46    0.18  191.91    9.75    0.53      42      42
 21.500 999.900 999.900  999.90  215.42    1.50    0.40  193.07   10.37    0.54      60      60
 22.000 999.900 999.900  999.90  216.45    1.60    0.43  193.96   10.30    0.52      58      58
 22.500 999.900 999.900  999.90  217.37    1.64    0.47  194.37    9.97    0.47      57      57
 23.000 999.900 999.900  999.90  218.30    1.65    0.13  195.40    9.74    0.25      53      53
 23.500 999.900 999.900  999.90  219.32    1.64   -0.03  197.38    9.96    0.00      49      49
 24.000 999.900 999.900  999.90  220.39    1.70   -0.02  197.36   10.60    0.19      45      45
 24.500 999.900 999.900  999.90  221.42    1.57    0.31  197.58   10.17    0.21      43      43
 25.000 999.900 999.900  999.90  222.25    1.63    0.68  197.42    9.92    0.33      38      38
 25.500 999.900 999.900  999.90  223.14    1.76    0.60  196.96    9.88    0.52      36      36
 26.000 999.900 999.900  999.90  224.05    1.79    0.14  198.28   10.78    0.65      37      37
 26.500 999.900 999.900  999.90  224.92    1.84   -0.07  197.95   10.13    0.62      34      34
 27.000 999.900 999.900  999.90  225.69    1.86    0.08  198.89   10.26    0.56      33      33
 27.500 999.900 999.900  999.90  226.74    1.86    0.26  199.75   10.47    0.56      33      33
 28.000 999.900 999.900  999.90  227.58    1.82    0.28  201.09   10.70    0.40      30      30
 28.500 999.900 999.900  999.90  228.37    1.76    0.49  201.67   10.52    0.40      30      30
 29.000 999.900 999.900  999.90  229.21    1.94    0.34  202.55   10.76    0.34      29      29
 29.500 999.900 999.900  999.90  229.96    2.10    0.04  203.43   11.03    0.28      28      28
 30.000 999.900 999.900  999.90  230.81    2.29    0.06  204.03   11.09    0.29      28      28
  T A B L E  III -   8.  M O I S T U R E  R E L A T E D  S T A T I S T I C A L  P A R A M E T E R S
                                    August
 STATION =   723910     Pt. Mugu Naval Air Station, CA
      Z VAPOR P   SD VP SKEW VP      TV      TV SKEW TV DEWPT T  SD DPT SKW DPT NOBS TP NOBS TV   
           MEAN                    MEAN      SD            MEAN                                   
     KM      MB      MB          KELVIN  KELVIN          KELVIN  KELVIN                           
  0.000  16.000   6.000    0.00  291.00    6.00    0.00  290.00    7.00    0.00       0       0
  0.004  17.314   2.157    0.32  294.49    3.04   -0.02  288.29    1.94   -0.11    1014    1014
  0.500  12.905   4.179   -0.63  294.85    4.61    0.28  283.23    5.68   -1.48    1004    1004
  1.000   7.718   4.349    0.56  297.00    4.27   -0.31  274.67    8.65   -0.71     989     989
  1.500   6.066   3.771    0.96  295.83    3.62   -0.37  271.03    9.22   -0.73     985     985
  2.000   4.910   3.279    0.74  293.14    3.05   -0.35  267.85    9.76   -0.65     981     981
  2.500   4.198   2.945    0.80  289.89    2.63   -0.41  265.47   10.16   -0.61     981     981
  3.000   3.665   2.587    0.75  286.46    2.27   -0.40  263.44   10.29   -0.56     989     989
  3.500   3.019   2.227    0.72  282.94    2.02   -0.45  260.81   10.44   -0.45     984     984
  4.000   2.365   1.867    0.86  279.44    1.88   -0.38  257.49   10.61   -0.34     982     982
  4.500   1.804   1.525    1.02  275.93    1.82   -0.18  253.97   10.64   -0.20     980     980
  5.000   1.329   1.196    1.16  272.45    1.81   -0.13  250.22   10.54   -0.03     975     975
  5.500   0.962   0.916    1.38  269.04    1.84   -0.16  246.39   10.42    0.03     974     974
  6.000   0.673   0.671    1.62  265.75    1.88   -0.23  242.26   10.28    0.07     979     979
  6.500   0.458   0.475    1.87  262.38    1.95   -0.35  238.36    9.72    0.17     975     975
  7.000   0.322   0.335    1.85  258.89    2.03   -0.34  235.08    9.30    0.20     959     959
  7.500   0.231   0.240    1.93  255.28    2.13   -0.33  231.92    8.97    0.23     957     957
  8.000   0.168   0.174    1.95  251.58    2.23   -0.26  229.09    8.64    0.24     945     945
  8.500   0.124   0.133    1.99  247.82    2.34   -0.16  226.13    8.73    0.20     944     944
  9.000   0.089   0.097    1.95  244.02    2.43   -0.14  223.00    8.88    0.14     936     936
  9.500   0.061   0.068    1.95  240.29    2.53   -0.12  219.50    9.01    0.11     925     925
 10.000   0.030   0.045    2.24  236.60    2.56   -0.13  216.81    8.75    0.15     627     627
 10.500   0.012   0.025    3.10  232.96    2.55   -0.21  214.37    7.85    0.13     369     369
 11.000 999.900 999.900  999.90  229.48    2.54   -0.26  211.70    7.17   -0.05     268     268
 11.500 999.900 999.900  999.90  226.07    2.43   -0.25  208.79    6.36   -0.21     247     247
 12.000 999.900 999.900  999.90  222.79    2.30   -0.23  205.63    5.99   -0.21     246     246
 12.500 999.900 999.900  999.90  219.73    2.04    0.04  201.72    6.01   -0.03     183     183
 13.000 999.900 999.900  999.90  216.82    1.85    0.37  197.17    5.36    0.11     140     140
 13.500 999.900 999.900  999.90  214.05    1.91    0.52  193.36    3.92    0.51      44      44
 14.000 999.900 999.900  999.90  211.49    2.23    0.62  189.32    2.96   -0.32      19      19
 14.500 999.900 999.900  999.90  209.25    2.65    0.57  999.90  999.90  999.90       0       0
 15.000 999.900 999.900  999.90  207.33    3.06    0.49  999.90  999.90  999.90       0       0
 15.500 999.900 999.900  999.90  206.06    3.34    0.36  999.90  999.90  999.90       0       0
 16.000 999.900 999.900  999.90  205.58    3.34    0.27  999.90  999.90  999.90       0       0
 16.500 999.900 999.900  999.90  205.72    3.18    0.20  999.90  999.90  999.90       0       0
 17.000 999.900 999.900  999.90  204.63    2.58   -0.09  999.90  999.90  999.90       0       0
 17.500 999.900 999.900  999.90  205.61    2.49   -0.08  999.90  999.90  999.90       0       0
 18.000 999.900 999.900  999.90  207.00    2.41   -0.16  999.90  999.90  999.90       0       0
 18.500 999.900 999.900  999.90  208.42    2.19   -0.13  999.90  999.90  999.90       0       0
 19.000 999.900 999.900  999.90  209.85    2.10   -0.23  999.90  999.90  999.90       0       0
 19.500 999.900 999.900  999.90  211.07    1.75   -0.16  999.90  999.90  999.90       0       0
 20.000 999.900 999.900  999.90  212.05    1.68   -0.07  999.90  999.90  999.90       0       0
 20.500 999.900 999.900  999.90  213.19    1.46   -0.13  196.91   10.46   -0.32      15      15
 21.000 999.900 999.900  999.90  214.24    1.41   -0.24  192.88   10.03    0.45      40      40
 21.500 999.900 999.900  999.90  215.12    1.52   -0.10  193.35   10.07    0.40      48      48
 22.000 999.900 999.900  999.90  215.91    1.53   -0.02  194.12   10.22    0.30      47      47
 22.500 999.900 999.900  999.90  216.79    1.61    0.10  193.65   10.12    0.46      52      52
 23.000 999.900 999.900  999.90  217.75    1.57   -0.27  195.84   10.50    0.15      45      45
 23.500 999.900 999.900  999.90  218.79    1.48    0.11  197.89   10.30   -0.08      42      42
 24.000 999.900 999.900  999.90  219.81    1.45    0.43  199.99   10.04   -0.33      38      38
 24.500 999.900 999.900  999.90  220.72    1.44    0.06  200.26   10.33   -0.22      39      39
 25.000 999.900 999.900  999.90  221.53    1.49   -0.23  200.44   10.46   -0.16      38      38
 25.500 999.900 999.900  999.90  222.40    1.57   -0.35  200.74   10.39   -0.11      37      37
 26.000 999.900 999.900  999.90  223.24    1.70   -0.22  201.36   10.38   -0.12      37      37
 26.500 999.900 999.900  999.90  224.14    1.88   -0.43  202.15   10.35   -0.15      37      37
 27.000 999.900 999.900  999.90  225.03    1.81   -0.41  202.74   10.51   -0.13      37      37
 27.500 999.900 999.900  999.90  225.91    1.80   -0.53  203.45   10.64   -0.11      37      37
 28.000 999.900 999.900  999.90  226.64    1.82   -0.24  204.16   10.55   -0.08      37      37
 28.500 999.900 999.900  999.90  227.38    1.74   -0.24  204.79   10.40   -0.10      37      37
 29.000 999.900 999.900  999.90  228.21    1.76   -0.27  205.30   10.46   -0.11      37      37
 29.500 999.900 999.900  999.90  228.96    1.90    0.09  206.07   10.50   -0.17      36      36
 30.000 999.900 999.900  999.90  229.61    2.00    0.28  206.60   10.79   -0.22      35      35
  T A B L E  III -   9.  M O I S T U R E  R E L A T E D  S T A T I S T I C A L  P A R A M E T E R S
                                 September
 STATION =   723910     Pt. Mugu Naval Air Station, CA
      Z VAPOR P   SD VP SKEW VP      TV      TV SKEW TV DEWPT T  SD DPT SKW DPT NOBS TP NOBS TV   
           MEAN                    MEAN      SD            MEAN                                   
     KM      MB      MB          KELVIN  KELVIN          KELVIN  KELVIN                           
  0.000  16.000   6.000    0.00  291.00    6.00    0.00  290.00    7.00    0.00       0       0
  0.004  17.306   2.546   -0.81  294.34    3.49    0.05  288.22    2.58   -2.08     298     298
  0.500  11.512   4.461   -0.45  294.70    4.87    0.45  280.81    7.82   -1.98     297     297
  1.000   7.664   4.085    0.31  295.21    5.23   -0.02  274.17    9.25   -1.15     296     296
  1.500   5.593   3.746    0.92  293.60    4.48   -0.28  268.86   10.72   -0.84     296     296
  2.000   4.467   3.288    1.03  290.58    3.99   -0.43  265.58   11.02   -0.67     294     294
  2.500   3.678   2.813    1.11  287.30    3.53   -0.55  262.94   10.90   -0.53     294     294
  3.000   2.873   2.433    1.27  283.98    3.04   -0.60  259.35   11.13   -0.29     294     294
  3.500   2.196   2.034    1.48  280.66    2.76   -0.61  255.61   11.18   -0.08     295     295
  4.000   1.630   1.621    1.60  277.35    2.71   -0.60  251.76   11.26   -0.01     294     294
  4.500   1.181   1.261    1.81  274.17    2.69   -0.59  247.80   11.17    0.11     293     293
  5.000   0.883   1.044    2.40  271.04    2.76   -0.58  244.62   10.44    0.38     293     293
  5.500   0.621   0.779    2.58  267.82    2.78   -0.56  240.82   10.05    0.50     292     292
  6.000   0.434   0.549    3.08  264.46    2.93   -0.69  237.35    9.36    0.56     293     293
  6.500   0.313   0.402    3.38  260.89    3.02   -0.74  234.13    8.98    0.65     293     293
  7.000   0.221   0.313    3.60  257.20    3.12   -0.77  231.10    8.30    1.14     284     284
  7.500   0.165   0.234    3.13  253.41    3.18   -0.81  227.87    8.62    1.09     284     284
  8.000   0.110   0.164    3.24  249.67    3.25   -0.62  224.27    8.41    1.10     280     280
  8.500   0.082   0.121    3.05  245.88    3.20   -0.34  221.29    8.73    0.92     279     279
  9.000   0.055   0.085    3.01  242.20    3.15   -0.17  217.97    8.66    0.90     271     271
  9.500   0.035   0.054    2.88  238.58    3.19   -0.06  214.52    8.67    0.81     257     257
 10.000   0.013   0.028    3.87  235.02    3.27    0.00  211.83    7.56    0.89     150     150
 10.500 999.900 999.900  999.90  231.58    3.30    0.03  208.79    6.47    0.45      96      96
 11.000 999.900 999.900  999.90  228.39    3.28   -0.05  205.16    5.69    0.07      70      70
 11.500 999.900 999.900  999.90  225.33    3.18   -0.11  202.13    4.88   -0.00      68      68
 12.000 999.900 999.900  999.90  222.40    3.10   -0.25  199.63    4.56   -0.09      68      68
 12.500 999.900 999.900  999.90  219.63    2.90   -0.29  197.34    4.01    0.05      67      67
 13.000 999.900 999.900  999.90  217.13    2.63    0.04  194.49    3.42   -0.12      67      67
 13.500 999.900 999.900  999.90  214.72    2.51    0.60  191.73    3.66    0.41      46      46
 14.000 999.900 999.900  999.90  212.35    2.66    0.81  187.09    2.71    0.16      14      14
 14.500 999.900 999.900  999.90  210.29    2.96    0.80  999.90  999.90  999.90       0       0
 15.000 999.900 999.900  999.90  208.48    3.20    0.51  999.90  999.90  999.90       0       0
 15.500 999.900 999.900  999.90  207.08    3.50    0.20  999.90  999.90  999.90       0       0
 16.000 999.900 999.900  999.90  206.38    3.60    0.01  999.90  999.90  999.90       0       0
 16.500 999.900 999.900  999.90  206.09    3.58   -0.10  999.90  999.90  999.90       0       0
 17.000 999.900 999.900  999.90  204.89    3.81   -0.12  999.90  999.90  999.90       0       0
 17.500 999.900 999.900  999.90  204.39    3.60    0.45  999.90  999.90  999.90       0       0
 18.000 999.900 999.900  999.90  205.68    3.24    1.04  999.90  999.90  999.90       0       0
 18.500 999.900 999.900  999.90  206.74    2.72    0.83  999.90  999.90  999.90       0       0
 19.000 999.900 999.900  999.90  208.26    1.99    0.99  999.90  999.90  999.90       0       0
 19.500 999.900 999.900  999.90  210.03    1.86    0.29  999.90  999.90  999.90       0       0
 20.000 999.900 999.900  999.90  211.06    1.84   -0.01  999.90  999.90  999.90       0       0
 20.500 999.900 999.900  999.90  212.17    1.40   -0.32  999.90  999.90  999.90       0       0
 21.000 999.900 999.900  999.90  212.68    1.44    0.22  999.90  999.90  999.90       0       0
 21.500 999.900 999.900  999.90  213.99    1.74   -0.65  999.90  999.90  999.90       0       0
 22.000 999.900 999.900  999.90  999.90  999.90  999.99  999.90  999.90  999.90       0       0
 22.500 999.900 999.900  999.90  999.90  999.90  999.99  999.90  999.90  999.90       0       0
 23.000 999.900 999.900  999.90  999.90  999.90  999.99  999.90  999.90  999.90       0       0
 23.500 999.900 999.900  999.90  999.90  999.90  999.99  999.90  999.90  999.90       0       0
 24.000 999.900 999.900  999.90  999.90  999.90  999.99  999.90  999.90  999.90       0       0
 24.500 999.900 999.900  999.90  999.90  999.90  999.99  999.90  999.90  999.90       0       0
 25.000 999.900 999.900  999.90  999.90  999.90  999.99  999.90  999.90  999.90       0       0
 25.500 999.900 999.900  999.90  999.90  999.90  999.99  999.90  999.90  999.90       0       0
 26.000 999.900 999.900  999.90  999.90  999.90  999.99  999.90  999.90  999.90       0       0
 26.500 999.900 999.900  999.90  999.90  999.90  999.99  999.90  999.90  999.90       0       0
 27.000 999.900 999.900  999.90  999.90  999.90  999.99  999.90  999.90  999.90       0       0
 27.500 999.900 999.900  999.90  999.90  999.90  999.99  999.90  999.90  999.90       0       0
 28.000 999.900 999.900  999.90  999.90  999.90  999.99  999.90  999.90  999.90       0       0
 28.500 999.900 999.900  999.90  999.90  999.90  999.99  999.90  999.90  999.90       0       0
 29.000 999.900 999.900  999.90  999.90  999.90  999.99  999.90  999.90  999.90       0       0
 29.500 999.900 999.900  999.90  999.90  999.90  999.99  999.90  999.90  999.90       0       0
 30.000 999.900 999.900  999.90  999.90  999.90  999.99  999.90  999.90  999.90       0       0
  T A B L E  III -  10.  M O I S T U R E  R E L A T E D  S T A T I S T I C A L  P A R A M E T E R S
                                   October
 STATION =   723910     Pt. Mugu Naval Air Station, CA
      Z VAPOR P   SD VP SKEW VP      TV      TV SKEW TV DEWPT T  SD DPT SKW DPT NOBS TP NOBS TV   
           MEAN                    MEAN      SD            MEAN                                   
     KM      MB      MB          KELVIN  KELVIN          KELVIN  KELVIN                           
  0.000  16.000   6.000    0.00  291.00    6.00    0.00  290.00    7.00    0.00       0       0
  0.004  14.712   4.481   -0.73  292.80    4.75   -0.01  285.13    5.71   -1.54     307     307
  0.500   8.563   4.620    0.26  293.24    4.84    0.41  275.70    9.28   -0.96     306     306
  1.000   5.500   3.312    0.81  292.64    5.72    0.10  269.32    9.37   -0.89     306     306
  1.500   4.016   2.602    1.31  290.12    5.45   -0.19  265.15    8.92   -0.63     306     306
  2.000   3.009   2.142    1.88  287.05    4.89   -0.40  261.45    8.69   -0.39     304     304
  2.500   2.234   1.681    2.02  283.92    4.48   -0.69  257.59    8.98   -0.48     302     302
  3.000   1.821   1.566    1.96  280.82    4.05   -0.95  254.45    9.73   -0.25     302     302
  3.500   1.457   1.312    1.94  277.73    3.77   -0.89  251.59    9.75   -0.16     303     303
  4.000   1.121   1.053    2.04  274.60    3.73   -0.92  248.40    9.81   -0.08     302     302
  4.500   0.835   0.843    2.21  271.42    3.89   -0.99  244.91    9.57    0.16     303     303
  5.000   0.597   0.628    2.65  268.15    3.98   -1.03  241.70    8.80    0.34     299     299
  5.500   0.440   0.472    2.86  264.75    4.01   -1.01  238.44    8.69    0.31     299     299
  6.000   0.365   0.406    2.90  261.24    4.03   -0.96  236.32    8.64    0.45     301     301
  6.500   0.286   0.320    2.50  257.54    4.07   -0.89  233.79    8.82    0.47     297     297
  7.000   0.212   0.240    2.29  253.72    4.07   -0.85  231.13    8.67    0.48     289     289
  7.500   0.151   0.188    2.28  249.83    4.02   -0.80  227.75    9.05    0.56     277     277
  8.000   0.104   0.130    2.28  245.96    4.01   -0.77  224.60    8.81    0.49     272     272
  8.500   0.072   0.101    2.51  242.10    4.01   -0.62  221.02    9.21    0.54     261     261
  9.000   0.046   0.071    2.32  238.25    3.93   -0.44  217.73    9.41    0.57     235     235
  9.500   0.029   0.049    2.38  234.55    3.80   -0.22  215.43    9.44    0.45     193     193
 10.000   0.010   0.023    3.66  230.98    3.68   -0.04  213.36    7.84    0.23      99      99
 10.500 999.900 999.900  999.90  227.61    3.60    0.13  210.70    7.28    0.03      76      76
 11.000 999.900 999.900  999.90  224.52    3.44    0.24  207.85    7.28    0.14      72      72
 11.500 999.900 999.900  999.90  221.77    3.27    0.23  204.55    6.72    0.31      72      72
 12.000 999.900 999.900  999.90  219.33    3.20    0.08  200.90    5.82    0.14      70      70
 12.500 999.900 999.900  999.90  217.10    3.09    0.02  197.35    5.47    0.25      58      58
 13.000 999.900 999.900  999.90  215.25    2.88    0.23  193.31    3.77    0.03      48      48
 13.500 999.900 999.900  999.90  213.47    2.87    0.28  190.08    2.75   -1.04      31      31
 14.000 999.900 999.900  999.90  211.77    2.97    0.42  188.20    2.66   -0.37      17      17
 14.500 999.900 999.900  999.90  210.20    3.06    0.49  999.90  999.90  999.90       0       0
 15.000 999.900 999.900  999.90  208.72    3.20    0.49  999.90  999.90  999.90       0       0
 15.500 999.900 999.900  999.90  207.48    3.34    0.48  999.90  999.90  999.90       0       0
 16.000 999.900 999.900  999.90  206.79    3.36    0.54  999.90  999.90  999.90       0       0
 16.500 999.900 999.900  999.90  205.46    2.75    0.11  999.90  999.90  999.90       0       0
 17.000 999.900 999.900  999.90  205.05    2.53    0.21  999.90  999.90  999.90       0       0
 17.500 999.900 999.900  999.90  205.45    3.12   -0.45  999.90  999.90  999.90       0       0
 18.000 999.900 999.900  999.90  999.90  999.90  999.99  999.90  999.90  999.90       0       0
 18.500 999.900 999.900  999.90  999.90  999.90  999.99  999.90  999.90  999.90       0       0
 19.000 999.900 999.900  999.90  999.90  999.90  999.99  999.90  999.90  999.90       0       0
 19.500 999.900 999.900  999.90  999.90  999.90  999.99  999.90  999.90  999.90       0       0
 20.000 999.900 999.900  999.90  999.90  999.90  999.99  999.90  999.90  999.90       0       0
 20.500 999.900 999.900  999.90  999.90  999.90  999.99  999.90  999.90  999.90       0       0
 21.000 999.900 999.900  999.90  999.90  999.90  999.99  999.90  999.90  999.90       0       0
 21.500 999.900 999.900  999.90  999.90  999.90  999.99  999.90  999.90  999.90       0       0
 22.000 999.900 999.900  999.90  999.90  999.90  999.99  999.90  999.90  999.90       0       0
 22.500 999.900 999.900  999.90  999.90  999.90  999.99  999.90  999.90  999.90       0       0
 23.000 999.900 999.900  999.90  999.90  999.90  999.99  999.90  999.90  999.90       0       0
 23.500 999.900 999.900  999.90  999.90  999.90  999.99  999.90  999.90  999.90       0       0
 24.000 999.900 999.900  999.90  999.90  999.90  999.99  999.90  999.90  999.90       0       0
 24.500 999.900 999.900  999.90  999.90  999.90  999.99  999.90  999.90  999.90       0       0
 25.000 999.900 999.900  999.90  999.90  999.90  999.99  999.90  999.90  999.90       0       0
 25.500 999.900 999.900  999.90  999.90  999.90  999.99  999.90  999.90  999.90       0       0
 26.000 999.900 999.900  999.90  999.90  999.90  999.99  999.90  999.90  999.90       0       0
 26.500 999.900 999.900  999.90  999.90  999.90  999.99  999.90  999.90  999.90       0       0
 27.000 999.900 999.900  999.90  999.90  999.90  999.99  999.90  999.90  999.90       0       0
 27.500 999.900 999.900  999.90  999.90  999.90  999.99  999.90  999.90  999.90       0       0
 28.000 999.900 999.900  999.90  999.90  999.90  999.99  999.90  999.90  999.90       0       0
 28.500 999.900 999.900  999.90  999.90  999.90  999.99  999.90  999.90  999.90       0       0
 29.000 999.900 999.900  999.90  999.90  999.90  999.99  999.90  999.90  999.90       0       0
 29.500 999.900 999.900  999.90  999.90  999.90  999.99  999.90  999.90  999.90       0       0
 30.000 999.900 999.900  999.90  999.90  999.90  999.99  999.90  999.90  999.90       0       0
  T A B L E  III -  11.  M O I S T U R E  R E L A T E D  S T A T I S T I C A L  P A R A M E T E R S
                                  November
 STATION =   723910     Pt. Mugu Naval Air Station, CA
      Z VAPOR P   SD VP SKEW VP      TV      TV SKEW TV DEWPT T  SD DPT SKW DPT NOBS TP NOBS TV   
           MEAN                    MEAN      SD            MEAN                                   
     KM      MB      MB          KELVIN  KELVIN          KELVIN  KELVIN                           
  0.000  16.000   6.000    0.00  291.00    6.00    0.00  290.00    7.00    0.00       0       0
  0.004   9.827   4.435   -0.10  289.72    5.42   -0.17  278.27    7.91   -0.84     256     256
  0.500   5.993   3.768    1.14  290.89    4.58    0.41  270.78    8.27    0.15     255     255
  1.000   4.082   2.525    1.25  288.98    4.90    0.05  265.81    8.04   -0.41     254     254
  1.500   3.052   2.006    1.56  286.44    4.69   -0.19  262.03    7.90   -0.19     253     253
  2.000   2.229   1.587    2.03  283.90    4.49   -0.41  258.23    7.70   -0.12     250     250
  2.500   1.737   1.352    1.94  281.37    4.26   -0.64  254.94    8.06   -0.01     249     249
  3.000   1.440   1.128    1.92  278.59    4.26   -0.76  252.51    8.30   -0.12     250     250
  3.500   1.195   0.960    1.59  275.80    4.20   -0.85  250.16    8.42    0.04     250     250
  4.000   0.991   0.826    1.65  272.81    4.08   -0.71  247.88    8.52    0.08     250     250
  4.500   0.770   0.670    1.93  269.55    4.04   -0.59  244.95    8.55    0.08     250     250
  5.000   0.638   0.635    2.77  266.13    4.12   -0.52  242.44    9.03    0.18     249     249
  5.500   0.531   0.608    4.69  262.59    4.13   -0.42  240.01    9.55    0.22     248     248
  6.000   0.417   0.396    1.39  258.91    3.96   -0.68  237.28    9.81    0.07     251     251
  6.500   0.293   0.295    1.58  255.14    3.87   -0.56  233.78    9.55    0.16     248     248
  7.000   0.215   0.226    1.59  251.37    3.89   -0.57  230.66    9.70    0.14     244     244
  7.500   0.151   0.169    1.58  247.47    3.92   -0.54  227.63    9.82    0.09     231     231
  8.000   0.105   0.123    1.72  243.54    3.95   -0.41  224.41    9.69    0.08     226     226
  8.500   0.069   0.087    1.82  239.69    3.87   -0.29  221.82    9.43    0.01     203     203
  9.000   0.042   0.059    1.83  235.87    3.78   -0.31  220.44    8.74   -0.21     156     156
  9.500   0.018   0.037    2.51  232.21    3.63   -0.23  217.47    8.90   -0.10      93      93
 10.000 999.900 999.900  999.90  228.51    3.54   -0.13  214.70    6.47   -0.16      44      44
 10.500 999.900 999.900  999.90  225.05    3.40    0.05  212.21    6.22   -0.31      37      37
 11.000 999.900 999.900  999.90  221.87    3.47    0.21  209.11    6.05   -0.16      35      35
 11.500 999.900 999.900  999.90  219.06    3.77    0.53  204.96    5.38   -0.10      35      35
 12.000 999.900 999.900  999.90  216.55    4.07    0.62  201.93    5.50    0.15      29      29
 12.500 999.900 999.900  999.90  214.60    4.16    0.48  197.48    4.74    0.47      24      24
 13.000 999.900 999.900  999.90  213.14    4.13    0.22  193.38    3.23    0.54      18      18
 13.500 999.900 999.900  999.90  211.86    3.93    0.02  189.22    2.14    0.98      10      10
 14.000 999.900 999.900  999.90  210.60    3.48    0.15  999.90  999.90  999.90       0       0
 14.500 999.900 999.900  999.90  209.38    3.23    0.34  999.90  999.90  999.90       0       0
 15.000 999.900 999.900  999.90  208.35    3.31    0.28  999.90  999.90  999.90       0       0
 15.500 999.900 999.900  999.90  207.30    3.31    0.28  999.90  999.90  999.90       0       0
 16.000 999.900 999.900  999.90  206.37    3.43    0.27  999.90  999.90  999.90       0       0
 16.500 999.900 999.900  999.90  203.87    3.21    0.71  999.90  999.90  999.90       0       0
 17.000 999.900 999.900  999.90  203.97    3.62    0.48  999.90  999.90  999.90       0       0
 17.500 999.900 999.900  999.90  204.19    3.98    0.14  999.90  999.90  999.90       0       0
 18.000 999.900 999.900  999.90  999.90  999.90  999.99  999.90  999.90  999.90       0       0
 18.500 999.900 999.900  999.90  999.90  999.90  999.99  999.90  999.90  999.90       0       0
 19.000 999.900 999.900  999.90  999.90  999.90  999.99  999.90  999.90  999.90       0       0
 19.500 999.900 999.900  999.90  999.90  999.90  999.99  999.90  999.90  999.90       0       0
 20.000 999.900 999.900  999.90  999.90  999.90  999.99  999.90  999.90  999.90       0       0
 20.500 999.900 999.900  999.90  999.90  999.90  999.99  999.90  999.90  999.90       0       0
 21.000 999.900 999.900  999.90  999.90  999.90  999.99  999.90  999.90  999.90       0       0
 21.500 999.900 999.900  999.90  999.90  999.90  999.99  999.90  999.90  999.90       0       0
 22.000 999.900 999.900  999.90  999.90  999.90  999.99  999.90  999.90  999.90       0       0
 22.500 999.900 999.900  999.90  999.90  999.90  999.99  999.90  999.90  999.90       0       0
 23.000 999.900 999.900  999.90  999.90  999.90  999.99  999.90  999.90  999.90       0       0
 23.500 999.900 999.900  999.90  999.90  999.90  999.99  999.90  999.90  999.90       0       0
 24.000 999.900 999.900  999.90  999.90  999.90  999.99  999.90  999.90  999.90       0       0
 24.500 999.900 999.900  999.90  999.90  999.90  999.99  999.90  999.90  999.90       0       0
 25.000 999.900 999.900  999.90  999.90  999.90  999.99  999.90  999.90  999.90       0       0
 25.500 999.900 999.900  999.90  999.90  999.90  999.99  999.90  999.90  999.90       0       0
 26.000 999.900 999.900  999.90  999.90  999.90  999.99  999.90  999.90  999.90       0       0
 26.500 999.900 999.900  999.90  999.90  999.90  999.99  999.90  999.90  999.90       0       0
 27.000 999.900 999.900  999.90  999.90  999.90  999.99  999.90  999.90  999.90       0       0
 27.500 999.900 999.900  999.90  999.90  999.90  999.99  999.90  999.90  999.90       0       0
 28.000 999.900 999.900  999.90  999.90  999.90  999.99  999.90  999.90  999.90       0       0
 28.500 999.900 999.900  999.90  999.90  999.90  999.99  999.90  999.90  999.90       0       0
 29.000 999.900 999.900  999.90  999.90  999.90  999.99  999.90  999.90  999.90       0       0
 29.500 999.900 999.900  999.90  999.90  999.90  999.99  999.90  999.90  999.90       0       0
 30.000 999.900 999.900  999.90  999.90  999.90  999.99  999.90  999.90  999.90       0       0
  T A B L E  III -  12.  M O I S T U R E  R E L A T E D  S T A T I S T I C A L  P A R A M E T E R S
                                  December
 STATION =   723910     Pt. Mugu Naval Air Station, CA
      Z VAPOR P   SD VP SKEW VP      TV      TV SKEW TV DEWPT T  SD DPT SKW DPT NOBS TP NOBS TV   
           MEAN                    MEAN      SD            MEAN                                   
     KM      MB      MB          KELVIN  KELVIN          KELVIN  KELVIN                           
  0.000  16.000   6.000    0.00  291.00    6.00    0.00  290.00    7.00    0.00       0       0
  0.004   8.625   4.245    0.02  287.38    5.68   -0.01  276.24    8.28   -0.69     241     241
  0.500   5.609   3.581    0.60  288.52    4.90   -0.03  269.32    9.25   -0.10     243     243
  1.000   3.690   2.550    1.31  286.38    5.14   -0.38  263.98    8.52    0.04     242     242
  1.500   2.888   2.062    1.47  283.95    5.34   -0.65  260.70    8.70   -0.11     242     242
  2.000   2.231   1.604    1.49  281.33    5.30   -0.91  257.56    8.56   -0.19     241     241
  2.500   1.729   1.373    1.63  278.70    5.16   -1.00  254.31    9.03   -0.17     237     237
  3.000   1.416   1.194    1.57  275.84    4.97   -1.01  251.68    9.15    0.09     237     237
  3.500   1.088   1.002    1.87  272.82    4.89   -1.18  248.41    9.18    0.20     237     237
  4.000   0.884   0.832    2.01  269.60    4.86   -1.23  245.88    9.40    0.13     237     237
  4.500   0.685   0.685    1.91  266.18    4.81   -1.12  242.79    9.69    0.20     235     235
  5.000   0.535   0.557    1.96  262.72    4.76   -1.01  239.92    9.79    0.23     235     235
  5.500   0.426   0.471    1.99  259.17    4.74   -0.92  237.06   10.29    0.20     234     234
  6.000   0.329   0.390    1.86  255.57    4.65   -0.78  233.86   10.80    0.28     232     232
  6.500   0.242   0.295    1.93  251.99    4.38   -0.50  230.67   10.75    0.30     231     231
  7.000   0.181   0.217    1.89  248.26    4.21   -0.39  227.90   10.80    0.15     230     230
  7.500   0.132   0.160    1.69  244.41    4.04   -0.34  225.61   10.85    0.07     215     215
  8.000   0.093   0.111    1.63  240.58    3.88   -0.27  223.47   10.41   -0.13     202     202
  8.500   0.055   0.077    1.96  236.74    3.75   -0.23  221.02   10.15   -0.25     161     161
  9.000   0.022   0.047    2.94  232.95    3.63   -0.18  218.89    9.84   -0.35      86      86
  9.500   0.009   0.029    4.41  229.24    3.55   -0.01  216.12    9.93   -0.23      46      46
 10.000 999.900 999.900  999.90  225.60    3.54    0.12  212.25    9.43   -0.19      32      32
 10.500 999.900 999.900  999.90  222.46    3.55    0.34  209.65    9.37   -0.19      30      30
 11.000 999.900 999.900  999.90  219.83    3.73    0.47  206.47    8.23   -0.07      25      25
 11.500 999.900 999.900  999.90  217.56    4.21    0.42  203.59    7.73   -0.01      22      22
 12.000 999.900 999.900  999.90  215.74    4.65    0.27  200.34    8.41    0.27      12      12
 12.500 999.900 999.900  999.90  214.52    4.94   -0.01  999.90  999.90  999.90       0       0
 13.000 999.900 999.900  999.90  213.74    4.77   -0.09  999.90  999.90  999.90       0       0
 13.500 999.900 999.900  999.90  213.10    4.20   -0.12  999.90  999.90  999.90       0       0
 14.000 999.900 999.900  999.90  212.23    3.99   -0.44  999.90  999.90  999.90       0       0
 14.500 999.900 999.900  999.90  211.27    3.62   -0.25  999.90  999.90  999.90       0       0
 15.000 999.900 999.900  999.90  210.18    3.20   -0.12  999.90  999.90  999.90       0       0
 15.500 999.900 999.900  999.90  209.08    3.13   -0.04  999.90  999.90  999.90       0       0
 16.000 999.900 999.900  999.90  208.02    3.20    0.00  999.90  999.90  999.90       0       0
 16.500 999.900 999.900  999.90  205.26    2.57   -0.21  999.90  999.90  999.90       0       0
 17.000 999.900 999.900  999.90  204.61    3.17    0.09  999.90  999.90  999.90       0       0
 17.500 999.900 999.900  999.90  204.52    3.27   -0.44  999.90  999.90  999.90       0       0
 18.000 999.900 999.900  999.90  999.90  999.90  999.99  999.90  999.90  999.90       0       0
 18.500 999.900 999.900  999.90  999.90  999.90  999.99  999.90  999.90  999.90       0       0
 19.000 999.900 999.900  999.90  999.90  999.90  999.99  999.90  999.90  999.90       0       0
 19.500 999.900 999.900  999.90  999.90  999.90  999.99  999.90  999.90  999.90       0       0
 20.000 999.900 999.900  999.90  999.90  999.90  999.99  999.90  999.90  999.90       0       0
 20.500 999.900 999.900  999.90  999.90  999.90  999.99  999.90  999.90  999.90       0       0
 21.000 999.900 999.900  999.90  999.90  999.90  999.99  999.90  999.90  999.90       0       0
 21.500 999.900 999.900  999.90  999.90  999.90  999.99  999.90  999.90  999.90       0       0
 22.000 999.900 999.900  999.90  999.90  999.90  999.99  999.90  999.90  999.90       0       0
 22.500 999.900 999.900  999.90  999.90  999.90  999.99  999.90  999.90  999.90       0       0
 23.000 999.900 999.900  999.90  999.90  999.90  999.99  999.90  999.90  999.90       0       0
 23.500 999.900 999.900  999.90  999.90  999.90  999.99  999.90  999.90  999.90       0       0
 24.000 999.900 999.900  999.90  999.90  999.90  999.99  999.90  999.90  999.90       0       0
 24.500 999.900 999.900  999.90  999.90  999.90  999.99  999.90  999.90  999.90       0       0
 25.000 999.900 999.900  999.90  999.90  999.90  999.99  999.90  999.90  999.90       0       0
 25.500 999.900 999.900  999.90  999.90  999.90  999.99  999.90  999.90  999.90       0       0
 26.000 999.900 999.900  999.90  999.90  999.90  999.99  999.90  999.90  999.90       0       0
 26.500 999.900 999.900  999.90  999.90  999.90  999.99  999.90  999.90  999.90       0       0
 27.000 999.900 999.900  999.90  999.90  999.90  999.99  999.90  999.90  999.90       0       0
 27.500 999.900 999.900  999.90  999.90  999.90  999.99  999.90  999.90  999.90       0       0
 28.000 999.900 999.900  999.90  999.90  999.90  999.99  999.90  999.90  999.90       0       0
 28.500 999.900 999.900  999.90  999.90  999.90  999.99  999.90  999.90  999.90       0       0
 29.000 999.900 999.900  999.90  999.90  999.90  999.99  999.90  999.90  999.90       0       0
 29.500 999.900 999.900  999.90  999.90  999.90  999.99  999.90  999.90  999.90       0       0
 30.000 999.900 999.900  999.90  999.90  999.90  999.99  999.90  999.90  999.90       0       0
  T A B L E  III -  13.  M O I S T U R E  R E L A T E D  S T A T I S T I C A L  P A R A M E T E R S
                                    Annual
 STATION =   723910     Pt. Mugu Naval Air Station, CA
      Z VAPOR P   SD VP SKEW VP      TV      TV SKEW TV DEWPT T  SD DPT SKW DPT NOBS TP NOBS TV   
           MEAN                    MEAN      SD            MEAN                                   
     KM      MB      MB          KELVIN  KELVIN          KELVIN  KELVIN                           
  0.000  16.000   6.000    0.00  291.00    6.00    0.00  290.00    7.00    0.00       0       0
  0.004  13.150   4.124   -0.40  290.70    4.70   -0.32  283.34    5.82   -1.57    9054    9054
  0.500   9.536   4.327    0.01  289.98    5.44    0.44  277.85    7.90   -0.93    9017    9017
  1.000   6.273   3.493    0.61  289.70    6.95    0.09  271.69    8.39   -0.63    8919    8919
  1.500   4.469   2.898    1.22  288.00    7.32   -0.11  266.77    8.94   -0.50    8861    8861
  2.000   3.398   2.477    1.32  285.35    7.14   -0.21  262.86    9.50   -0.41    8791    8791
  2.500   2.678   2.182    1.55  282.41    6.85   -0.29  259.39   10.12   -0.34    8739    8739
  3.000   2.175   1.913    1.65  279.34    6.56   -0.37  256.35   10.57   -0.24    8751    8751
  3.500   1.728   1.627    1.75  276.20    6.33   -0.43  253.26   10.72   -0.11    8744    8744
  4.000   1.362   1.347    1.89  272.95    6.20   -0.49  250.22   10.85   -0.10    8733    8733
  4.500   1.057   1.096    2.04  269.62    6.13   -0.52  247.13   10.83   -0.04    8730    8730
  5.000   0.806   0.859    2.16  266.21    6.10   -0.53  244.11   10.63    0.01    8703    8703
  5.500   0.611   0.670    2.31  262.74    6.14   -0.52  240.97   10.60    0.00    8692    8692
  6.000   0.454   0.502    2.34  259.20    6.21   -0.48  237.86   10.36    0.03    8702    8702
  6.500   0.331   0.371    2.45  255.57    6.29   -0.45  234.71   10.12    0.02    8644    8644
  7.000   0.238   0.269    2.44  251.87    6.36   -0.40  231.61    9.95   -0.02    8520    8520
  7.500   0.170   0.199    2.38  248.13    6.37   -0.32  228.80    9.83   -0.03    8146    8146
  8.000   0.117   0.141    2.41  244.34    6.36   -0.24  225.94    9.42   -0.04    7743    7743
  8.500   0.078   0.104    2.48  240.52    6.32   -0.16  223.26    9.26   -0.02    6963    6963
  9.000   0.049   0.073    2.62  236.73    6.24   -0.07  220.58    8.97    0.02    5901    5901
  9.500   0.029   0.049    2.85  233.03    6.12    0.00  217.37    8.83    0.08    5073    5073
 10.000   0.013   0.028    3.68  229.43    5.97    0.06  214.11    8.16    0.15    3539    3539
 10.500 999.900 999.900  999.90  226.07    5.78    0.09  210.79    7.36    0.03    2715    2715
 11.000 999.900 999.900  999.90  223.08    5.60    0.05  207.90    7.14   -0.10    2134    2134
 11.500 999.900 999.900  999.90  220.52    5.38   -0.06  204.92    6.99   -0.11    1950    1950
 12.000 999.900 999.900  999.90  218.45    5.14   -0.21  202.01    7.10   -0.01    1818    1818
 12.500 999.900 999.900  999.90  216.86    4.82   -0.35  198.58    7.40    0.35    1475    1475
 13.000 999.900 999.900  999.90  215.58    4.40   -0.37  195.57    7.40    0.68    1369    1369
 13.500 999.900 999.900  999.90  214.43    4.01   -0.19  193.25    7.96    0.92    1087    1087
 14.000 999.900 999.900  999.90  213.24    3.84    0.09  191.02    7.99    1.21     773     773
 14.500 999.900 999.900  999.90  211.94    3.92    0.14  190.61    8.05    1.13     469     469
 15.000 999.900 999.900  999.90  210.70    4.11    0.08  190.25    7.87    1.13     298     298
 15.500 999.900 999.900  999.90  209.63    4.27    0.03  190.29    7.95    1.13     206     206
 16.000 999.900 999.900  999.90  208.89    4.26    0.06  190.55    8.43    1.00     164     164
 16.500 999.900 999.900  999.90  207.07    3.76    0.25  190.89    9.01    0.93      52      52
 17.000 999.900 999.900  999.90  207.00    3.76    0.17  189.46    8.70    1.28      43      43
 17.500 999.900 999.900  999.90  207.24    3.52    0.15  189.18    8.47    1.37      44      44
 18.000 999.900 999.900  999.90  207.78    3.20    0.11  189.96    8.88    0.96      33      33
 18.500 999.900 999.900  999.90  208.42    2.94    0.00  189.88    8.80    0.93      41      41
 19.000 999.900 999.900  999.90  209.17    2.80   -0.22  189.05    8.33    1.20      38      38
 19.500 999.900 999.900  999.90  210.09    2.68   -0.45  188.13    7.54    1.53      45      45
 20.000 999.900 999.900  999.90  210.91    2.65   -0.71  189.97    9.16    1.08      65      65
 20.500 999.900 999.900  999.90  211.80    2.61   -0.74  191.14    9.46    0.72     100     100
 21.000 999.900 999.900  999.90  212.69    2.60   -0.77  191.93    9.46    0.57     212     212
 21.500 999.900 999.900  999.90  213.52    2.68   -0.80  192.64    9.85    0.54     264     264
 22.000 999.900 999.900  999.90  214.38    2.72   -0.80  193.82   10.17    0.42     278     278
 22.500 999.900 999.900  999.90  215.27    2.79   -0.85  194.46   10.24    0.37     322     322
 23.000 999.900 999.900  999.90  216.12    2.92   -0.89  195.71   10.31    0.21     332     332
 23.500 999.900 999.900  999.90  217.02    3.01   -0.86  196.60   10.48    0.14     348     348
 24.000 999.900 999.900  999.90  217.92    3.07   -0.74  197.03   10.41    0.05     385     385
 24.500 999.900 999.900  999.90  218.77    3.14   -0.71  197.57   10.48    0.06     386     386
 25.000 999.900 999.900  999.90  219.60    3.20   -0.70  198.07   10.44    0.06     383     383
 25.500 999.900 999.900  999.90  220.43    3.29   -0.61  198.57   10.57    0.07     377     377
 26.000 999.900 999.900  999.90  221.30    3.42   -0.57  199.19   10.79    0.09     384     384
 26.500 999.900 999.900  999.90  222.25    3.51   -0.54  199.52   10.80    0.09     384     384
 27.000 999.900 999.900  999.90  223.09    3.62   -0.56  200.18   10.82    0.03     379     379
 27.500 999.900 999.900  999.90  224.03    3.81   -0.59  201.09   11.01    0.01     376     376
 28.000 999.900 999.900  999.90  224.91    3.80   -0.55  201.62   10.98   -0.01     368     368
 28.500 999.900 999.900  999.90  225.76    3.77   -0.54  202.27   11.00   -0.02     365     365
 29.000 999.900 999.900  999.90  226.74    3.77   -0.50  203.10   11.24    0.01     364     364
 29.500 999.900 999.900  999.90  227.63    3.75   -0.49  203.92   11.41    0.04     357     357
 30.000 999.900 999.900  999.90  228.63    3.76   -0.49  204.80   11.44    0.03     336     336
