       72402     37.85N  75.48W
  T A B L E  III -   1.  M O I S T U R E  R E L A T E D  S T A T I S T I C A L  P A R A M E T E R S
                                   January
 STATION =   724020     WALLOP ISLAND, VA
      Z VAPOR P   SD VP SKEW VP      TV      TV SKEW TV DEWPT T  SD DPT SKW DPT NOBS TP NOBS TV   
           MEAN                    MEAN      SD            MEAN                                   
     KM      MB      MB          KELVIN  KELVIN          KELVIN  KELVIN                           
  0.000  16.000   6.000    0.00  291.00    6.00    0.00  290.00    7.00    0.00       0       0
  0.004   5.985   3.370    0.82  276.38    6.16   -0.08  270.87    8.07   -0.19    1568    1568
  0.500   5.241   3.722    1.15  275.81    7.83    0.05  268.12    9.70   -0.07    1564    1564
  1.000   4.426   3.460    0.97  274.22    7.97   -0.12  264.51   12.39   -0.71    1564    1564
  1.500   3.696   3.045    0.88  272.83    7.71   -0.29  261.32   13.66   -0.74    1563    1563
  2.000   2.998   2.551    0.94  271.27    7.31   -0.41  258.26   14.07   -0.75    1564    1564
  2.500   2.379   2.087    0.99  269.51    6.87   -0.52  255.23   13.99   -0.70    1564    1564
  3.000   1.906   1.741    1.10  267.51    6.62   -0.61  252.23   14.19   -0.71    1566    1566
  3.500   1.511   1.399    1.27  265.08    6.37   -0.62  249.65   13.76   -0.76    1568    1568
  4.000   1.185   1.139    1.31  262.41    6.22   -0.67  246.64   13.64   -0.64    1568    1568
  4.500   0.919   0.898    1.31  259.52    6.10   -0.65  243.61   13.64   -0.62    1567    1567
  5.000   0.712   0.708    1.32  256.47    6.01   -0.64  240.54   13.95   -0.69    1565    1565
  5.500   0.544   0.543    1.37  253.32    5.93   -0.62  237.91   13.28   -0.61    1566    1566
  6.000   0.412   0.420    1.41  250.06    5.87   -0.56  234.99   13.10   -0.60    1562    1562
  6.500   0.308   0.311    1.40  246.70    5.75   -0.47  232.23   12.78   -0.63    1557    1557
  7.000   0.227   0.231    1.41  243.28    5.55   -0.34  229.50   12.39   -0.60    1539    1539
  7.500   0.157   0.165    1.49  239.88    5.30   -0.17  226.35   12.16   -0.63    1489    1489
  8.000   0.105   0.114    1.51  236.43    5.01   -0.06  223.20   11.77   -0.65    1425    1425
  8.500   0.067   0.077    1.48  233.00    4.73   -0.00  219.80   11.47   -0.63    1332    1332
  9.000   0.039   0.049    1.66  229.69    4.45    0.02  215.88   10.87   -0.50    1229    1229
  9.500   0.023   0.031    1.94  226.64    4.12    0.06  212.26   10.26   -0.42    1174    1174
 10.000   0.014   0.019    1.93  223.79    4.05    0.17  208.92    9.39   -0.37    1160    1160
 10.500 999.900 999.900  999.90  221.33    4.28    0.47  205.85    8.81   -0.38    1111    1111
 11.000 999.900 999.900  999.90  219.52    4.73    0.59  203.10    8.20   -0.30    1020    1020
 11.500 999.900 999.900  999.90  218.21    5.42    0.44  200.29    7.74   -0.00     900     900
 12.000 999.900 999.900  999.90  217.35    5.91    0.16  197.59    7.33    0.50     816     816
 12.500 999.900 999.900  999.90  217.07    5.71   -0.10  195.67    6.86    0.67     829     829
 13.000 999.900 999.900  999.90  216.71    5.32   -0.35  194.36    6.43    0.87     846     846
 13.500 999.900 999.900  999.90  216.22    4.84   -0.49  193.37    6.09    1.00     862     862
 14.000 999.900 999.900  999.90  215.50    4.33   -0.43  192.19    5.57    1.23     776     776
 14.500 999.900 999.900  999.90  214.53    4.07   -0.25  191.45    5.30    1.47     678     678
 15.000 999.900 999.900  999.90  213.52    3.92   -0.05  190.88    4.93    1.66     578     578
 15.500 999.900 999.900  999.90  212.48    3.91    0.05  190.50    4.66    1.78     470     470
 16.000 999.900 999.900  999.90  211.49    3.93    0.00  189.93    4.00    1.72     383     383
 16.500 999.900 999.900  999.90  210.76    3.94   -0.04  189.42    3.55    1.75     309     309
 17.000 999.900 999.900  999.90  210.28    3.96   -0.08  189.25    3.43    1.99     249     249
 17.500 999.900 999.900  999.90  209.96    3.93   -0.10  189.34    3.66    2.06     222     222
 18.000 999.900 999.900  999.90  209.85    3.90   -0.05  189.12    3.53    2.20     226     226
 18.500 999.900 999.900  999.90  209.92    3.87   -0.10  188.98    3.29    2.17     222     222
 19.000 999.900 999.900  999.90  210.11    3.77   -0.13  188.97    3.03    2.00     227     227
 19.500 999.900 999.900  999.90  210.30    3.62   -0.14  188.63    2.72    2.23     239     239
 20.000 999.900 999.900  999.90  210.64    3.57   -0.14  188.82    3.25    2.42     263     263
 20.500 999.900 999.900  999.90  210.94    3.51   -0.04  188.94    3.22    2.32     284     284
 21.000 999.900 999.900  999.90  211.42    3.49   -0.05  188.88    3.06    2.32     327     327
 21.500 999.900 999.900  999.90  211.88    3.54   -0.05  188.80    2.99    2.30     374     374
 22.000 999.900 999.900  999.90  212.35    3.55    0.02  188.80    2.99    2.29     413     413
 22.500 999.900 999.900  999.90  212.72    3.53    0.09  188.91    3.15    2.19     447     447
 23.000 999.900 999.900  999.90  213.12    3.63    0.19  188.95    3.28    2.38     474     474
 23.500 999.900 999.900  999.90  213.53    3.72    0.23  189.09    3.48    2.31     524     524
 24.000 999.900 999.900  999.90  214.01    3.71    0.27  189.21    3.62    2.24     574     574
 24.500 999.900 999.900  999.90  214.43    3.70    0.35  189.23    3.66    2.23     603     603
 25.000 999.900 999.900  999.90  214.92    3.79    0.43  189.35    3.85    2.18     643     643
 25.500 999.900 999.900  999.90  215.44    4.00    0.64  189.58    4.03    2.07     683     683
 26.000 999.900 999.900  999.90  215.91    4.19    0.86  189.86    4.37    2.03     713     713
 26.500 999.900 999.900  999.90  216.54    4.43    0.98  190.07    4.49    1.96     777     777
 27.000 999.900 999.900  999.90  217.16    4.57    1.00  190.26    4.62    1.89     800     800
 27.500 999.900 999.900  999.90  217.85    4.70    1.05  190.31    4.69    1.88     829     829
 28.000 999.900 999.900  999.90  218.51    4.90    0.99  190.49    4.82    1.86     835     835
 28.500 999.900 999.900  999.90  219.28    5.09    0.88  190.72    5.04    1.84     826     826
 29.000 999.900 999.900  999.90  219.99    5.39    0.88  190.79    5.05    1.93     778     778
 29.500 999.900 999.900  999.90  220.70    5.65    0.81  190.86    5.11    1.97     724     724
 30.000 999.900 999.900  999.90  221.42    5.82    0.73  190.87    5.09    1.98     654     654
  T A B L E  III -   2.  M O I S T U R E  R E L A T E D  S T A T I S T I C A L  P A R A M E T E R S
                                  February
 STATION =   724020     WALLOP ISLAND, VA
      Z VAPOR P   SD VP SKEW VP      TV      TV SKEW TV DEWPT T  SD DPT SKW DPT NOBS TP NOBS TV   
           MEAN                    MEAN      SD            MEAN                                   
     KM      MB      MB          KELVIN  KELVIN          KELVIN  KELVIN                           
  0.000  16.000   6.000    0.00  291.00    6.00    0.00  290.00    7.00    0.00       0       0
  0.004   6.048   3.147    0.94  277.27    5.60    0.09  271.35    7.36   -0.22    1485    1485
  0.500   5.106   3.611    1.44  276.52    7.17    0.17  268.03    9.06    0.08    1484    1484
  1.000   4.251   3.277    1.21  274.59    7.37   -0.04  264.62   11.08   -0.45    1479    1479
  1.500   3.500   2.941    1.06  273.03    7.11   -0.27  260.92   12.98   -0.61    1477    1477
  2.000   2.819   2.466    1.06  271.37    6.78   -0.44  257.66   13.67   -0.69    1476    1476
  2.500   2.303   2.072    1.07  269.43    6.51   -0.56  254.81   13.98   -0.70    1477    1477
  3.000   1.895   1.733    1.06  267.33    6.28   -0.67  252.22   14.05   -0.65    1480    1480
  3.500   1.489   1.398    1.15  264.85    6.06   -0.68  249.28   13.96   -0.67    1479    1479
  4.000   1.173   1.115    1.19  262.12    5.92   -0.72  246.54   13.78   -0.70    1479    1479
  4.500   0.898   0.876    1.26  259.17    5.81   -0.77  243.45   13.65   -0.66    1476    1476
  5.000   0.683   0.673    1.26  256.11    5.72   -0.79  240.38   13.60   -0.67    1472    1472
  5.500   0.537   0.537    1.30  252.94    5.65   -0.74  237.88   13.43   -0.69    1463    1463
  6.000   0.410   0.415    1.33  249.65    5.61   -0.64  235.25   13.02   -0.65    1458    1458
  6.500   0.302   0.299    1.32  246.21    5.52   -0.54  232.60   12.37   -0.70    1450    1450
  7.000   0.217   0.217    1.31  242.78    5.35   -0.40  229.52   12.18   -0.74    1428    1428
  7.500   0.151   0.154    1.32  239.35    5.10   -0.23  226.49   11.83   -0.74    1391    1391
  8.000   0.100   0.106    1.33  235.88    4.79   -0.09  223.17   11.52   -0.73    1329    1329
  8.500   0.064   0.072    1.38  232.46    4.43    0.02  219.82   11.08   -0.64    1243    1243
  9.000   0.039   0.047    1.50  229.18    4.09    0.06  216.05   10.64   -0.55    1190    1190
  9.500   0.024   0.031    2.64  226.16    3.84    0.18  212.62   10.00   -0.51    1156    1156
 10.000   0.015   0.021    5.19  223.28    3.92    0.36  209.50    9.21   -0.47    1150    1150
 10.500 999.900 999.900  999.90  220.84    4.30    0.63  206.23    8.49   -0.37    1115    1115
 11.000 999.900 999.900  999.90  219.20    4.93    0.65  203.45    7.99   -0.27    1020    1020
 11.500 999.900 999.900  999.90  218.24    5.64    0.39  200.81    7.85    0.05     866     866
 12.000 999.900 999.900  999.90  217.85    5.95    0.05  198.29    7.58    0.44     833     833
 12.500 999.900 999.900  999.90  217.89    5.55   -0.27  196.76    7.26    0.65     888     888
 13.000 999.900 999.900  999.90  217.72    4.91   -0.43  195.38    6.97    0.84     939     939
 13.500 999.900 999.900  999.90  217.31    4.29   -0.36  194.28    6.70    1.00     963     963
 14.000 999.900 999.900  999.90  216.47    3.94   -0.19  193.48    6.47    1.14     870     870
 14.500 999.900 999.900  999.90  215.42    3.74    0.01  192.55    6.18    1.34     774     774
 15.000 999.900 999.900  999.90  214.26    3.68    0.10  192.02    5.78    1.41     624     624
 15.500 999.900 999.900  999.90  213.14    3.76    0.10  191.59    5.53    1.44     491     491
 16.000 999.900 999.900  999.90  212.14    3.86    0.05  191.23    5.40    1.46     397     397
 16.500 999.900 999.900  999.90  211.36    3.95    0.03  191.15    5.24    1.52     302     302
 17.000 999.900 999.900  999.90  210.82    3.96    0.00  190.89    4.93    1.52     264     264
 17.500 999.900 999.900  999.90  210.46    3.92   -0.02  190.60    4.75    1.66     218     218
 18.000 999.900 999.900  999.90  210.25    3.91   -0.03  190.44    4.57    1.57     211     211
 18.500 999.900 999.900  999.90  210.24    3.88    0.04  190.05    4.39    2.11     215     215
 19.000 999.900 999.900  999.90  210.46    3.73    0.07  190.21    4.38    2.06     207     207
 19.500 999.900 999.900  999.90  210.66    3.64    0.09  190.40    4.70    2.02     217     217
 20.000 999.900 999.900  999.90  210.99    3.65    0.13  190.06    4.22    2.04     248     248
 20.500 999.900 999.900  999.90  211.31    3.58    0.16  190.04    4.34    2.17     274     274
 21.000 999.900 999.900  999.90  211.73    3.57    0.11  190.14    4.63    2.20     302     302
 21.500 999.900 999.900  999.90  212.16    3.53    0.09  190.60    5.12    1.79     334     334
 22.000 999.900 999.900  999.90  212.54    3.42    0.06  190.57    5.04    1.89     375     375
 22.500 999.900 999.900  999.90  212.97    3.37    0.05  190.55    5.00    1.92     423     423
 23.000 999.900 999.900  999.90  213.41    3.29    0.15  190.65    5.07    1.81     475     475
 23.500 999.900 999.900  999.90  213.87    3.18    0.11  190.50    5.03    1.82     532     532
 24.000 999.900 999.900  999.90  214.27    3.16    0.10  190.67    5.11    1.73     611     611
 24.500 999.900 999.900  999.90  214.68    3.11    0.09  190.86    5.34    1.78     645     645
 25.000 999.900 999.900  999.90  215.23    3.07    0.14  190.90    5.39    1.80     706     706
 25.500 999.900 999.900  999.90  215.71    3.13    0.25  190.90    5.41    1.87     762     762
 26.000 999.900 999.900  999.90  216.27    3.19    0.39  191.02    5.49    1.87     815     815
 26.500 999.900 999.900  999.90  216.66    3.20    0.39  191.10    5.49    1.94     867     867
 27.000 999.900 999.900  999.90  217.18    3.34    0.44  191.27    5.62    1.91     877     877
 27.500 999.900 999.900  999.90  217.87    3.52    0.50  191.42    5.69    1.91     886     886
 28.000 999.900 999.900  999.90  218.61    3.72    0.62  191.58    5.76    1.87     875     875
 28.500 999.900 999.900  999.90  219.42    4.03    0.66  191.87    6.04    1.95     842     842
 29.000 999.900 999.900  999.90  220.24    4.23    0.71  191.96    6.00    1.87     807     807
 29.500 999.900 999.900  999.90  221.24    4.60    0.65  191.95    5.89    1.89     728     728
 30.000 999.900 999.900  999.90  222.24    4.72    0.71  192.08    5.83    1.77     655     655
  T A B L E  III -   3.  M O I S T U R E  R E L A T E D  S T A T I S T I C A L  P A R A M E T E R S
                                     March
 STATION =   724020     WALLOP ISLAND, VA
      Z VAPOR P   SD VP SKEW VP      TV      TV SKEW TV DEWPT T  SD DPT SKW DPT NOBS TP NOBS TV   
           MEAN                    MEAN      SD            MEAN                                   
     KM      MB      MB          KELVIN  KELVIN          KELVIN  KELVIN                           
  0.000  16.000   6.000    0.00  291.00    6.00    0.00  290.00    7.00    0.00       0       0
  0.004   7.460   3.597    0.65  280.58    5.52    0.03  274.41    7.12   -0.25    1648    1648
  0.500   6.308   3.957    0.96  279.78    7.16    0.19  271.28    8.66   -0.01    1643    1643
  1.000   5.323   3.546    0.81  277.56    7.24   -0.03  268.21   10.37   -0.74    1646    1646
  1.500   4.461   3.154    0.69  275.53    7.02   -0.23  265.04   11.95   -0.92    1645    1645
  2.000   3.590   2.694    0.63  273.47    6.60   -0.40  261.45   13.13   -0.93    1644    1644
  2.500   2.834   2.237    0.70  271.20    6.22   -0.49  258.03   13.50   -0.87    1644    1644
  3.000   2.220   1.845    0.79  268.83    5.92   -0.58  254.84   13.32   -0.70    1642    1642
  3.500   1.721   1.487    0.91  266.23    5.75   -0.65  251.65   13.21   -0.69    1643    1643
  4.000   1.320   1.175    1.01  263.42    5.63   -0.71  248.45   13.01   -0.64    1645    1645
  4.500   0.994   0.905    1.08  260.40    5.58   -0.71  245.11   12.97   -0.65    1643    1643
  5.000   0.753   0.710    1.20  257.26    5.52   -0.71  242.00   12.71   -0.58    1641    1641
  5.500   0.569   0.548    1.26  254.00    5.48   -0.64  238.96   12.58   -0.60    1637    1637
  6.000   0.421   0.416    1.38  250.62    5.45   -0.53  235.89   12.31   -0.59    1629    1629
  6.500   0.310   0.313    1.33  247.14    5.42   -0.42  232.76   12.31   -0.62    1617    1617
  7.000   0.223   0.230    1.41  243.60    5.31   -0.25  229.64   12.01   -0.57    1597    1597
  7.500   0.154   0.162    1.44  240.05    5.06   -0.21  226.64   11.49   -0.58    1549    1549
  8.000   0.102   0.110    1.47  236.48    4.82   -0.09  223.21   11.34   -0.63    1488    1488
  8.500   0.065   0.075    1.56  232.93    4.53   -0.02  219.97   10.90   -0.61    1390    1390
  9.000   0.040   0.049    1.67  229.53    4.23    0.07  216.48   10.27   -0.54    1317    1317
  9.500   0.024   0.030    1.78  226.42    3.96    0.20  212.80    9.75   -0.54    1284    1284
 10.000   0.015   0.018    1.77  223.45    3.95    0.37  209.46    8.98   -0.51    1272    1272
 10.500 999.900 999.900  999.90  220.88    4.22    0.63  206.24    8.39   -0.48    1240    1240
 11.000 999.900 999.900  999.90  218.98    4.73    0.77  203.75    7.88   -0.44    1110    1110
 11.500 999.900 999.900  999.90  217.61    5.53    0.55  201.32    7.76   -0.19     900     900
 12.000 999.900 999.900  999.90  216.87    6.08    0.23  198.88    7.76    0.16     795     795
 12.500 999.900 999.900  999.90  216.82    5.96   -0.10  197.35    7.63    0.38     846     846
 13.000 999.900 999.900  999.90  216.94    5.36   -0.36  196.42    7.43    0.47     935     935
 13.500 999.900 999.900  999.90  216.85    4.59   -0.43  195.24    7.13    0.62     982     982
 14.000 999.900 999.900  999.90  216.42    3.99   -0.44  194.21    6.92    0.80     959     959
 14.500 999.900 999.900  999.90  215.63    3.65   -0.29  193.41    6.66    0.91     884     884
 15.000 999.900 999.900  999.90  214.80    3.44   -0.19  192.96    6.51    0.95     797     797
 15.500 999.900 999.900  999.90  213.92    3.46   -0.19  192.57    6.40    1.08     668     668
 16.000 999.900 999.900  999.90  213.10    3.50   -0.15  192.27    6.26    1.14     566     566
 16.500 999.900 999.900  999.90  212.43    3.53   -0.15  191.92    6.09    1.20     451     451
 17.000 999.900 999.900  999.90  212.00    3.50   -0.12  191.54    5.88    1.31     393     393
 17.500 999.900 999.900  999.90  211.65    3.47   -0.16  191.63    6.07    1.34     363     363
 18.000 999.900 999.900  999.90  211.42    3.44   -0.21  191.47    6.06    1.37     329     329
 18.500 999.900 999.900  999.90  211.34    3.30   -0.17  191.64    6.10    1.27     305     305
 19.000 999.900 999.900  999.90  211.48    3.22   -0.13  191.23    5.95    1.57     300     300
 19.500 999.900 999.900  999.90  211.79    3.14   -0.15  191.35    5.99    1.51     352     352
 20.000 999.900 999.900  999.90  212.21    3.03   -0.16  191.11    5.88    1.55     400     400
 20.500 999.900 999.900  999.90  212.55    2.94   -0.17  191.12    5.90    1.60     450     450
 21.000 999.900 999.900  999.90  212.91    2.99   -0.20  191.31    5.80    1.44     513     513
 21.500 999.900 999.900  999.90  213.30    2.95   -0.28  191.26    5.86    1.50     576     576
 22.000 999.900 999.900  999.90  213.77    2.89   -0.30  191.28    5.82    1.46     652     652
 22.500 999.900 999.900  999.90  214.19    2.86   -0.14  191.20    5.71    1.49     702     702
 23.000 999.900 999.900  999.90  214.68    2.88   -0.07  190.95    5.48    1.56     762     762
 23.500 999.900 999.900  999.90  215.12    2.95    0.02  191.13    5.63    1.54     823     823
 24.000 999.900 999.900  999.90  215.51    3.00    0.11  191.29    5.80    1.50     904     904
 24.500 999.900 999.900  999.90  215.99    2.98    0.16  191.32    5.89    1.53     959     959
 25.000 999.900 999.900  999.90  216.56    3.02    0.27  191.38    5.95    1.55    1007    1007
 25.500 999.900 999.900  999.90  217.13    3.06    0.28  191.58    6.17    1.60    1026    1026
 26.000 999.900 999.900  999.90  217.69    3.17    0.26  191.70    6.27    1.62    1046    1046
 26.500 999.900 999.900  999.90  218.29    3.29    0.29  191.94    6.39    1.62    1088    1088
 27.000 999.900 999.900  999.90  218.90    3.37    0.33  192.10    6.44    1.56    1085    1085
 27.500 999.900 999.900  999.90  219.75    3.51    0.41  192.37    6.66    1.57    1063    1063
 28.000 999.900 999.900  999.90  220.58    3.63    0.52  192.65    6.79    1.50    1051    1051
 28.500 999.900 999.900  999.90  221.46    3.81    0.63  192.83    6.85    1.50    1015    1015
 29.000 999.900 999.900  999.90  222.49    4.01    0.83  193.05    7.07    1.58     972     972
 29.500 999.900 999.900  999.90  223.61    4.24    0.91  193.30    7.24    1.60     901     901
 30.000 999.900 999.900  999.90  224.67    4.47    0.95  193.23    7.17    1.77     813     813
  T A B L E  III -   4.  M O I S T U R E  R E L A T E D  S T A T I S T I C A L  P A R A M E T E R S
                                     April
 STATION =   724020     WALLOP ISLAND, VA
      Z VAPOR P   SD VP SKEW VP      TV      TV SKEW TV DEWPT T  SD DPT SKW DPT NOBS TP NOBS TV   
           MEAN                    MEAN      SD            MEAN                                   
     KM      MB      MB          KELVIN  KELVIN          KELVIN  KELVIN                           
  0.000  16.000   6.000    0.00  291.00    6.00    0.00  290.00    7.00    0.00       0       0
  0.004  10.393   4.081    0.33  285.94    5.10    0.13  279.62    6.19   -0.52    1575    1575
  0.500   8.534   4.430    0.54  285.49    6.40    0.05  276.07    7.91   -0.31    1571    1571
  1.000   7.142   3.918    0.47  283.04    6.38   -0.20  273.09    9.10   -0.97    1573    1573
  1.500   5.831   3.445    0.36  280.41    6.19   -0.36  269.47   11.19   -1.50    1572    1572
  2.000   4.554   2.953    0.36  277.79    5.88   -0.52  265.39   12.29   -1.23    1573    1573
  2.500   3.502   2.504    0.45  275.21    5.57   -0.66  261.21   13.24   -1.11    1573    1573
  3.000   2.690   2.075    0.57  272.58    5.24   -0.79  257.38   13.70   -1.00    1570    1570
  3.500   2.040   1.686    0.74  269.79    5.01   -0.88  253.63   13.77   -0.89    1571    1571
  4.000   1.557   1.349    0.89  266.83    4.85   -0.98  250.31   13.47   -0.79    1573    1573
  4.500   1.189   1.060    0.99  263.72    4.78   -1.03  247.14   13.17   -0.71    1573    1573
  5.000   0.905   0.836    1.04  260.55    4.75   -1.06  243.90   13.14   -0.66    1571    1571
  5.500   0.679   0.637    1.11  257.25    4.74   -1.03  240.89   12.70   -0.61    1567    1567
  6.000   0.510   0.490    1.18  253.83    4.76   -0.96  237.91   12.38   -0.55    1560    1560
  6.500   0.370   0.368    1.27  250.30    4.77   -0.87  234.42   12.52   -0.65    1556    1556
  7.000   0.272   0.276    1.42  246.75    4.76   -0.69  231.39   12.23   -0.60    1550    1550
  7.500   0.190   0.196    1.33  243.15    4.64   -0.55  228.22   11.97   -0.60    1510    1510
  8.000   0.129   0.136    1.38  239.45    4.47   -0.40  224.95   11.75   -0.69    1469    1469
  8.500   0.084   0.092    1.42  235.84    4.26   -0.21  221.77   11.32   -0.70    1383    1383
  9.000   0.052   0.060    1.39  232.20    4.02   -0.14  218.26   10.98   -0.70    1298    1298
  9.500   0.031   0.037    1.52  228.73    3.70   -0.01  214.66   10.28   -0.67    1237    1237
 10.000   0.019   0.023    1.59  225.35    3.56    0.08  211.35    9.42   -0.67    1204    1204
 10.500   0.012   0.014    1.58  222.24    3.56    0.41  208.12    8.56   -0.66    1193    1193
 11.000 999.900 999.900  999.90  219.61    3.79    0.85  204.90    7.94   -0.64    1139    1139
 11.500 999.900 999.900  999.90  217.42    4.55    0.94  202.11    7.58   -0.46     962     962
 12.000 999.900 999.900  999.90  215.75    5.40    0.71  199.47    7.47   -0.09     700     700
 12.500 999.900 999.900  999.90  215.08    5.86    0.43  197.35    7.19    0.31     605     605
 13.000 999.900 999.900  999.90  215.09    5.89    0.04  196.33    6.99    0.43     683     683
 13.500 999.900 999.900  999.90  215.13    5.61   -0.29  195.00    6.79    0.65     752     752
 14.000 999.900 999.900  999.90  215.05    4.98   -0.45  194.04    6.49    0.77     779     779
 14.500 999.900 999.900  999.90  214.71    4.34   -0.39  193.17    6.32    0.91     768     768
 15.000 999.900 999.900  999.90  214.18    3.91   -0.25  192.60    6.24    1.12     695     695
 15.500 999.900 999.900  999.90  213.52    3.67   -0.03  191.93    5.89    1.24     612     612
 16.000 999.900 999.900  999.90  212.87    3.55    0.02  191.93    6.03    1.38     523     523
 16.500 999.900 999.900  999.90  212.38    3.45    0.04  191.73    5.64    1.21     436     436
 17.000 999.900 999.900  999.90  212.03    3.33    0.06  191.53    5.58    1.32     384     384
 17.500 999.900 999.900  999.90  211.77    3.26    0.04  191.43    5.50    1.42     333     333
 18.000 999.900 999.900  999.90  211.61    3.16    0.11  191.42    5.49    1.34     308     308
 18.500 999.900 999.900  999.90  211.65    3.11    0.12  191.30    5.25    1.32     313     313
 19.000 999.900 999.900  999.90  211.90    3.01    0.08  191.23    5.36    1.26     343     343
 19.500 999.900 999.900  999.90  212.29    2.88    0.07  190.83    5.20    1.43     384     384
 20.000 999.900 999.900  999.90  212.76    2.76    0.09  191.23    5.46    1.31     457     457
 20.500 999.900 999.900  999.90  213.31    2.70    0.03  191.05    5.36    1.40     557     557
 21.000 999.900 999.900  999.90  213.90    2.63   -0.03  191.08    5.33    1.42     678     678
 21.500 999.900 999.900  999.90  214.57    2.57   -0.18  191.07    5.38    1.43     793     793
 22.000 999.900 999.900  999.90  215.17    2.47   -0.14  191.08    5.38    1.50     876     876
 22.500 999.900 999.900  999.90  215.77    2.46    0.01  191.23    5.62    1.55     942     942
 23.000 999.900 999.900  999.90  216.36    2.44    0.05  191.29    5.76    1.56    1000    1000
 23.500 999.900 999.900  999.90  216.95    2.43    0.12  191.29    5.75    1.58    1037    1037
 24.000 999.900 999.900  999.90  217.63    2.46    0.19  191.35    5.72    1.63    1073    1073
 24.500 999.900 999.900  999.90  218.29    2.46    0.09  191.53    5.80    1.62    1081    1081
 25.000 999.900 999.900  999.90  218.99    2.57    0.13  191.65    5.83    1.62    1081    1081
 25.500 999.900 999.900  999.90  219.71    2.67    0.19  191.82    5.91    1.63    1084    1084
 26.000 999.900 999.900  999.90  220.38    2.76    0.20  192.03    6.02    1.65    1079    1079
 26.500 999.900 999.900  999.90  221.18    2.83    0.26  192.22    6.07    1.60    1077    1077
 27.000 999.900 999.900  999.90  221.94    3.04    0.46  192.50    6.28    1.65    1055    1055
 27.500 999.900 999.900  999.90  222.81    3.22    0.56  192.75    6.38    1.63    1042    1042
 28.000 999.900 999.900  999.90  223.69    3.32    0.54  193.03    6.49    1.58    1024    1024
 28.500 999.900 999.900  999.90  224.62    3.52    0.53  193.42    6.66    1.52     992     992
 29.000 999.900 999.900  999.90  225.55    3.64    0.52  193.70    6.82    1.60     947     947
 29.500 999.900 999.900  999.90  226.51    3.79    0.48  193.76    6.70    1.58     875     875
 30.000 999.900 999.900  999.90  227.45    3.83    0.54  193.99    6.85    1.60     777     777
  T A B L E  III -   5.  M O I S T U R E  R E L A T E D  S T A T I S T I C A L  P A R A M E T E R S
                                       May
 STATION =   724020     WALLOP ISLAND, VA
      Z VAPOR P   SD VP SKEW VP      TV      TV SKEW TV DEWPT T  SD DPT SKW DPT NOBS TP NOBS TV   
           MEAN                    MEAN      SD            MEAN                                   
     KM      MB      MB          KELVIN  KELVIN          KELVIN  KELVIN                           
  0.000  16.000   6.000    0.00  291.00    6.00    0.00  290.00    7.00    0.00       0       0
  0.004  15.059   4.705    0.15  291.62    4.68    0.15  285.55    5.06   -0.44    1678    1678
  0.500  12.349   4.945    0.14  290.55    5.23   -0.15  282.07    6.68   -0.72    1675    1675
  1.000  10.343   4.296    0.02  287.85    5.00   -0.28  279.22    7.26   -0.98    1679    1679
  1.500   8.483   3.780   -0.09  284.89    4.75   -0.41  275.93    8.54   -1.49    1679    1679
  2.000   6.559   3.312   -0.11  281.95    4.54   -0.54  271.60   10.18   -1.50    1679    1679
  2.500   4.994   2.862   -0.00  279.17    4.34   -0.66  267.12   11.59   -1.40    1677    1677
  3.000   3.785   2.416    0.14  276.41    4.12   -0.74  262.95   12.14   -1.13    1673    1673
  3.500   2.896   2.011    0.34  273.62    3.92   -0.81  259.22   12.26   -0.98    1671    1671
  4.000   2.242   1.650    0.52  270.72    3.79   -0.90  255.82   12.29   -0.88    1672    1672
  4.500   1.694   1.320    0.72  267.75    3.76   -0.97  252.24   12.26   -0.84    1673    1673
  5.000   1.265   1.066    1.03  264.70    3.82   -0.96  248.49   12.36   -0.69    1672    1672
  5.500   0.943   0.821    1.03  261.53    3.86   -1.02  244.98   12.43   -0.75    1671    1671
  6.000   0.692   0.630    1.16  258.28    3.98   -0.95  241.43   12.39   -0.73    1669    1669
  6.500   0.511   0.475    1.23  254.88    4.09   -0.83  238.31   11.91   -0.65    1668    1668
  7.000   0.379   0.359    1.27  251.38    4.16   -0.74  235.22   11.68   -0.62    1667    1667
  7.500   0.283   0.267    1.23  247.83    4.23   -0.65  232.44   11.41   -0.61    1652    1652
  8.000   0.197   0.190    1.39  244.09    4.25   -0.51  229.21   10.94   -0.61    1634    1634
  8.500   0.134   0.130    1.47  240.33    4.20   -0.40  225.93   10.49   -0.69    1606    1606
  9.000   0.089   0.087    1.43  236.53    4.09   -0.31  222.91    9.96   -0.77    1540    1540
  9.500   0.057   0.058    1.53  232.73    3.91   -0.20  219.73    9.40   -0.77    1456    1456
 10.000   0.034   0.038    1.69  228.98    3.68   -0.12  216.18    8.90   -0.78    1351    1351
 10.500   0.021   0.023    1.71  225.32    3.42   -0.00  212.58    8.34   -0.80    1329    1329
 11.000   0.013   0.014    1.87  221.99    3.15    0.23  209.11    7.86   -0.74    1277    1277
 11.500 999.900 999.900  999.90  218.94    3.20    0.52  206.01    7.22   -0.74    1231    1231
 12.000 999.900 999.900  999.90  216.24    3.60    0.77  203.20    7.03   -0.62    1019    1019
 12.500 999.900 999.900  999.90  214.38    4.14    0.75  200.33    7.10   -0.21     627     627
 13.000 999.900 999.900  999.90  213.21    4.75    0.49  197.78    7.12    0.24     530     530
 13.500 999.900 999.900  999.90  212.48    5.17    0.15  196.11    7.05    0.47     558     558
 14.000 999.900 999.900  999.90  212.17    5.26   -0.11  194.95    6.85    0.62     571     571
 14.500 999.900 999.900  999.90  212.24    4.69   -0.35  194.18    6.63    0.70     550     550
 15.000 999.900 999.900  999.90  212.12    4.08   -0.39  193.14    6.27    0.96     506     506
 15.500 999.900 999.900  999.90  211.87    3.61   -0.19  192.34    6.04    1.16     454     454
 16.000 999.900 999.900  999.90  211.52    3.43   -0.06  192.04    5.94    1.30     401     401
 16.500 999.900 999.900  999.90  211.20    3.31   -0.11  191.70    5.81    1.38     339     339
 17.000 999.900 999.900  999.90  211.17    3.22   -0.10  191.77    5.93    1.46     304     304
 17.500 999.900 999.900  999.90  211.22    3.09   -0.13  191.03    5.53    1.71     314     314
 18.000 999.900 999.900  999.90  211.39    3.02   -0.15  191.07    5.43    1.64     314     314
 18.500 999.900 999.900  999.90  211.67    2.91   -0.14  190.96    5.45    1.67     358     358
 19.000 999.900 999.900  999.90  212.21    2.72   -0.16  191.03    5.56    1.60     424     424
 19.500 999.900 999.900  999.90  212.89    2.58   -0.15  191.24    5.75    1.47     511     511
 20.000 999.900 999.900  999.90  213.68    2.39   -0.15  191.23    5.80    1.47     663     663
 20.500 999.900 999.900  999.90  214.46    2.26   -0.14  191.28    5.80    1.50     846     846
 21.000 999.900 999.900  999.90  215.25    2.17   -0.21  191.28    5.71    1.58    1023    1023
 21.500 999.900 999.900  999.90  216.10    2.06   -0.17  191.23    5.65    1.68    1143    1143
 22.000 999.900 999.900  999.90  216.86    1.97   -0.06  191.31    5.72    1.69    1193    1193
 22.500 999.900 999.900  999.90  217.56    1.95   -0.11  191.49    5.84    1.72    1208    1208
 23.000 999.900 999.900  999.90  218.26    2.01   -0.10  191.57    5.87    1.77    1227    1227
 23.500 999.900 999.900  999.90  218.99    2.06   -0.16  191.79    6.01    1.78    1233    1233
 24.000 999.900 999.900  999.90  219.73    2.15   -0.16  191.98    5.99    1.73    1241    1241
 24.500 999.900 999.900  999.90  220.49    2.14   -0.25  192.19    6.13    1.81    1243    1243
 25.000 999.900 999.900  999.90  221.25    2.16   -0.22  192.41    6.20    1.74    1232    1232
 25.500 999.900 999.900  999.90  222.02    2.19   -0.16  192.65    6.30    1.72    1224    1224
 26.000 999.900 999.900  999.90  222.80    2.21   -0.13  192.93    6.39    1.69    1218    1218
 26.500 999.900 999.900  999.90  223.64    2.27   -0.10  193.24    6.50    1.66    1211    1211
 27.000 999.900 999.900  999.90  224.41    2.30   -0.18  193.49    6.62    1.65    1190    1190
 27.500 999.900 999.900  999.90  225.30    2.37   -0.14  193.83    6.75    1.63    1171    1171
 28.000 999.900 999.900  999.90  226.16    2.42   -0.14  194.16    6.98    1.63    1158    1158
 28.500 999.900 999.900  999.90  227.06    2.44   -0.17  194.40    7.00    1.60    1130    1130
 29.000 999.900 999.900  999.90  228.06    2.38   -0.22  194.69    7.15    1.64    1079    1079
 29.500 999.900 999.900  999.90  229.05    2.39   -0.30  194.94    7.35    1.77    1036    1036
 30.000 999.900 999.900  999.90  230.10    2.40   -0.35  195.20    7.47    1.75     946     946
  T A B L E  III -   6.  M O I S T U R E  R E L A T E D  S T A T I S T I C A L  P A R A M E T E R S
                                      June
 STATION =   724020     WALLOP ISLAND, VA
      Z VAPOR P   SD VP SKEW VP      TV      TV SKEW TV DEWPT T  SD DPT SKW DPT NOBS TP NOBS TV   
           MEAN                    MEAN      SD            MEAN                                   
     KM      MB      MB          KELVIN  KELVIN          KELVIN  KELVIN                           
  0.000  16.000   6.000    0.00  291.00    6.00    0.00  290.00    7.00    0.00       0       0
  0.004  21.041   5.092   -0.36  297.61    4.17   -0.17  291.06    4.10   -0.73    1571    1571
  0.500  16.786   5.001   -0.29  295.57    4.23   -0.31  287.25    5.16   -0.92    1571    1571
  1.000  13.986   4.436   -0.36  292.50    3.93   -0.44  284.32    5.67   -1.27    1571    1571
  1.500  11.374   4.093   -0.49  289.27    3.68   -0.59  280.80    7.22   -1.90    1571    1571
  2.000   8.786   3.788   -0.38  286.22    3.39   -0.67  276.30    9.15   -1.81    1574    1574
  2.500   6.565   3.366   -0.22  283.33    3.18   -0.79  271.36   10.81   -1.52    1574    1574
  3.000   4.988   2.905   -0.05  280.56    2.97   -0.90  266.92   11.85   -1.32    1574    1574
  3.500   3.806   2.436    0.13  277.77    2.85   -0.95  262.75   12.70   -1.25    1574    1574
  4.000   2.926   2.092    0.32  274.87    2.75   -0.92  258.61   13.70   -1.14    1572    1572
  4.500   2.219   1.707    0.55  271.94    2.70   -0.95  255.03   13.42   -0.97    1570    1570
  5.000   1.700   1.395    0.69  269.03    2.77   -0.99  251.46   13.61   -0.90    1570    1570
  5.500   1.271   1.112    0.80  266.03    2.87   -1.03  247.65   13.77   -0.78    1569    1569
  6.000   0.969   0.874    0.89  262.94    3.00   -1.03  244.60   13.45   -0.75    1566    1566
  6.500   0.728   0.672    0.95  259.70    3.15   -1.06  241.45   13.14   -0.69    1565    1565
  7.000   0.541   0.507    1.03  256.36    3.28   -1.00  238.33   12.81   -0.67    1564    1564
  7.500   0.404   0.380    1.01  252.92    3.38   -0.97  235.52   12.34   -0.62    1553    1553
  8.000   0.296   0.271    0.94  249.38    3.51   -0.93  232.64   12.08   -0.75    1545    1545
  8.500   0.212   0.192    0.96  245.75    3.58   -0.87  229.76   11.41   -0.76    1536    1536
  9.000   0.146   0.134    1.04  242.00    3.58   -0.79  226.49   10.93   -0.76    1522    1522
  9.500   0.098   0.088    1.07  238.21    3.54   -0.71  223.40   10.30   -0.88    1490    1490
 10.000   0.061   0.057    1.10  234.40    3.43   -0.67  220.26    9.65   -1.00    1390    1390
 10.500   0.036   0.038    1.21  230.55    3.22   -0.58  216.76    9.32   -1.02    1247    1247
 11.000   0.022   0.024    1.27  226.83    2.96   -0.47  213.23    8.79   -1.00    1214    1214
 11.500   0.014   0.014    1.26  223.24    2.78   -0.20  209.79    8.20   -1.01    1209    1209
 12.000 999.900 999.900  999.90  219.80    2.76    0.09  206.52    7.61   -0.99    1198    1198
 12.500 999.900 999.900  999.90  216.82    2.84    0.69  203.49    7.26   -0.89    1020    1020
 13.000 999.900 999.900  999.90  214.36    3.25    0.80  199.60    7.30   -0.38     633     633
 13.500 999.900 999.900  999.90  212.40    3.80    0.65  195.90    7.01    0.29     383     383
 14.000 999.900 999.900  999.90  210.95    4.19    0.42  193.88    6.56    0.73     327     327
 14.500 999.900 999.900  999.90  210.23    4.20    0.18  192.87    6.56    0.95     262     262
 15.000 999.900 999.900  999.90  209.84    3.95    0.04  192.19    6.14    1.03     220     220
 15.500 999.900 999.900  999.90  209.50    3.63    0.04  190.87    5.51    1.54     170     170
 16.000 999.900 999.900  999.90  209.22    3.35    0.09  190.25    5.35    1.91     128     128
 16.500 999.900 999.900  999.90  209.12    3.14    0.15  190.22    5.17    1.91     101     101
 17.000 999.900 999.900  999.90  209.19    3.04    0.07  189.55    4.26    1.90      80      80
 17.500 999.900 999.900  999.90  209.60    2.94    0.03  189.84    4.75    1.66      96      96
 18.000 999.900 999.900  999.90  210.14    2.79   -0.06  189.85    5.16    2.22     104     104
 18.500 999.900 999.900  999.90  210.84    2.67   -0.21  190.99    5.76    1.28     159     159
 19.000 999.900 999.900  999.90  211.76    2.50   -0.20  190.47    5.36    1.41     270     270
 19.500 999.900 999.900  999.90  212.78    2.24   -0.18  190.51    5.47    1.49     426     426
 20.000 999.900 999.900  999.90  213.82    2.04   -0.17  190.50    5.35    1.53     654     654
 20.500 999.900 999.900  999.90  214.76    1.94   -0.11  190.60    5.38    1.60     858     858
 21.000 999.900 999.900  999.90  215.67    1.84    0.04  190.58    5.21    1.75    1061    1061
 21.500 999.900 999.900  999.90  216.57    1.76    0.11  190.90    5.41    1.70    1131    1131
 22.000 999.900 999.900  999.90  217.42    1.73    0.05  191.04    5.44    1.76    1156    1156
 22.500 999.900 999.900  999.90  218.30    1.68   -0.06  191.25    5.57    1.76    1167    1167
 23.000 999.900 999.900  999.90  219.17    1.68   -0.07  191.47    5.70    1.80    1170    1170
 23.500 999.900 999.900  999.90  219.99    1.74    0.02  191.71    5.81    1.79    1169    1169
 24.000 999.900 999.900  999.90  220.84    1.75    0.05  191.99    6.04    1.85    1164    1164
 24.500 999.900 999.900  999.90  221.77    1.72    0.07  192.24    6.11    1.74    1161    1161
 25.000 999.900 999.900  999.90  222.68    1.73    0.02  192.51    6.18    1.73    1154    1154
 25.500 999.900 999.900  999.90  223.63    1.68    0.06  192.79    6.32    1.76    1145    1145
 26.000 999.900 999.900  999.90  224.57    1.71    0.05  193.10    6.47    1.72    1135    1135
 26.500 999.900 999.900  999.90  225.55    1.69    0.14  193.45    6.64    1.68    1132    1132
 27.000 999.900 999.900  999.90  226.44    1.68    0.13  193.75    6.83    1.66    1114    1114
 27.500 999.900 999.900  999.90  227.29    1.66    0.05  194.07    7.12    1.67    1093    1093
 28.000 999.900 999.900  999.90  228.11    1.69    0.01  194.36    7.26    1.66    1075    1075
 28.500 999.900 999.900  999.90  229.00    1.71   -0.11  194.72    7.51    1.63    1053    1053
 29.000 999.900 999.900  999.90  229.87    1.75   -0.07  194.93    7.66    1.68    1014    1014
 29.500 999.900 999.900  999.90  230.74    1.83   -0.06  195.11    7.84    1.78     969     969
 30.000 999.900 999.900  999.90  231.61    1.88   -0.14  195.26    8.12    1.84     868     868
  T A B L E  III -   7.  M O I S T U R E  R E L A T E D  S T A T I S T I C A L  P A R A M E T E R S
                                      July
 STATION =   724020     WALLOP ISLAND, VA
      Z VAPOR P   SD VP SKEW VP      TV      TV SKEW TV DEWPT T  SD DPT SKW DPT NOBS TP NOBS TV   
           MEAN                    MEAN      SD            MEAN                                   
     KM      MB      MB          KELVIN  KELVIN          KELVIN  KELVIN                           
  0.000  16.000   6.000    0.00  291.00    6.00    0.00  290.00    7.00    0.00       0       0
  0.004  24.864   4.828   -0.71  300.41    3.34   -0.04  293.92    3.29   -0.98    1501    1501
  0.500  19.790   4.736   -0.64  298.04    3.18   -0.11  290.11    4.09   -1.05    1500    1500
  1.000  16.354   4.074   -0.49  294.77    2.95   -0.31  287.10    4.17   -1.06    1500    1500
  1.500  13.253   3.724   -0.68  291.38    2.82   -0.44  283.68    5.18   -1.91    1500    1500
  2.000  10.257   3.524   -0.66  288.19    2.65   -0.56  279.37    6.92   -1.98    1502    1502
  2.500   7.744   3.355   -0.56  285.29    2.39   -0.50  274.48    9.27   -1.76    1500    1500
  3.000   5.972   3.002   -0.39  282.45    2.17   -0.45  270.16   10.63   -1.48    1500    1500
  3.500   4.580   2.603   -0.17  279.58    2.02   -0.34  265.90   11.80   -1.41    1500    1500
  4.000   3.520   2.246    0.07  276.71    1.92   -0.46  261.82   12.56   -1.22    1500    1500
  4.500   2.731   1.881    0.26  273.83    1.89   -0.44  258.30   12.84   -1.18    1496    1496
  5.000   2.079   1.537    0.43  270.94    1.92   -0.56  254.65   13.00   -1.12    1494    1494
  5.500   1.568   1.239    0.58  268.05    1.99   -0.71  250.97   13.02   -0.93    1492    1492
  6.000   1.187   0.992    0.70  265.07    2.10   -0.84  247.30   13.43   -0.93    1493    1493
  6.500   0.877   0.774    1.00  261.95    2.26   -0.74  243.82   13.18   -0.87    1490    1490
  7.000   0.671   0.598    0.85  258.74    2.37   -0.73  240.69   13.28   -0.84    1488    1488
  7.500   0.506   0.443    0.76  255.38    2.49   -0.84  237.90   12.89   -0.85    1485    1485
  8.000   0.370   0.325    0.85  251.95    2.62   -0.82  234.98   12.28   -0.82    1475    1475
  8.500   0.267   0.226    0.78  248.38    2.68   -0.83  232.23   11.47   -0.90    1472    1472
  9.000   0.191   0.157    0.77  244.73    2.71   -0.77  229.33   10.82   -0.95    1469    1469
  9.500   0.128   0.105    0.76  240.98    2.69   -0.70  225.85   10.25   -0.93    1460    1460
 10.000   0.082   0.070    0.83  237.20    2.64   -0.64  222.51    9.62   -0.98    1391    1391
 10.500   0.047   0.045    0.96  233.29    2.57   -0.56  218.72    9.22   -0.96    1247    1247
 11.000   0.029   0.029    1.04  229.46    2.47   -0.47  215.41    8.59   -0.95    1166    1166
 11.500   0.018   0.018    1.07  225.70    2.36   -0.37  211.87    8.15   -1.02    1156    1156
 12.000   0.011   0.011    0.99  222.04    2.31   -0.15  208.27    7.72   -0.99    1153    1153
 12.500 999.900 999.900  999.90  218.65    2.34    0.23  205.01    7.15   -0.90    1029    1029
 13.000 999.900 999.900  999.90  215.79    2.42    0.52  201.61    6.71   -0.64     853     853
 13.500 999.900 999.900  999.90  213.25    2.75    0.66  197.96    6.34   -0.24     442     442
 14.000 999.900 999.900  999.90  211.07    3.16    0.59  195.60    6.45    0.17     239     239
 14.500 999.900 999.900  999.90  209.63    3.44    0.48  195.23    6.58    0.11     167     167
 15.000 999.900 999.900  999.90  208.80    3.51    0.22  193.89    6.11    0.28     122     122
 15.500 999.900 999.900  999.90  208.37    3.46    0.01  193.62    6.28    0.37      76      76
 16.000 999.900 999.900  999.90  208.24    3.33   -0.21  192.37    5.60    0.59      56      56
 16.500 999.900 999.900  999.90  208.39    3.15   -0.18  193.29    5.53    0.39      67      67
 17.000 999.900 999.900  999.90  208.93    2.84   -0.19  191.06    5.10    0.74      61      61
 17.500 999.900 999.900  999.90  209.65    2.59   -0.16  192.28    6.22    0.72      78      78
 18.000 999.900 999.900  999.90  210.43    2.36   -0.24  192.72    6.48    0.65     114     114
 18.500 999.900 999.900  999.90  211.29    2.15   -0.31  192.69    6.18    0.49     166     166
 19.000 999.900 999.900  999.90  212.19    1.99   -0.24  192.24    5.97    0.90     315     315
 19.500 999.900 999.900  999.90  213.17    1.83   -0.07  191.62    5.84    0.97     485     485
 20.000 999.900 999.900  999.90  214.16    1.73   -0.06  191.74    5.86    1.05     673     673
 20.500 999.900 999.900  999.90  215.14    1.66   -0.02  191.35    5.66    1.21     903     903
 21.000 999.900 999.900  999.90  216.05    1.63    0.05  191.37    5.62    1.31    1026    1026
 21.500 999.900 999.900  999.90  216.91    1.58    0.08  191.51    5.57    1.38    1122    1122
 22.000 999.900 999.900  999.90  217.78    1.54    0.10  191.66    5.55    1.34    1127    1127
 22.500 999.900 999.900  999.90  218.70    1.53    0.12  191.84    5.59    1.34    1124    1124
 23.000 999.900 999.900  999.90  219.59    1.53    0.24  192.08    5.72    1.32    1124    1124
 23.500 999.900 999.900  999.90  220.45    1.56    0.18  192.41    5.88    1.30    1122    1122
 24.000 999.900 999.900  999.90  221.34    1.55    0.28  192.74    6.15    1.39    1120    1120
 24.500 999.900 999.900  999.90  222.22    1.54    0.20  192.95    6.08    1.25    1120    1120
 25.000 999.900 999.900  999.90  223.10    1.55    0.16  193.29    6.29    1.27    1118    1118
 25.500 999.900 999.900  999.90  223.97    1.56    0.09  193.55    6.33    1.19    1107    1107
 26.000 999.900 999.900  999.90  224.89    1.56    0.09  193.83    6.45    1.16    1100    1100
 26.500 999.900 999.900  999.90  225.76    1.63    0.06  194.11    6.54    1.13    1094    1094
 27.000 999.900 999.900  999.90  226.66    1.67    0.16  194.44    6.72    1.13    1083    1083
 27.500 999.900 999.900  999.90  227.35    1.63   -0.17  194.69    6.98    1.11    1039    1039
 28.000 999.900 999.900  999.90  228.19    1.65   -0.14  194.93    7.16    1.09    1015    1015
 28.500 999.900 999.900  999.90  229.02    1.66   -0.14  195.16    7.27    1.09     991     991
 29.000 999.900 999.900  999.90  229.76    1.74   -0.04  195.44    7.46    1.10     952     952
 29.500 999.900 999.900  999.90  230.58    1.83   -0.07  195.65    7.61    1.12     908     908
 30.000 999.900 999.900  999.90  231.40    1.89   -0.09  195.76    7.80    1.18     819     819
  T A B L E  III -   8.  M O I S T U R E  R E L A T E D  S T A T I S T I C A L  P A R A M E T E R S
                                    August
 STATION =   724020     WALLOP ISLAND, VA
      Z VAPOR P   SD VP SKEW VP      TV      TV SKEW TV DEWPT T  SD DPT SKW DPT NOBS TP NOBS TV   
           MEAN                    MEAN      SD            MEAN                                   
     KM      MB      MB          KELVIN  KELVIN          KELVIN  KELVIN                           
  0.000  16.000   6.000    0.00  291.00    6.00    0.00  290.00    7.00    0.00       0       0
  0.004  24.097   4.947   -0.38  299.45    3.51   -0.35  293.39    3.39   -0.60    1592    1592
  0.500  19.446   4.765   -0.38  297.21    3.12   -0.05  289.79    4.19   -0.94    1593    1593
  1.000  15.766   4.382   -0.45  294.00    2.97   -0.17  286.34    4.98   -1.44    1593    1593
  1.500  12.675   4.037   -0.62  290.77    2.78   -0.31  282.72    6.29   -2.02    1592    1592
  2.000   9.763   3.812   -0.56  287.76    2.56   -0.42  278.17    8.42   -2.04    1594    1594
  2.500   7.428   3.512   -0.34  284.93    2.37   -0.56  273.54    9.98   -1.63    1593    1593
  3.000   5.658   3.093   -0.15  282.21    2.24   -0.47  269.04   11.32   -1.45    1592    1592
  3.500   4.305   2.647    0.03  279.43    2.13   -0.40  264.75   12.19   -1.25    1590    1590
  4.000   3.264   2.273    0.23  276.63    2.09   -0.31  260.35   13.18   -1.08    1589    1589
  4.500   2.473   1.912    0.47  273.82    2.05   -0.25  256.26   13.60   -0.89    1590    1590
  5.000   1.882   1.537    0.59  270.96    2.11   -0.31  252.65   13.76   -0.89    1588    1588
  5.500   1.416   1.227    0.70  268.04    2.17   -0.42  248.76   14.10   -0.78    1591    1591
  6.000   1.060   0.975    0.82  265.01    2.27   -0.48  245.04   14.23   -0.66    1587    1587
  6.500   0.819   0.758    0.88  261.81    2.42   -0.55  242.23   14.04   -0.69    1586    1586
  7.000   0.626   0.582    0.88  258.49    2.56   -0.62  239.37   13.82   -0.72    1583    1583
  7.500   0.481   0.443    0.86  255.13    2.69   -0.64  236.83   13.24   -0.68    1581    1581
  8.000   0.363   0.327    0.82  251.66    2.83   -0.65  234.29   12.66   -0.69    1577    1577
  8.500   0.264   0.232    0.82  248.05    2.91   -0.62  231.41   12.27   -0.81    1570    1570
  9.000   0.186   0.164    0.87  244.38    2.97   -0.59  228.31   11.79   -0.83    1565    1565
  9.500   0.127   0.110    0.95  240.64    2.98   -0.48  225.12   11.16   -0.92    1556    1556
 10.000   0.083   0.075    1.01  236.89    2.89   -0.36  221.90   10.57   -0.88    1494    1494
 10.500   0.049   0.052    1.27  233.03    2.78   -0.17  218.55   10.24   -0.92    1306    1306
 11.000   0.030   0.032    1.32  229.30    2.60    0.00  215.12    9.50   -0.88    1249    1249
 11.500   0.018   0.019    1.25  225.62    2.47    0.09  211.36    8.90   -0.85    1238    1238
 12.000   0.011   0.012    1.26  222.08    2.44    0.23  207.53    8.36   -0.74    1232    1232
 12.500 999.900 999.900  999.90  218.87    2.47    0.50  204.05    7.60   -0.67    1148    1148
 13.000 999.900 999.900  999.90  216.14    2.57    0.62  200.65    7.14   -0.41     956     956
 13.500 999.900 999.900  999.90  213.66    2.85    0.55  196.82    6.60    0.17     534     534
 14.000 999.900 999.900  999.90  211.54    3.16    0.48  193.98    6.00    0.68     317     317
 14.500 999.900 999.900  999.90  209.98    3.33    0.33  192.60    5.38    0.88     175     175
 15.000 999.900 999.900  999.90  208.97    3.42    0.07  191.99    5.29    1.09     107     107
 15.500 999.900 999.900  999.90  208.33    3.41   -0.08  191.96    4.99    0.94      68      68
 16.000 999.900 999.900  999.90  208.05    3.36   -0.22  191.54    4.60    1.08      52      52
 16.500 999.900 999.900  999.90  208.09    3.17   -0.22  190.52    4.53    1.50      49      49
 17.000 999.900 999.900  999.90  208.57    2.90   -0.13  191.71    5.20    0.85      43      43
 17.500 999.900 999.900  999.90  209.32    2.67   -0.07  190.43    4.69    1.28      62      62
 18.000 999.900 999.900  999.90  210.20    2.47   -0.08  190.40    4.68    1.13      96      96
 18.500 999.900 999.900  999.90  211.13    2.27   -0.14  190.02    4.56    1.36     145     145
 19.000 999.900 999.900  999.90  212.05    2.05   -0.09  191.24    5.76    1.12     289     289
 19.500 999.900 999.900  999.90  213.04    1.86   -0.02  190.89    5.61    1.41     463     463
 20.000 999.900 999.900  999.90  213.98    1.72   -0.02  190.70    5.29    1.39     715     715
 20.500 999.900 999.900  999.90  214.88    1.64    0.05  190.55    5.11    1.50     925     925
 21.000 999.900 999.900  999.90  215.74    1.62    0.14  190.53    5.15    1.68    1085    1085
 21.500 999.900 999.900  999.90  216.52    1.54    0.21  190.56    5.03    1.73    1188    1188
 22.000 999.900 999.900  999.90  217.38    1.51    0.15  190.76    5.18    1.80    1196    1196
 22.500 999.900 999.900  999.90  218.27    1.53    0.09  190.92    5.24    1.83    1195    1195
 23.000 999.900 999.900  999.90  219.09    1.58    0.08  191.09    5.32    1.84    1197    1197
 23.500 999.900 999.900  999.90  219.91    1.58    0.10  191.33    5.42    1.83    1196    1196
 24.000 999.900 999.900  999.90  220.78    1.59    0.16  191.68    5.77    1.88    1189    1189
 24.500 999.900 999.900  999.90  221.61    1.63    0.19  191.82    5.66    1.79    1182    1182
 25.000 999.900 999.900  999.90  222.42    1.63    0.14  192.13    5.88    1.74    1176    1176
 25.500 999.900 999.900  999.90  223.23    1.63    0.13  192.31    5.86    1.66    1167    1167
 26.000 999.900 999.900  999.90  224.01    1.64    0.13  192.58    6.04    1.63    1157    1157
 26.500 999.900 999.900  999.90  224.78    1.67    0.22  192.88    6.13    1.56    1149    1149
 27.000 999.900 999.900  999.90  225.54    1.68    0.28  193.09    6.39    1.62    1130    1130
 27.500 999.900 999.900  999.90  226.11    1.64    0.11  193.22    6.44    1.57    1096    1096
 28.000 999.900 999.900  999.90  226.88    1.67    0.05  193.54    6.66    1.53    1073    1073
 28.500 999.900 999.900  999.90  227.61    1.73   -0.06  193.80    6.92    1.57    1043    1043
 29.000 999.900 999.900  999.90  228.35    1.77   -0.03  194.00    7.07    1.56    1005    1005
 29.500 999.900 999.900  999.90  229.08    1.86    0.12  194.07    7.15    1.60     958     958
 30.000 999.900 999.900  999.90  229.82    1.92   -0.03  194.06    7.24    1.68     866     866
  T A B L E  III -   9.  M O I S T U R E  R E L A T E D  S T A T I S T I C A L  P A R A M E T E R S
                                 September
 STATION =   724020     WALLOP ISLAND, VA
      Z VAPOR P   SD VP SKEW VP      TV      TV SKEW TV DEWPT T  SD DPT SKW DPT NOBS TP NOBS TV   
           MEAN                    MEAN      SD            MEAN                                   
     KM      MB      MB          KELVIN  KELVIN          KELVIN  KELVIN                           
  0.000  16.000   6.000    0.00  291.00    6.00    0.00  290.00    7.00    0.00       0       0
  0.004  20.393   5.697   -0.16  295.98    4.39   -0.58  290.41    4.73   -0.60    1564    1564
  0.500  16.622   5.166   -0.07  293.93    4.10   -0.42  287.09    5.17   -0.65    1563    1563
  1.000  13.510   4.745   -0.27  290.92    4.05   -0.46  283.60    6.34   -1.27    1563    1563
  1.500  10.503   4.715   -0.36  288.23    3.80   -0.65  278.77    9.57   -1.68    1563    1563
  2.000   7.894   4.338   -0.13  285.82    3.39   -0.91  273.59   11.55   -1.37    1565    1565
  2.500   5.929   3.682    0.09  283.40    3.07   -1.08  269.10   12.09   -1.09    1562    1562
  3.000   4.606   3.037    0.21  280.86    2.80   -1.06  265.42   12.27   -0.95    1561    1561
  3.500   3.580   2.547    0.34  278.15    2.64   -1.03  261.57   13.08   -1.04    1561    1561
  4.000   2.763   2.148    0.52  275.33    2.59   -1.10  257.70   13.58   -0.93    1562    1562
  4.500   2.066   1.761    0.75  272.52    2.60   -0.90  253.75   13.59   -0.75    1559    1559
  5.000   1.555   1.452    0.93  269.63    2.61   -0.88  249.86   13.63   -0.48    1558    1558
  5.500   1.177   1.152    1.11  266.61    2.69   -0.85  246.47   13.61   -0.50    1556    1556
  6.000   0.910   0.924    1.17  263.48    2.77   -0.77  243.29   13.66   -0.44    1556    1556
  6.500   0.696   0.731    1.23  260.18    2.97   -0.74  240.11   13.61   -0.36    1556    1556
  7.000   0.531   0.566    1.22  256.81    3.07   -0.59  237.09   13.59   -0.37    1556    1556
  7.500   0.412   0.435    1.27  253.37    3.19   -0.52  234.68   13.25   -0.40    1548    1548
  8.000   0.308   0.323    1.31  249.83    3.31   -0.46  232.07   12.72   -0.43    1544    1544
  8.500   0.227   0.232    1.24  246.21    3.42   -0.38  229.41   12.25   -0.47    1541    1541
  9.000   0.158   0.157    1.21  242.48    3.46   -0.33  226.38   11.64   -0.54    1534    1534
  9.500   0.107   0.104    1.20  238.77    3.46   -0.28  223.46   10.93   -0.64    1498    1498
 10.000   0.069   0.072    1.29  235.06    3.32   -0.21  220.41   10.52   -0.67    1385    1385
 10.500   0.040   0.047    1.53  231.31    3.16   -0.17  216.79    9.99   -0.60    1259    1259
 11.000   0.025   0.030    1.66  227.73    2.98   -0.10  213.36    9.41   -0.62    1231    1231
 11.500   0.015   0.018    1.63  224.26    2.80   -0.05  209.76    8.77   -0.58    1231    1231
 12.000 999.900 999.900  999.90  220.99    2.76   -0.02  206.33    8.19   -0.52    1227    1227
 12.500 999.900 999.900  999.90  218.10    2.74    0.15  203.24    7.45   -0.53    1099    1099
 13.000 999.900 999.900  999.90  215.61    2.72    0.19  199.61    7.09   -0.20     888     888
 13.500 999.900 999.900  999.90  213.42    2.78    0.22  195.82    6.38    0.31     566     566
 14.000 999.900 999.900  999.90  211.41    2.93    0.21  193.23    5.63    0.85     308     308
 14.500 999.900 999.900  999.90  209.88    3.06    0.20  192.67    5.70    0.76     130     130
 15.000 999.900 999.900  999.90  208.68    3.22    0.18  192.38    5.59    1.01      56      56
 15.500 999.900 999.900  999.90  207.73    3.42    0.11  192.35    6.01    1.20      32      32
 16.000 999.900 999.900  999.90  207.16    3.54    0.06  192.03    5.48    1.26      30      30
 16.500 999.900 999.900  999.90  206.95    3.50    0.02  192.34    5.88    1.22      22      22
 17.000 999.900 999.900  999.90  207.37    3.47    0.01  192.12    5.73    0.98      34      34
 17.500 999.900 999.900  999.90  208.09    3.31    0.01  191.94    5.63    0.96      46      46
 18.000 999.900 999.900  999.90  208.85    3.14    0.08  191.04    5.78    1.13      61      61
 18.500 999.900 999.900  999.90  209.78    2.93    0.02  191.19    5.22    1.13      89      89
 19.000 999.900 999.900  999.90  210.72    2.80   -0.08  191.04    5.31    1.17     157     157
 19.500 999.900 999.900  999.90  211.79    2.56   -0.12  190.91    5.25    1.19     253     253
 20.000 999.900 999.900  999.90  212.72    2.40   -0.15  191.00    5.27    1.21     408     408
 20.500 999.900 999.900  999.90  213.64    2.25   -0.11  190.56    5.02    1.37     592     592
 21.000 999.900 999.900  999.90  214.47    2.18   -0.09  190.46    4.88    1.55     811     811
 21.500 999.900 999.900  999.90  215.32    2.12   -0.10  190.53    4.94    1.58     957     957
 22.000 999.900 999.900  999.90  216.17    2.05   -0.20  190.71    5.07    1.55    1053    1053
 22.500 999.900 999.900  999.90  216.92    2.01   -0.20  190.78    5.11    1.58    1116    1116
 23.000 999.900 999.900  999.90  217.76    1.97   -0.14  191.04    5.26    1.52    1152    1152
 23.500 999.900 999.900  999.90  218.64    1.91    0.03  191.27    5.41    1.51    1165    1165
 24.000 999.900 999.900  999.90  219.45    1.89    0.07  191.51    5.45    1.49    1168    1168
 24.500 999.900 999.900  999.90  220.21    1.93    0.02  191.76    5.63    1.48    1174    1174
 25.000 999.900 999.900  999.90  221.00    1.91    0.07  192.02    5.76    1.46    1165    1165
 25.500 999.900 999.900  999.90  221.75    1.91    0.05  192.26    5.86    1.45    1160    1160
 26.000 999.900 999.900  999.90  222.44    1.93    0.03  192.54    6.05    1.45    1155    1155
 26.500 999.900 999.900  999.90  223.15    1.95    0.12  192.75    6.11    1.41    1149    1149
 27.000 999.900 999.900  999.90  223.80    2.05    0.14  192.98    6.23    1.39    1126    1126
 27.500 999.900 999.900  999.90  224.40    1.99   -0.02  193.26    6.48    1.44    1107    1107
 28.000 999.900 999.900  999.90  225.05    2.01   -0.06  193.45    6.54    1.39    1088    1088
 28.500 999.900 999.900  999.90  225.64    2.05    0.02  193.61    6.64    1.38    1064    1064
 29.000 999.900 999.900  999.90  226.21    2.10    0.07  193.79    6.75    1.36    1032    1032
 29.500 999.900 999.900  999.90  226.80    2.13    0.14  193.94    6.91    1.40     984     984
 30.000 999.900 999.900  999.90  227.40    2.16    0.04  193.96    6.96    1.43     896     896
  T A B L E  III -  10.  M O I S T U R E  R E L A T E D  S T A T I S T I C A L  P A R A M E T E R S
                                   October
 STATION =   724020     WALLOP ISLAND, VA
      Z VAPOR P   SD VP SKEW VP      TV      TV SKEW TV DEWPT T  SD DPT SKW DPT NOBS TP NOBS TV   
           MEAN                    MEAN      SD            MEAN                                   
     KM      MB      MB          KELVIN  KELVIN          KELVIN  KELVIN                           
  0.000  16.000   6.000    0.00  291.00    6.00    0.00  290.00    7.00    0.00       0       0
  0.004  14.004   5.550    0.40  289.28    5.42   -0.13  284.14    6.14   -0.21    1580    1580
  0.500  11.165   5.092    0.43  288.11    5.34   -0.07  280.38    7.14   -0.40    1579    1579
  1.000   8.905   4.776    0.33  285.43    5.41   -0.25  276.15    9.68   -1.21    1578    1578
  1.500   6.863   4.398    0.37  283.30    5.22   -0.57  271.12   12.19   -1.09    1580    1580
  2.000   5.172   3.693    0.60  281.25    4.94   -0.80  266.69   12.66   -0.91    1582    1582
  2.500   3.958   3.029    0.77  279.11    4.72   -0.96  262.76   13.07   -0.93    1582    1582
  3.000   3.110   2.478    0.87  276.78    4.50   -1.05  259.49   12.98   -0.82    1582    1582
  3.500   2.434   2.033    1.01  274.27    4.38   -1.07  256.29   12.90   -0.79    1582    1582
  4.000   1.904   1.694    1.17  271.56    4.32   -1.06  252.98   13.02   -0.74    1584    1584
  4.500   1.441   1.370    1.34  268.69    4.28   -1.01  249.36   13.04   -0.61    1584    1584
  5.000   1.080   1.093    1.53  265.68    4.35   -0.96  245.75   13.08   -0.54    1583    1583
  5.500   0.810   0.863    1.68  262.57    4.37   -0.87  242.27   13.10   -0.48    1582    1582
  6.000   0.626   0.693    1.74  259.34    4.40   -0.76  239.24   13.11   -0.41    1579    1579
  6.500   0.484   0.538    1.74  255.94    4.42   -0.63  236.53   13.04   -0.47    1577    1577
  7.000   0.371   0.420    1.81  252.47    4.46   -0.52  233.71   12.97   -0.47    1574    1574
  7.500   0.285   0.331    1.82  248.95    4.45   -0.35  231.04   12.97   -0.44    1553    1553
  8.000   0.210   0.248    1.95  245.35    4.45   -0.15  228.31   12.57   -0.46    1542    1542
  8.500   0.150   0.180    1.97  241.72    4.43   -0.00  225.23   12.35   -0.46    1526    1526
  9.000   0.102   0.124    1.99  238.07    4.40    0.08  222.26   11.96   -0.49    1460    1460
  9.500   0.066   0.084    2.08  234.48    4.36    0.15  219.13   11.45   -0.46    1392    1392
 10.000   0.040   0.053    2.18  230.99    4.28    0.20  215.64   10.89   -0.42    1287    1287
 10.500   0.024   0.034    2.43  227.59    4.20    0.23  212.10   10.21   -0.35    1242    1242
 11.000   0.015   0.021    2.57  224.47    4.03    0.26  208.90    9.36   -0.34    1207    1207
 11.500 999.900 999.900  999.90  221.62    3.89    0.26  205.67    8.70   -0.31    1191    1191
 12.000 999.900 999.900  999.90  219.05    3.85    0.24  202.72    8.04   -0.24    1136    1136
 12.500 999.900 999.900  999.90  216.95    3.67    0.27  200.02    7.44   -0.10     935     935
 13.000 999.900 999.900  999.90  215.12    3.50    0.36  197.14    6.76    0.22     774     774
 13.500 999.900 999.900  999.90  213.43    3.44    0.40  195.00    6.36    0.69     588     588
 14.000 999.900 999.900  999.90  211.81    3.53    0.38  194.10    6.24    0.82     365     365
 14.500 999.900 999.900  999.90  210.52    3.61    0.32  193.67    6.38    0.97     212     212
 15.000 999.900 999.900  999.90  209.39    3.78    0.17  193.33    6.32    1.09     148     148
 15.500 999.900 999.900  999.90  208.44    3.96    0.02  193.32    6.25    0.96     115     115
 16.000 999.900 999.900  999.90  207.70    4.09   -0.11  192.13    6.17    1.56      91      91
 16.500 999.900 999.900  999.90  207.29    4.17   -0.10  192.27    6.48    1.34      83      83
 17.000 999.900 999.900  999.90  207.50    4.06   -0.16  192.36    6.29    1.08      76      76
 17.500 999.900 999.900  999.90  207.93    3.88   -0.09  191.73    6.21    1.36      85      85
 18.000 999.900 999.900  999.90  208.60    3.68   -0.05  191.91    6.73    1.36     100     100
 18.500 999.900 999.900  999.90  209.39    3.41    0.01  191.98    6.71    1.35     129     129
 19.000 999.900 999.900  999.90  210.18    3.19   -0.01  191.65    6.59    1.37     164     164
 19.500 999.900 999.900  999.90  211.04    3.01    0.05  191.81    6.56    1.43     211     211
 20.000 999.900 999.900  999.90  211.78    2.81    0.04  191.11    6.11    1.63     276     276
 20.500 999.900 999.900  999.90  212.51    2.73   -0.01  190.76    5.71    1.80     364     364
 21.000 999.900 999.900  999.90  213.22    2.62   -0.04  190.62    5.45    1.86     512     512
 21.500 999.900 999.900  999.90  213.91    2.54   -0.00  190.63    5.58    1.92     612     612
 22.000 999.900 999.900  999.90  214.59    2.44   -0.05  190.58    5.49    1.90     742     742
 22.500 999.900 999.900  999.90  215.31    2.45   -0.06  190.90    5.69    1.76     862     862
 23.000 999.900 999.900  999.90  216.05    2.41   -0.04  190.94    5.61    1.77     965     965
 23.500 999.900 999.900  999.90  216.77    2.43   -0.06  191.04    5.63    1.76    1038    1038
 24.000 999.900 999.900  999.90  217.51    2.43    0.02  191.26    5.74    1.75    1117    1117
 24.500 999.900 999.900  999.90  218.12    2.44    0.03  191.51    5.87    1.78    1152    1152
 25.000 999.900 999.900  999.90  218.73    2.45   -0.00  191.61    6.00    1.80    1158    1158
 25.500 999.900 999.900  999.90  219.37    2.44   -0.06  191.75    6.05    1.78    1162    1162
 26.000 999.900 999.900  999.90  219.96    2.51   -0.16  191.93    6.17    1.80    1157    1157
 26.500 999.900 999.900  999.90  220.57    2.58   -0.12  192.09    6.24    1.82    1150    1150
 27.000 999.900 999.900  999.90  221.11    2.61   -0.16  192.30    6.34    1.79    1130    1130
 27.500 999.900 999.900  999.90  221.63    2.68   -0.25  192.48    6.40    1.73    1110    1110
 28.000 999.900 999.900  999.90  222.18    2.78   -0.26  192.70    6.52    1.70    1088    1088
 28.500 999.900 999.900  999.90  222.72    2.87   -0.31  192.84    6.60    1.67    1055    1055
 29.000 999.900 999.900  999.90  223.27    2.93   -0.27  192.88    6.71    1.76     997     997
 29.500 999.900 999.900  999.90  223.78    3.09   -0.22  192.93    6.83    1.80     924     924
 30.000 999.900 999.900  999.90  224.35    3.17   -0.32  192.84    6.70    1.82     816     816
  T A B L E  III -  11.  M O I S T U R E  R E L A T E D  S T A T I S T I C A L  P A R A M E T E R S
                                  November
 STATION =   724020     WALLOP ISLAND, VA
      Z VAPOR P   SD VP SKEW VP      TV      TV SKEW TV DEWPT T  SD DPT SKW DPT NOBS TP NOBS TV   
           MEAN                    MEAN      SD            MEAN                                   
     KM      MB      MB          KELVIN  KELVIN          KELVIN  KELVIN                           
  0.000  16.000   6.000    0.00  291.00    6.00    0.00  290.00    7.00    0.00       0       0
  0.004   9.507   4.506    0.64  283.35    5.61   -0.02  277.94    7.06   -0.16    1462    1462
  0.500   7.694   4.440    0.84  282.74    6.29   -0.03  274.32    8.48   -0.37    1456    1456
  1.000   6.242   4.151    0.69  280.58    6.44   -0.25  270.15   11.19   -0.95    1458    1458
  1.500   4.927   3.744    0.66  278.86    6.20   -0.49  265.48   13.61   -0.91    1456    1456
  2.000   3.892   3.149    0.75  277.11    5.80   -0.64  261.89   13.99   -0.81    1457    1457
  2.500   3.128   2.609    0.87  275.14    5.48   -0.77  259.03   13.79   -0.78    1458    1458
  3.000   2.472   2.180    0.97  273.01    5.20   -0.82  255.54   14.33   -0.75    1458    1458
  3.500   1.955   1.737    1.03  270.56    5.04   -0.86  252.77   13.99   -0.76    1459    1459
  4.000   1.517   1.365    1.16  267.84    4.94   -0.86  249.98   13.34   -0.71    1460    1460
  4.500   1.179   1.103    1.26  264.97    4.89   -0.88  246.99   13.18   -0.66    1457    1457
  5.000   0.904   0.872    1.34  261.93    4.90   -0.86  243.73   13.36   -0.67    1456    1456
  5.500   0.697   0.672    1.40  258.76    4.89   -0.83  241.11   12.84   -0.65    1455    1455
  6.000   0.531   0.526    1.49  255.46    4.86   -0.72  238.27   12.48   -0.57    1449    1449
  6.500   0.412   0.407    1.48  252.04    4.82   -0.63  235.72   12.29   -0.62    1446    1446
  7.000   0.315   0.313    1.50  248.54    4.79   -0.54  233.00   12.17   -0.64    1442    1442
  7.500   0.234   0.236    1.53  245.02    4.76   -0.42  230.24   11.93   -0.64    1423    1423
  8.000   0.167   0.171    1.52  241.43    4.68   -0.27  227.24   11.58   -0.61    1405    1405
  8.500   0.114   0.119    1.57  237.82    4.59   -0.15  224.07   11.10   -0.58    1369    1369
  9.000   0.074   0.080    1.56  234.25    4.47   -0.04  220.71   10.75   -0.55    1310    1310
  9.500   0.046   0.053    1.72  230.78    4.32    0.10  217.17   10.30   -0.50    1230    1230
 10.000   0.025   0.032    2.00  227.40    4.20    0.21  213.04    9.55   -0.43    1145    1145
 10.500   0.015   0.019    2.04  224.19    4.14    0.39  209.66    8.98   -0.46    1123    1123
 11.000 999.900 999.900  999.90  221.35    4.14    0.53  206.45    8.45   -0.44    1071    1071
 11.500 999.900 999.900  999.90  218.81    4.26    0.59  203.41    7.90   -0.38     988     988
 12.000 999.900 999.900  999.90  216.74    4.44    0.55  200.38    7.48   -0.19     842     842
 12.500 999.900 999.900  999.90  215.30    4.48    0.36  197.39    6.77    0.13     706     706
 13.000 999.900 999.900  999.90  214.16    4.39    0.26  195.18    6.30    0.51     618     618
 13.500 999.900 999.900  999.90  213.17    4.26    0.12  193.86    5.99    0.77     561     561
 14.000 999.900 999.900  999.90  212.15    4.18    0.01  192.80    5.77    1.04     416     416
 14.500 999.900 999.900  999.90  211.24    3.96    0.03  191.99    5.38    1.13     321     321
 15.000 999.900 999.900  999.90  210.34    3.88    0.12  191.61    5.21    1.19     247     247
 15.500 999.900 999.900  999.90  209.53    3.89    0.10  191.15    4.85    1.34     186     186
 16.000 999.900 999.900  999.90  208.81    3.97    0.02  191.09    4.93    1.31     146     146
 16.500 999.900 999.900  999.90  208.32    4.03   -0.03  190.68    4.70    1.39     120     120
 17.000 999.900 999.900  999.90  208.24    3.89    0.05  190.16    4.51    1.65     108     108
 17.500 999.900 999.900  999.90  208.36    3.79   -0.03  189.97    4.14    1.77      98      98
 18.000 999.900 999.900  999.90  208.63    3.67   -0.08  189.86    4.23    1.87     102     102
 18.500 999.900 999.900  999.90  208.94    3.58   -0.05  189.95    4.39    1.78     110     110
 19.000 999.900 999.900  999.90  209.46    3.40   -0.02  189.63    4.12    2.02     114     114
 19.500 999.900 999.900  999.90  209.94    3.21    0.09  190.17    4.64    1.89     123     123
 20.000 999.900 999.900  999.90  210.45    3.11    0.12  189.94    4.86    2.04     154     154
 20.500 999.900 999.900  999.90  210.95    3.09    0.13  190.11    4.89    2.03     190     190
 21.000 999.900 999.900  999.90  211.54    3.03    0.13  189.70    4.49    2.26     247     247
 21.500 999.900 999.900  999.90  212.09    2.99    0.03  189.60    4.50    2.45     315     315
 22.000 999.900 999.900  999.90  212.60    2.98   -0.03  189.71    4.66    2.20     381     381
 22.500 999.900 999.900  999.90  213.14    2.99    0.02  189.87    4.75    2.07     433     433
 23.000 999.900 999.900  999.90  213.63    3.12    0.20  189.94    4.63    2.09     494     494
 23.500 999.900 999.900  999.90  214.15    3.19    0.29  189.89    4.72    2.12     574     574
 24.000 999.900 999.900  999.90  214.67    3.28    0.37  190.12    4.79    2.01     662     662
 24.500 999.900 999.900  999.90  215.15    3.34    0.40  190.17    4.79    2.13     694     694
 25.000 999.900 999.900  999.90  215.64    3.37    0.40  190.23    4.79    2.04     755     755
 25.500 999.900 999.900  999.90  216.11    3.46    0.35  190.35    4.89    1.98     805     805
 26.000 999.900 999.900  999.90  216.58    3.45    0.46  190.41    4.87    1.93     830     830
 26.500 999.900 999.900  999.90  217.16    3.62    0.50  190.54    4.95    1.87     875     875
 27.000 999.900 999.900  999.90  217.62    3.67    0.46  190.78    5.16    1.79     863     863
 27.500 999.900 999.900  999.90  218.11    3.66    0.42  190.91    5.24    1.78     866     866
 28.000 999.900 999.900  999.90  218.61    3.73    0.45  190.96    5.31    1.88     878     878
 28.500 999.900 999.900  999.90  219.18    3.83    0.52  191.12    5.50    1.77     868     868
 29.000 999.900 999.900  999.90  219.74    3.92    0.57  191.19    5.67    1.79     847     847
 29.500 999.900 999.900  999.90  220.49    4.05    0.58  191.25    5.72    1.77     801     801
 30.000 999.900 999.900  999.90  221.01    4.18    0.68  191.25    5.73    1.82     704     704
  T A B L E  III -  12.  M O I S T U R E  R E L A T E D  S T A T I S T I C A L  P A R A M E T E R S
                                  December
 STATION =   724020     WALLOP ISLAND, VA
      Z VAPOR P   SD VP SKEW VP      TV      TV SKEW TV DEWPT T  SD DPT SKW DPT NOBS TP NOBS TV   
           MEAN                    MEAN      SD            MEAN                                   
     KM      MB      MB          KELVIN  KELVIN          KELVIN  KELVIN                           
  0.000  16.000   6.000    0.00  291.00    6.00    0.00  290.00    7.00    0.00       0       0
  0.004   7.182   3.767    0.87  278.95    5.76    0.17  273.79    7.32   -0.03    1574    1574
  0.500   6.140   4.085    1.15  278.47    6.92    0.20  270.71    8.97    0.01    1578    1578
  1.000   5.102   3.821    0.92  276.87    7.12   -0.05  266.86   11.65   -0.62    1578    1578
  1.500   4.207   3.450    0.91  275.46    7.00   -0.34  263.16   13.38   -0.68    1580    1580
  2.000   3.328   2.907    0.98  273.97    6.60   -0.49  259.71   13.65   -0.57    1578    1578
  2.500   2.673   2.390    1.07  272.16    6.22   -0.57  256.80   13.77   -0.65    1577    1577
  3.000   2.151   1.976    1.14  270.13    5.99   -0.66  254.03   13.62   -0.59    1577    1577
  3.500   1.673   1.572    1.22  267.71    5.79   -0.71  250.94   13.48   -0.59    1577    1577
  4.000   1.342   1.285    1.30  265.01    5.73   -0.76  248.28   13.38   -0.60    1580    1580
  4.500   1.031   1.018    1.39  262.15    5.68   -0.83  245.04   13.50   -0.62    1580    1580
  5.000   0.838   0.823    1.32  259.11    5.60   -0.83  242.59   13.65   -0.66    1579    1579
  5.500   0.655   0.660    1.35  255.95    5.56   -0.78  239.81   13.56   -0.64    1575    1575
  6.000   0.509   0.518    1.36  252.67    5.59   -0.69  237.23   13.23   -0.61    1571    1571
  6.500   0.395   0.392    1.29  249.26    5.56   -0.64  234.91   12.76   -0.63    1568    1568
  7.000   0.292   0.294    1.33  245.82    5.43   -0.54  232.08   12.59   -0.70    1546    1546
  7.500   0.214   0.215    1.36  242.38    5.26   -0.39  229.37   12.23   -0.74    1518    1518
  8.000   0.149   0.153    1.39  238.85    5.05   -0.22  226.43   11.76   -0.78    1479    1479
  8.500   0.099   0.106    1.42  235.33    4.76   -0.06  223.24   11.35   -0.72    1401    1401
  9.000   0.063   0.071    1.48  231.92    4.49    0.03  219.93   10.97   -0.73    1312    1312
  9.500   0.038   0.045    1.60  228.65    4.20    0.07  216.13   10.46   -0.67    1265    1265
 10.000   0.022   0.027    1.68  225.48    4.05    0.09  212.20    9.77   -0.64    1226    1226
 10.500   0.013   0.016    1.73  222.56    4.08    0.26  208.82    9.09   -0.60    1193    1193
 11.000 999.900 999.900  999.90  220.14    4.14    0.52  205.89    8.51   -0.57    1099    1099
 11.500 999.900 999.900  999.90  218.05    4.48    0.62  202.95    8.17   -0.38     979     979
 12.000 999.900 999.900  999.90  216.46    4.95    0.48  200.15    7.78   -0.06     825     825
 12.500 999.900 999.900  999.90  215.53    5.08    0.28  197.65    7.51    0.30     708     708
 13.000 999.900 999.900  999.90  214.89    5.09    0.04  196.35    7.21    0.47     719     719
 13.500 999.900 999.900  999.90  214.23    4.84   -0.09  195.01    7.05    0.67     684     684
 14.000 999.900 999.900  999.90  213.50    4.55   -0.24  194.38    7.07    0.90     588     588
 14.500 999.900 999.900  999.90  212.69    4.22   -0.04  193.77    6.72    0.92     495     495
 15.000 999.900 999.900  999.90  211.80    3.98    0.05  192.84    6.27    1.15     378     378
 15.500 999.900 999.900  999.90  210.94    4.00    0.12  192.38    5.88    1.27     316     316
 16.000 999.900 999.900  999.90  210.06    4.05    0.09  191.56    5.45    1.52     247     247
 16.500 999.900 999.900  999.90  209.43    4.05    0.05  191.46    5.48    1.56     190     190
 17.000 999.900 999.900  999.90  209.05    4.06   -0.02  191.32    5.73    1.63     163     163
 17.500 999.900 999.900  999.90  208.87    3.98   -0.08  191.57    5.85    1.54     144     144
 18.000 999.900 999.900  999.90  208.88    3.87   -0.20  191.08    5.68    1.60     127     127
 18.500 999.900 999.900  999.90  208.93    3.80   -0.19  190.13    4.80    1.56     122     122
 19.000 999.900 999.900  999.90  209.19    3.57   -0.19  189.94    4.74    1.77     130     130
 19.500 999.900 999.900  999.90  209.58    3.33   -0.15  189.44    3.95    2.10     138     138
 20.000 999.900 999.900  999.90  209.98    3.16   -0.12  190.28    5.59    2.23     158     158
 20.500 999.900 999.900  999.90  210.40    3.01   -0.04  190.29    5.44    1.95     180     180
 21.000 999.900 999.900  999.90  210.84    2.91    0.17  190.48    5.55    1.86     210     210
 21.500 999.900 999.900  999.90  211.30    2.90    0.30  190.11    4.90    1.83     254     254
 22.000 999.900 999.900  999.90  211.72    3.04    0.41  190.73    5.73    1.86     298     298
 22.500 999.900 999.900  999.90  212.14    3.13    0.56  190.58    5.75    1.98     344     344
 23.000 999.900 999.900  999.90  212.63    3.31    0.64  191.20    6.16    1.65     415     415
 23.500 999.900 999.900  999.90  213.14    3.50    0.75  191.23    6.22    1.72     472     472
 24.000 999.900 999.900  999.90  213.64    3.74    0.77  191.32    6.45    1.87     530     530
 24.500 999.900 999.900  999.90  214.09    3.90    0.70  191.30    6.34    1.76     577     577
 25.000 999.900 999.900  999.90  214.57    4.07    0.85  191.34    6.27    1.84     622     622
 25.500 999.900 999.900  999.90  215.03    4.26    0.89  191.37    6.27    1.86     662     662
 26.000 999.900 999.900  999.90  215.53    4.51    0.80  191.49    6.32    1.89     703     703
 26.500 999.900 999.900  999.90  216.07    4.87    0.83  191.46    6.33    1.94     735     735
 27.000 999.900 999.900  999.90  216.59    5.03    0.94  191.58    6.37    1.95     778     778
 27.500 999.900 999.900  999.90  217.20    5.23    0.98  191.77    6.46    1.94     793     793
 28.000 999.900 999.900  999.90  217.77    5.46    0.94  192.04    6.62    1.96     801     801
 28.500 999.900 999.900  999.90  218.30    5.68    0.98  192.24    6.80    1.95     779     779
 29.000 999.900 999.900  999.90  218.87    5.84    0.93  192.32    6.89    1.92     768     768
 29.500 999.900 999.900  999.90  219.56    6.04    0.86  192.37    6.94    2.00     732     732
 30.000 999.900 999.900  999.90  220.30    6.30    0.79  192.38    6.89    2.01     652     652
  T A B L E  III -  13.  M O I S T U R E  R E L A T E D  S T A T I S T I C A L  P A R A M E T E R S
                                    Annual
 STATION =   724020     WALLOP ISLAND, VA
      Z VAPOR P   SD VP SKEW VP      TV      TV SKEW TV DEWPT T  SD DPT SKW DPT NOBS TP NOBS TV   
           MEAN                    MEAN      SD            MEAN                                   
     KM      MB      MB          KELVIN  KELVIN          KELVIN  KELVIN                           
  0.000  16.000   6.000    0.00  291.00    6.00    0.00  290.00    7.00    0.00       0       0
  0.004  13.847   8.168    0.44  288.11    9.84   -0.17  282.23   10.22   -0.44   18798   18798
  0.500  11.275   7.001    0.41  286.88    9.74   -0.40  278.80   10.89   -0.53   18777   18777
  1.000   9.289   5.978    0.36  284.38    9.32   -0.52  275.39   12.21   -0.94   18782   18782
  1.500   7.490   5.101    0.36  282.02    8.67   -0.63  271.59   13.55   -1.05   18778   18778
  2.000   5.808   4.219    0.45  279.70    8.06   -0.71  267.56   14.08   -0.98   18788   18788
  2.500   4.457   3.441    0.58  277.33    7.61   -0.75  263.66   14.27   -0.90   18781   18781
  3.000   3.456   2.814    0.69  274.90    7.27   -0.79  260.05   14.36   -0.81   18775   18775
  3.500   2.667   2.287    0.83  272.26    7.06   -0.80  256.56   14.31   -0.76   18775   18775
  4.000   2.060   1.871    1.00  269.46    6.96   -0.80  253.14   14.25   -0.68   18784   18784
  4.500   1.570   1.505    1.19  266.55    6.96   -0.78  249.70   14.14   -0.62   18768   18768
  5.000   1.196   1.201    1.34  263.54    7.01   -0.73  246.34   14.12   -0.59   18749   18749
  5.500   0.905   0.941    1.47  260.42    7.09   -0.68  243.15   13.88   -0.55   18724   18724
  6.000   0.686   0.739    1.58  257.20    7.18   -0.61  240.05   13.67   -0.50   18679   18679
  6.500   0.517   0.569    1.71  253.84    7.26   -0.53  237.10   13.40   -0.50   18636   18636
  7.000   0.388   0.435    1.73  250.42    7.30   -0.44  234.16   13.21   -0.49   18534   18534
  7.500   0.289   0.330    1.75  246.95    7.28   -0.35  231.38   12.94   -0.48   18252   18252
  8.000   0.208   0.243    1.83  243.39    7.23   -0.25  228.44   12.63   -0.49   17912   17912
  8.500   0.145   0.173    1.84  239.81    7.12   -0.16  225.47   12.27   -0.49   17369   17369
  9.000   0.098   0.121    1.89  236.24    6.93   -0.08  222.29   11.92   -0.48   16746   16746
  9.500   0.064   0.081    1.95  232.76    6.62   -0.00  218.97   11.47   -0.46   16198   16198
 10.000   0.040   0.053    2.12  229.34    6.31    0.02  215.48   10.92   -0.40   15455   15455
 10.500   0.024   0.034    2.42  226.08    5.93    0.01  211.89   10.32   -0.33   14605   14605
 11.000   0.015   0.021    2.54  223.20    5.47   -0.04  208.81    9.66   -0.31   13803   13803
 11.500 999.900 999.900  999.90  220.63    5.14   -0.13  205.93    9.09   -0.30   12851   12851
 12.000 999.900 999.900  999.90  218.42    4.93   -0.16  203.10    8.59   -0.22   11776   11776
 12.500 999.900 999.900  999.90  216.77    4.66   -0.07  200.32    7.99   -0.09   10440   10440
 13.000 999.900 999.900  999.90  215.46    4.52    0.04  197.59    7.33    0.19    9374    9374
 13.500 999.900 999.900  999.90  214.29    4.51    0.10  195.15    6.75    0.59    7875    7875
 14.000 999.900 999.900  999.90  213.16    4.56    0.10  193.81    6.47    0.88    6515    6515
 14.500 999.900 999.900  999.90  212.23    4.47    0.10  193.03    6.29    1.01    5416    5416
 15.000 999.900 999.900  999.90  211.40    4.36    0.07  192.41    6.03    1.15    4478    4478
 15.500 999.900 999.900  999.90  210.66    4.28    0.05  191.90    5.80    1.28    3658    3658
 16.000 999.900 999.900  999.90  210.04    4.19   -0.00  191.53    5.65    1.43    3020    3020
 16.500 999.900 999.900  999.90  209.65    4.07   -0.03  191.31    5.48    1.43    2469    2469
 17.000 999.900 999.900  999.90  209.61    3.88   -0.05  191.09    5.39    1.51    2159    2159
 17.500 999.900 999.900  999.90  209.76    3.66   -0.10  190.98    5.39    1.57    2059    2059
 18.000 999.900 999.900  999.90  210.04    3.48   -0.17  190.89    5.41    1.56    2092    2092
 18.500 999.900 999.900  999.90  210.45    3.34   -0.24  190.86    5.35    1.50    2333    2333
 19.000 999.900 999.900  999.90  211.00    3.21   -0.32  190.89    5.42    1.49    2940    2940
 19.500 999.900 999.900  999.90  211.64    3.12   -0.39  190.83    5.45    1.52    3802    3802
 20.000 999.900 999.900  999.90  212.30    3.10   -0.47  190.84    5.46    1.51    5069    5069
 20.500 999.900 999.900  999.90  212.95    3.13   -0.50  190.75    5.36    1.58    6423    6423
 21.000 999.900 999.900  999.90  213.63    3.17   -0.52  190.73    5.28    1.66    7795    7795
 21.500 999.900 999.900  999.90  214.28    3.23   -0.56  190.78    5.30    1.69    8799    8799
 22.000 999.900 999.900  999.90  214.93    3.31   -0.58  190.88    5.36    1.71    9462    9462
 22.500 999.900 999.900  999.90  215.57    3.42   -0.56  191.00    5.44    1.72    9963    9963
 23.000 999.900 999.900  999.90  216.23    3.56   -0.53  191.12    5.51    1.72   10455   10455
 23.500 999.900 999.900  999.90  216.88    3.69   -0.51  191.25    5.60    1.72   10885   10885
 24.000 999.900 999.900  999.90  217.56    3.84   -0.49  191.44    5.74    1.74   11353   11353
 24.500 999.900 999.900  999.90  218.19    3.99   -0.48  191.59    5.80    1.71   11591   11591
 25.000 999.900 999.900  999.90  218.87    4.13   -0.46  191.75    5.90    1.69   11817   11817
 25.500 999.900 999.900  999.90  219.54    4.29   -0.46  191.91    5.97    1.68   11987   11987
 26.000 999.900 999.900  999.90  220.21    4.46   -0.44  192.11    6.10    1.67   12108   12108
 26.500 999.900 999.900  999.90  221.07    4.59   -0.48  192.30    6.18    1.65   12304   12304
 27.000 999.900 999.900  999.90  221.69    4.78   -0.44  192.51    6.33    1.64   12231   12231
 27.500 999.900 999.900  999.90  222.29    4.87   -0.42  192.71    6.48    1.64   12095   12095
 28.000 999.900 999.900  999.90  223.02    5.00   -0.44  192.94    6.62    1.62   11961   11961
 28.500 999.900 999.900  999.90  223.79    5.13   -0.45  193.17    6.77    1.60   11658   11658
 29.000 999.900 999.900  999.90  224.59    5.24   -0.46  193.35    6.92    1.63   11198   11198
 29.500 999.900 999.900  999.90  225.46    5.36   -0.49  193.49    7.02    1.68   10540   10540
 30.000 999.900 999.900  999.90  226.30    5.45   -0.51  193.56    7.10    1.73    9466    9466
