      72269      32.94N  106.42W
  T A B L E  III -   1.  M O I S T U R E  R E L A T E D  S T A T I S T I C A L  P A R A M E T E R S
                                   January
 Station =   72269      White Sands Missile Range
      Z VAPOR P   SD VP SKEW VP      TV      TV SKEW TV DEWPT T  SD DPT SKW DPT NOBS TP NOBS TV   
           MEAN                    MEAN      SD            MEAN                                   
     KM      MB      MB          KELVIN  KELVIN          KELVIN  KELVIN                           
  0.000  16.000   6.000    0.00  291.00    6.00    0.00  290.00    7.00    0.00       0       0
  1.219   3.456   2.325    0.29  279.46    6.87   -0.06  267.31    5.40    0.12     530     530
  1.500   3.528   1.894    0.23  279.57    4.99   -0.34  266.33    5.01    0.19     588     588
  2.000   3.385   1.453    0.90  277.29    4.47   -0.33  264.24    5.50   -0.07     654     654
  2.500   2.815   1.409    0.81  274.81    4.36   -0.36  261.37    6.95   -0.73     654     654
  3.000   2.083   1.362    0.87  272.30    4.44   -0.44  256.33    9.53   -0.74     654     654
  3.500   1.524   1.193    1.05  269.71    4.49   -0.38  251.57   10.83   -0.49     654     654
  4.000   1.133   1.007    1.29  266.89    4.50   -0.34  247.45   11.40   -0.28     653     653
  4.500   0.888   0.785    1.33  263.80    4.45   -0.40  244.89   11.02   -0.32     652     652
  5.000   0.664   0.615    1.45  260.49    4.46   -0.47  242.01   10.61   -0.27     640     640
  5.500   0.512   0.499    1.34  257.21    4.53   -0.61  239.81   10.78   -0.36     600     600
  6.000   0.391   0.379    1.43  253.63    4.53   -0.60  237.22   10.51   -0.43     595     595
  6.500   0.276   0.289    1.58  250.02    4.58   -0.50  233.50   10.48   -0.23     588     588
  7.000   0.199   0.219    1.50  246.44    4.63   -0.38  230.04   10.65   -0.17     583     583
  7.500   0.133   0.159    1.67  242.72    4.52   -0.22  227.00   10.45   -0.17     536     536
  8.000   0.082   0.112    1.72  239.09    4.23   -0.06  224.58   10.23   -0.26     436     436
  8.500   0.050   0.077    1.71  235.58    3.95    0.15  221.74   10.26   -0.33     364     364
  9.000   0.022   0.045    2.38  232.13    3.72    0.33  218.25   10.18   -0.33     236     236
  9.500   0.008   0.022    3.55  228.88    3.72    0.46  213.01    9.12    0.02     164     164
 10.000 999.900 999.900  999.90  225.82    3.95    0.85  210.10    8.40    0.08     163     163
 10.500 999.900 999.900  999.90  223.07    4.32    1.09  207.48    7.47    0.07     159     159
 11.000 999.900 999.900  999.90  220.91    4.78    0.99  203.98    7.12    0.26     142     142
 11.500 999.900 999.900  999.90  219.13    5.09    0.74  200.31    6.68    0.50     127     127
 12.000 999.900 999.900  999.90  217.93    5.19    0.46  195.20    4.89    1.38      93      93
 12.500 999.900 999.900  999.90  217.07    5.14    0.10  192.07    3.28    1.45      87      87
 13.000 999.900 999.900  999.90  216.52    4.67   -0.19  190.22    2.39    1.17      89      89
 13.500 999.900 999.900  999.90  215.88    4.07   -0.30  188.76    1.81    0.04      81      81
 14.000 999.900 999.900  999.90  214.68    3.62   -0.19  187.58    1.90   -0.15      73      73
 14.500 999.900 999.900  999.90  213.34    3.57   -0.23  187.02    1.73   -0.48      44      44
 15.000 999.900 999.900  999.90  211.92    3.58   -0.11  186.99    1.47   -0.47      23      23
 15.500 999.900 999.900  999.90  210.42    3.70    0.03  187.09    1.15   -0.21      12      12
 16.000 999.900 999.900  999.90  209.09    3.80    0.04  999.90  999.90  999.90       0       0
 16.500 999.900 999.900  999.90  207.90    3.77    0.06  999.90  999.90  999.90       0       0
 17.000 999.900 999.900  999.90  207.12    3.76    0.23  999.90  999.90  999.90       0       0
 17.500 999.900 999.900  999.90  206.73    3.78    0.41  999.90  999.90  999.90       0       0
 18.000 999.900 999.900  999.90  206.55    3.81    0.26  999.90  999.90  999.90       0       0
 18.500 999.900 999.900  999.90  206.92    3.67    0.11  999.90  999.90  999.90       0       0
 19.000 999.900 999.900  999.90  207.07    3.35   -0.09  999.90  999.90  999.90       0       0
 19.500 999.900 999.900  999.90  207.20    3.47   -0.16  999.90  999.90  999.90       0       0
 20.000 999.900 999.900  999.90  207.79    3.63   -0.15  999.90  999.90  999.90       0       0
 20.500 999.900 999.900  999.90  208.51    3.66   -0.55  999.90  999.90  999.90       0       0
 21.000 999.900 999.900  999.90  209.52    3.55   -0.56  999.90  999.90  999.90       0       0
 21.500 999.900 999.900  999.90  210.67    3.29   -0.53  185.20    1.45    0.31      11      11
 22.000 999.900 999.900  999.90  211.49    3.33   -0.76  184.54    1.50    0.18      20      20
 22.500 999.900 999.900  999.90  211.97    3.56   -0.54  185.13    1.66    0.21      24      24
 23.000 999.900 999.900  999.90  212.50    3.55   -0.63  184.97    1.69    0.31      26      26
 23.500 999.900 999.900  999.90  212.96    3.66   -0.75  185.20    1.59    0.66      26      26
 24.000 999.900 999.900  999.90  213.57    3.80   -0.72  185.74    1.78    0.43      28      28
 24.500 999.900 999.900  999.90  214.36    3.77   -0.65  185.98    1.71    0.61      27      27
 25.000 999.900 999.900  999.90  215.00    3.57   -0.59  186.11    1.77    0.72      29      29
 25.500 999.900 999.900  999.90  215.68    3.13   -0.66  186.39    1.39    0.21      28      28
 26.000 999.900 999.900  999.90  216.41    2.99   -0.58  186.50    1.73    0.65      34      34
 26.500 999.900 999.900  999.90  217.18    2.96   -0.27  186.62    2.23    0.39      39      39
 27.000 999.900 999.900  999.90  217.97    2.77   -0.45  187.02    2.18    0.46      43      43
 27.500 999.900 999.900  999.90  218.74    2.69   -0.23  187.40    2.24    0.60      43      43
 28.000 999.900 999.900  999.90  219.43    2.73   -0.23  188.14    2.32    0.46      44      44
 28.500 999.900 999.900  999.90  219.82    2.68   -0.45  188.60    2.22    0.28      44      44
 29.000 999.900 999.900  999.90  220.71    2.96   -0.41  189.40    2.28    0.04      44      44
 29.500 999.900 999.900  999.90  221.69    3.25   -0.17  190.34    2.34    0.28      41      41
 30.000 999.900 999.900  999.90  222.44    3.53   -0.24  190.97    2.83    0.35      32      32
  T A B L E  III -   2.  M O I S T U R E  R E L A T E D  S T A T I S T I C A L  P A R A M E T E R S
                                  February
 Station =   72269      White Sands Missile Range
      Z VAPOR P   SD VP SKEW VP      TV      TV SKEW TV DEWPT T  SD DPT SKW DPT NOBS TP NOBS TV   
           MEAN                    MEAN      SD            MEAN                                   
     KM      MB      MB          KELVIN  KELVIN          KELVIN  KELVIN                           
  0.000  16.000   6.000    0.00  291.00    6.00    0.00  290.00    7.00    0.00       0       0
  1.219   3.243   2.236    0.05  280.58    6.99   -0.04  267.01    5.40   -0.40     689     689
  1.500   3.208   1.869   -0.06  280.81    5.53   -0.33  265.51    5.48   -0.39     762     762
  2.000   3.238   1.317    0.38  278.38    4.86   -0.09  263.65    5.67   -0.51     883     883
  2.500   2.745   1.316    0.42  275.63    4.45   -0.02  261.02    7.16   -0.95     883     883
  3.000   2.125   1.273    0.53  272.84    4.37   -0.13  256.75    9.47   -1.00     883     883
  3.500   1.561   1.112    0.72  269.91    4.24   -0.14  252.15   10.62   -0.69     883     883
  4.000   1.132   0.916    0.95  266.89    4.18   -0.16  247.88   11.00   -0.44     881     881
  4.500   0.841   0.722    1.13  263.76    4.08   -0.16  244.50   10.70   -0.31     880     880
  5.000   0.593   0.570    1.40  260.52    4.14   -0.27  241.03   10.58   -0.22     842     842
  5.500   0.454   0.457    1.39  257.14    4.24   -0.35  238.24   10.71   -0.20     822     822
  6.000   0.342   0.357    1.46  253.64    4.28   -0.40  235.34   10.69   -0.19     810     810
  6.500   0.254   0.277    1.55  250.04    4.22   -0.42  232.51   10.55   -0.15     793     793
  7.000   0.187   0.211    1.63  246.34    4.17   -0.41  229.40   10.54   -0.14     787     787
  7.500   0.132   0.157    1.74  242.61    4.18   -0.31  226.56   10.22   -0.06     753     753
  8.000   0.083   0.114    1.93  238.80    4.09   -0.18  224.15    9.94   -0.08     624     624
  8.500   0.053   0.077    1.87  235.14    4.07    0.03  221.72    9.59   -0.22     537     537
  9.000   0.022   0.045    2.60  231.63    3.91    0.10  218.44    9.04   -0.13     335     335
  9.500   0.009   0.022    3.57  228.29    3.67    0.14  213.56    8.19   -0.04     246     246
 10.000 999.900 999.900  999.90  225.29    3.65    0.46  210.26    7.32    0.13     242     242
 10.500 999.900 999.900  999.90  222.68    3.90    0.65  206.63    6.78    0.46     239     239
 11.000 999.900 999.900  999.90  220.60    4.58    0.62  203.22    7.02    0.56     211     211
 11.500 999.900 999.900  999.90  219.28    5.29    0.42  199.92    6.57    0.75     200     200
 12.000 999.900 999.900  999.90  218.47    5.56    0.19  195.68    4.99    1.35     175     175
 12.500 999.900 999.900  999.90  217.75    5.36   -0.11  192.32    3.29    1.28     157     157
 13.000 999.900 999.900  999.90  217.11    4.74   -0.46  190.44    2.33    0.91     164     164
 13.500 999.900 999.900  999.90  216.07    4.18   -0.83  188.77    2.05    0.24     165     165
 14.000 999.900 999.900  999.90  214.75    3.83   -0.73  187.55    1.96    0.05     145     145
 14.500 999.900 999.900  999.90  213.31    3.58   -0.29  186.83    1.84   -0.17      90      90
 15.000 999.900 999.900  999.90  211.81    3.45   -0.05  186.62    1.47    0.05      44      44
 15.500 999.900 999.900  999.90  210.32    3.49    0.03  185.94    1.82    0.10      25      25
 16.000 999.900 999.900  999.90  209.02    3.47    0.16  185.27    1.74    0.28      10      10
 16.500 999.900 999.900  999.90  208.02    3.56    0.35  185.12    2.14    0.75      11      11
 17.000 999.900 999.900  999.90  207.36    3.74    0.44  184.96    2.75    0.99      10      10
 17.500 999.900 999.900  999.90  206.97    3.75    0.21  999.90  999.90  999.90       0       0
 18.000 999.900 999.900  999.90  206.89    3.87   -0.01  999.90  999.90  999.90       0       0
 18.500 999.900 999.900  999.90  207.12    3.81   -0.23  999.90  999.90  999.90       0       0
 19.000 999.900 999.900  999.90  207.21    3.82   -0.42  999.90  999.90  999.90       0       0
 19.500 999.900 999.900  999.90  207.28    3.62   -0.39  999.90  999.90  999.90       0       0
 20.000 999.900 999.900  999.90  208.01    3.54   -0.31  185.85    2.16    0.72      14      14
 20.500 999.900 999.900  999.90  208.74    3.28   -0.51  999.90  999.90  999.90       0       0
 21.000 999.900 999.900  999.90  209.52    3.04   -0.58  185.02    1.94    0.19      14      14
 21.500 999.900 999.900  999.90  210.25    2.84   -0.47  184.72    1.67    0.33      24      24
 22.000 999.900 999.900  999.90  210.94    2.84   -0.57  184.66    1.74    0.65      44      44
 22.500 999.900 999.900  999.90  211.73    2.65   -0.49  185.05    1.68    0.28      54      54
 23.000 999.900 999.900  999.90  212.33    2.59   -0.50  185.00    1.60    0.68      62      62
 23.500 999.900 999.900  999.90  212.96    2.63   -0.42  185.37    2.19    1.89      78      78
 24.000 999.900 999.900  999.90  213.77    2.63   -0.56  185.91    2.09    1.61      88      88
 24.500 999.900 999.900  999.90  214.47    2.57   -0.44  186.22    2.27    1.42     120     120
 25.000 999.900 999.900  999.90  215.31    2.64   -0.07  186.57    2.36    1.19     128     128
 25.500 999.900 999.900  999.90  216.04    2.65   -0.09  187.06    2.39    1.32     130     130
 26.000 999.900 999.900  999.90  216.68    2.68   -0.04  187.37    2.48    1.40     132     132
 26.500 999.900 999.900  999.90  217.37    2.76    0.08  187.76    2.56    1.24     135     135
 27.000 999.900 999.900  999.90  218.17    2.52    0.19  188.07    2.59    1.26     138     138
 27.500 999.900 999.900  999.90  218.91    2.59    0.40  188.35    2.64    0.93     138     138
 28.000 999.900 999.900  999.90  219.80    2.71    0.59  188.77    2.79    0.82     136     136
 28.500 999.900 999.900  999.90  220.63    2.78    0.52  189.23    2.68    0.87     131     131
 29.000 999.900 999.900  999.90  221.69    3.03    0.41  189.93    2.77    0.81     124     124
 29.500 999.900 999.900  999.90  222.66    3.06    0.49  190.67    2.49    0.72     117     117
 30.000 999.900 999.900  999.90  223.66    3.21    0.51  191.33    2.53    1.06     103     103
  T A B L E  III -   3.  M O I S T U R E  R E L A T E D  S T A T I S T I C A L  P A R A M E T E R S
                                     March
 Station =   72269      White Sands Missile Range
      Z VAPOR P   SD VP SKEW VP      TV      TV SKEW TV DEWPT T  SD DPT SKW DPT NOBS TP NOBS TV   
           MEAN                    MEAN      SD            MEAN                                   
     KM      MB      MB          KELVIN  KELVIN          KELVIN  KELVIN                           
  0.000  16.000   6.000    0.00  291.00    6.00    0.00  290.00    7.00    0.00       0       0
  1.219   3.222   2.295    0.16  284.16    7.26    0.00  267.01    5.52   -0.28     722     722
  1.500   3.297   1.967    0.04  284.29    5.24   -0.36  265.71    5.95   -0.67     808     808
  2.000   3.374   1.381    0.42  281.33    4.68   -0.25  264.14    5.87   -0.76     935     935
  2.500   2.863   1.220    0.38  277.95    4.43   -0.34  261.93    6.15   -0.86     935     935
  3.000   2.264   1.100    0.36  274.52    4.22   -0.47  258.50    7.45   -1.13     935     935
  3.500   1.632   1.034    0.55  271.26    4.04   -0.64  253.34    9.60   -0.79     935     935
  4.000   1.181   0.900    0.78  267.97    3.99   -0.63  248.48   11.00   -0.56     935     935
  4.500   0.811   0.694    1.06  264.65    3.96   -0.58  243.93   10.95   -0.33     933     933
  5.000   0.560   0.537    1.27  261.40    3.93   -0.69  240.07   11.03   -0.23     893     893
  5.500   0.403   0.407    1.50  258.01    3.78   -0.62  236.83   10.72   -0.21     878     878
  6.000   0.296   0.299    1.55  254.39    3.74   -0.59  234.11   10.15   -0.25     870     870
  6.500   0.215   0.231    1.72  250.86    3.72   -0.61  231.54    9.69   -0.17     829     829
  7.000   0.164   0.185    1.81  247.13    3.79   -0.56  228.83    9.72   -0.12     824     824
  7.500   0.117   0.141    2.10  243.45    3.77   -0.42  226.07    9.46   -0.06     789     789
  8.000   0.078   0.102    2.02  239.80    3.66   -0.31  223.42    9.50   -0.13     699     699
  8.500   0.048   0.068    1.97  236.03    3.59   -0.10  220.85    9.01   -0.18     596     596
  9.000   0.021   0.043    2.55  232.35    3.48    0.28  218.83    8.69   -0.14     339     339
  9.500   0.010   0.025    3.19  228.78    3.35    0.56  215.01    8.53   -0.05     256     256
 10.000 999.900 999.900  999.90  225.35    3.34    0.74  211.82    7.65    0.09     252     252
 10.500 999.900 999.900  999.90  222.31    3.54    0.87  208.55    6.83    0.16     245     245
 11.000 999.900 999.900  999.90  219.82    4.01    0.93  205.78    6.46    0.13     223     223
 11.500 999.900 999.900  999.90  217.98    4.64    0.70  202.20    6.48    0.20     192     192
 12.000 999.900 999.900  999.90  216.84    5.17    0.40  196.63    5.63    0.85     146     146
 12.500 999.900 999.900  999.90  216.29    5.28   -0.00  192.21    3.27    0.97     129     129
 13.000 999.900 999.900  999.90  216.06    4.64   -0.34  189.63    2.09    0.34     133     133
 13.500 999.900 999.900  999.90  215.48    3.78   -0.30  188.10    1.89    0.69     133     133
 14.000 999.900 999.900  999.90  214.58    3.26   -0.38  186.86    1.89    0.46     119     119
 14.500 999.900 999.900  999.90  213.19    3.13   -0.36  186.44    1.84    0.08      78      78
 15.000 999.900 999.900  999.90  211.69    3.13   -0.13  186.03    2.10    0.09      38      38
 15.500 999.900 999.900  999.90  210.49    3.18    0.05  185.81    2.06    0.60      26      26
 16.000 999.900 999.900  999.90  209.48    3.28    0.12  186.26    2.29    0.16      15      15
 16.500 999.900 999.900  999.90  208.54    3.64    0.18  999.90  999.90  999.90       0       0
 17.000 999.900 999.900  999.90  207.81    3.78    0.01  999.90  999.90  999.90       0       0
 17.500 999.900 999.900  999.90  207.61    3.80    0.02  999.90  999.90  999.90       0       0
 18.000 999.900 999.900  999.90  207.62    3.77    0.17  186.65    2.31    1.26      10      10
 18.500 999.900 999.900  999.90  207.63    3.46    0.07  999.90  999.90  999.90       0       0
 19.000 999.900 999.900  999.90  207.75    3.11   -0.05  999.90  999.90  999.90       0       0
 19.500 999.900 999.900  999.90  208.13    2.91   -0.26  999.90  999.90  999.90       0       0
 20.000 999.900 999.900  999.90  208.70    2.69   -0.03  999.90  999.90  999.90       0       0
 20.500 999.900 999.900  999.90  209.52    2.65   -0.27  999.90  999.90  999.90       0       0
 21.000 999.900 999.900  999.90  210.47    2.56   -0.46  184.49    1.63    1.01      14      14
 21.500 999.900 999.900  999.90  211.08    2.51   -0.62  184.09    0.97    0.01      20      20
 22.000 999.900 999.900  999.90  211.85    2.42   -0.43  184.63    1.41    0.63      36      36
 22.500 999.900 999.900  999.90  212.68    2.18   -0.23  184.63    1.66    0.97      48      48
 23.000 999.900 999.900  999.90  213.35    2.15   -0.00  184.91    1.62    1.24      67      67
 23.500 999.900 999.900  999.90  214.01    2.12   -0.19  185.32    1.76    0.87      89      89
 24.000 999.900 999.900  999.90  214.76    2.15   -0.11  185.59    1.87    0.69      99      99
 24.500 999.900 999.900  999.90  215.50    2.29   -0.17  185.93    1.97    0.73     114     114
 25.000 999.900 999.900  999.90  216.24    2.46   -0.07  186.48    2.03    0.74     117     117
 25.500 999.900 999.900  999.90  217.15    2.45   -0.14  187.09    2.01    0.63     121     121
 26.000 999.900 999.900  999.90  218.02    2.56    0.12  187.56    2.17    0.46     125     125
 26.500 999.900 999.900  999.90  218.93    2.69    0.52  188.13    2.26    0.60     126     126
 27.000 999.900 999.900  999.90  219.98    2.71    0.98  188.65    2.39    0.76     130     130
 27.500 999.900 999.900  999.90  221.08    2.79    0.78  189.60    2.37    0.88     131     131
 28.000 999.900 999.900  999.90  222.25    2.94    0.61  190.39    2.37    0.89     130     130
 28.500 999.900 999.900  999.90  223.45    3.32    0.95  191.39    2.68    1.08     129     129
 29.000 999.900 999.900  999.90  224.61    3.67    1.15  192.24    3.10    1.13     123     123
 29.500 999.900 999.900  999.90  225.81    3.62    0.98  192.97    3.09    1.06     120     120
 30.000 999.900 999.900  999.90  226.93    3.67    0.86  193.77    3.10    0.83     112     112
  T A B L E  III -   4.  M O I S T U R E  R E L A T E D  S T A T I S T I C A L  P A R A M E T E R S
                                     April
 Station =   72269      White Sands Missile Range
      Z VAPOR P   SD VP SKEW VP      TV      TV SKEW TV DEWPT T  SD DPT SKW DPT NOBS TP NOBS TV   
           MEAN                    MEAN      SD            MEAN                                   
     KM      MB      MB          KELVIN  KELVIN          KELVIN  KELVIN                           
  0.000  16.000   6.000    0.00  291.00    6.00    0.00  290.00    7.00    0.00       0       0
  1.219   3.886   2.473    0.90  288.81    7.10    0.06  267.76    5.79    0.17     703     703
  1.500   3.820   2.127    0.78  289.00    4.98   -0.20  267.02    5.42    0.26     738     738
  2.000   3.632   1.504    1.12  285.64    4.66   -0.41  265.26    5.21    0.05     808     808
  2.500   3.119   1.346    1.22  281.90    4.51   -0.58  263.18    5.61   -0.59     808     808
  3.000   2.575   1.185    0.96  277.96    4.43   -0.65  260.42    6.72   -1.33     808     808
  3.500   1.981   1.072    0.57  274.17    4.30   -0.76  256.51    8.16   -1.03     808     808
  4.000   1.498   0.961    0.57  270.55    4.18   -0.92  252.15   10.06   -0.97     807     807
  4.500   1.070   0.793    0.83  266.95    4.11   -1.00  247.76   10.48   -0.65     804     804
  5.000   0.722   0.624    1.21  263.44    4.08   -1.05  243.44   10.28   -0.37     781     781
  5.500   0.512   0.481    1.57  259.91    4.02   -1.08  239.70   10.18   -0.29     773     773
  6.000   0.360   0.357    1.81  256.43    3.93   -1.12  236.10    9.69   -0.12     772     772
  6.500   0.259   0.273    1.94  252.81    3.93   -1.10  232.96    9.50    0.01     753     753
  7.000   0.193   0.210    1.94  249.13    3.93   -1.03  229.94    9.56    0.03     748     748
  7.500   0.139   0.158    2.04  245.38    3.79   -0.88  227.22    9.29    0.04     727     727
  8.000   0.094   0.115    2.10  241.66    3.58   -0.53  224.25    9.49   -0.10     660     660
  8.500   0.063   0.083    2.16  237.95    3.36   -0.28  221.32    9.24   -0.09     619     619
  9.000   0.030   0.056    2.52  234.28    3.17   -0.12  218.95    9.22    0.05     384     384
  9.500   0.011   0.030    4.10  230.61    3.09   -0.02  215.55    9.09    0.03     201     201
 10.000 999.900 999.900  999.90  227.10    3.13    0.20  211.54    8.15    0.14     176     176
 10.500 999.900 999.900  999.90  223.74    3.26    0.52  208.26    7.22    0.10     170     170
 11.000 999.900 999.900  999.90  220.61    3.60    0.79  205.34    6.35    0.18     165     165
 11.500 999.900 999.900  999.90  217.92    4.14    0.94  202.55    5.66    0.26     157     157
 12.000 999.900 999.900  999.90  215.99    4.73    0.93  197.64    4.66    1.24     106     106
 12.500 999.900 999.900  999.90  214.88    5.19    0.63  193.56    2.56    0.29      92      92
 13.000 999.900 999.900  999.90  214.37    5.09    0.22  191.45    2.19    0.10      94      94
 13.500 999.900 999.900  999.90  214.02    4.69   -0.08  189.82    2.13   -0.10      90      90
 14.000 999.900 999.900  999.90  213.47    4.16   -0.22  188.50    2.07   -0.22      90      90
 14.500 999.900 999.900  999.90  212.60    3.79   -0.32  187.76    2.29   -0.23      75      75
 15.000 999.900 999.900  999.90  211.58    3.54   -0.10  187.57    2.44    0.00      44      44
 15.500 999.900 999.900  999.90  210.58    3.46    0.04  187.31    2.63    0.17      33      33
 16.000 999.900 999.900  999.90  209.70    3.58    0.17  187.96    1.78   -0.51      19      19
 16.500 999.900 999.900  999.90  208.75    3.57    0.27  187.85    1.86   -0.41      10      10
 17.000 999.900 999.900  999.90  207.93    3.60    0.22  186.74    2.41   -0.43      10      10
 17.500 999.900 999.900  999.90  207.65    3.77    0.15  999.90  999.90  999.90       0       0
 18.000 999.900 999.900  999.90  207.71    3.72    0.12  999.90  999.90  999.90       0       0
 18.500 999.900 999.900  999.90  207.92    3.38   -0.27  999.90  999.90  999.90       0       0
 19.000 999.900 999.900  999.90  208.37    2.87   -0.40  999.90  999.90  999.90       0       0
 19.500 999.900 999.900  999.90  209.02    3.01   -0.03  999.90  999.90  999.90       0       0
 20.000 999.900 999.900  999.90  209.85    2.68    0.24  999.90  999.90  999.90       0       0
 20.500 999.900 999.900  999.90  210.99    2.55    0.38  186.41    2.23    0.19      12      12
 21.000 999.900 999.900  999.90  211.92    2.60    0.05  185.65    2.09    0.12      28      28
 21.500 999.900 999.900  999.90  212.95    2.33    0.03  185.82    1.63    0.42      46      46
 22.000 999.900 999.900  999.90  214.07    2.07    0.22  185.94    1.82   -0.10      70      70
 22.500 999.900 999.900  999.90  214.99    1.98   -0.22  186.62    1.92   -0.00      76      76
 23.000 999.900 999.900  999.90  215.83    1.94    0.06  186.81    2.13    0.01      80      80
 23.500 999.900 999.900  999.90  216.64    2.07    0.25  187.23    2.39    0.05      87      87
 24.000 999.900 999.900  999.90  217.40    2.15    0.52  187.74    2.42    0.11      87      87
 24.500 999.900 999.900  999.90  218.15    2.23    0.54  188.05    2.52    0.26      90      90
 25.000 999.900 999.900  999.90  219.10    2.64    0.43  188.55    2.75    0.18      91      91
 25.500 999.900 999.900  999.90  220.04    2.63    0.41  189.15    2.70    0.20      91      91
 26.000 999.900 999.900  999.90  220.99    2.74    0.56  189.66    2.67    0.17      91      91
 26.500 999.900 999.900  999.90  221.95    2.84    0.34  190.22    2.75    0.09      90      90
 27.000 999.900 999.900  999.90  222.77    2.70    0.17  190.84    2.78   -0.10      89      89
 27.500 999.900 999.900  999.90  223.81    2.61    0.23  191.57    2.62   -0.14      87      87
 28.000 999.900 999.900  999.90  224.99    2.89    0.23  192.42    2.78   -0.15      85      85
 28.500 999.900 999.900  999.90  226.09    2.97    0.21  193.19    2.94   -0.08      83      83
 29.000 999.900 999.900  999.90  227.04    3.07    0.15  194.00    3.08   -0.02      82      82
 29.500 999.900 999.900  999.90  228.29    3.31    0.36  194.95    3.24    0.17      78      78
 30.000 999.900 999.900  999.90  229.38    3.37    0.12  195.84    3.36   -0.08      75      75
  T A B L E  III -   5.  M O I S T U R E  R E L A T E D  S T A T I S T I C A L  P A R A M E T E R S
                                       May
 Station =   72269      White Sands Missile Range
      Z VAPOR P   SD VP SKEW VP      TV      TV SKEW TV DEWPT T  SD DPT SKW DPT NOBS TP NOBS TV   
           MEAN                    MEAN      SD            MEAN                                   
     KM      MB      MB          KELVIN  KELVIN          KELVIN  KELVIN                           
  0.000  16.000   6.000    0.00  291.00    6.00    0.00  290.00    7.00    0.00       0       0
  1.219   5.673   3.780    0.55  294.36    6.71    0.17  272.28    7.14    0.07     669     669
  1.500   5.324   3.158    0.39  294.15    4.66   -0.10  271.09    6.72   -0.06     694     694
  2.000   5.064   2.333    0.71  290.61    4.37   -0.30  269.30    6.32   -0.08     761     761
  2.500   4.354   1.954    0.66  286.75    4.05   -0.37  267.35    6.10   -0.12     761     761
  3.000   3.688   1.718    0.75  282.77    3.83   -0.42  265.09    6.28   -0.27     761     761
  3.500   3.056   1.492    0.52  278.79    3.56   -0.44  262.42    7.05   -0.75     760     760
  4.000   2.404   1.263    0.29  274.95    3.25   -0.43  258.88    8.63   -1.35     757     757
  4.500   1.836   1.058    0.21  271.19    2.94   -0.36  255.11    9.41   -1.12     756     756
  5.000   1.335   0.908    0.29  267.52    2.73   -0.29  251.12   10.40   -0.99     729     729
  5.500   0.950   0.731    0.51  263.87    2.62   -0.29  246.83   10.90   -0.76     718     718
  6.000   0.651   0.554    0.92  260.35    2.58   -0.24  242.60   10.34   -0.47     718     718
  6.500   0.433   0.398    1.21  256.79    2.63   -0.25  238.52    9.70   -0.24     707     707
  7.000   0.300   0.291    1.35  253.20    2.69   -0.27  234.63    9.60   -0.13     704     704
  7.500   0.201   0.204    1.51  249.45    2.71   -0.26  230.96    9.20   -0.08     692     692
  8.000   0.131   0.144    1.84  245.64    2.80   -0.29  227.41    8.80   -0.04     662     662
  8.500   0.091   0.100    1.80  241.74    2.90   -0.31  224.22    8.46   -0.01     653     653
  9.000   0.057   0.070    1.98  237.81    2.92   -0.32  221.24    8.23   -0.03     574     574
  9.500   0.021   0.044    2.95  233.85    2.87   -0.26  219.17    7.97    0.17     267     267
 10.000   0.009   0.025    4.12  229.91    2.83   -0.15  215.41    7.35    0.39     192     192
 10.500 999.900 999.900  999.90  226.12    2.73   -0.07  211.17    5.53    0.52     158     158
 11.000 999.900 999.900  999.90  222.56    2.57    0.23  208.26    4.78    0.35     157     157
 11.500 999.900 999.900  999.90  219.30    2.58    0.44  205.03    5.07    0.11     156     156
 12.000 999.900 999.900  999.90  216.46    2.78    0.57  201.98    4.74    0.12     136     136
 12.500 999.900 999.900  999.90  214.36    3.37    0.65  197.11    3.91    0.04      85      85
 13.000 999.900 999.900  999.90  212.99    3.84    0.43  193.25    2.61   -0.26      73      73
 13.500 999.900 999.900  999.90  212.14    4.03    0.24  191.16    1.93   -0.72      61      61
 14.000 999.900 999.900  999.90  211.69    4.10    0.07  189.56    1.75   -0.13      65      65
 14.500 999.900 999.900  999.90  211.08    3.81    0.05  188.13    1.52   -0.85      47      47
 15.000 999.900 999.900  999.90  210.44    3.49    0.04  187.37    1.57   -0.79      33      33
 15.500 999.900 999.900  999.90  209.49    3.31    0.10  186.88    1.39   -0.61      25      25
 16.000 999.900 999.900  999.90  208.57    3.28   -0.08  186.36    1.83   -0.23      20      20
 16.500 999.900 999.900  999.90  207.92    3.26   -0.09  999.90  999.90  999.90       0       0
 17.000 999.900 999.900  999.90  207.42    3.37   -0.10  999.90  999.90  999.90       0       0
 17.500 999.900 999.900  999.90  207.11    3.34   -0.11  999.90  999.90  999.90       0       0
 18.000 999.900 999.900  999.90  207.28    3.17    0.01  999.90  999.90  999.90       0       0
 18.500 999.900 999.900  999.90  207.65    3.00    0.01  999.90  999.90  999.90       0       0
 19.000 999.900 999.900  999.90  208.32    3.02   -0.13  999.90  999.90  999.90       0       0
 19.500 999.900 999.900  999.90  209.35    2.96   -0.43  185.89    1.19   -0.05      10      10
 20.000 999.900 999.900  999.90  210.57    2.58   -0.07  185.77    1.96   -0.34      16      16
 20.500 999.900 999.900  999.90  211.91    2.36    0.16  185.60    1.40    0.00      29      29
 21.000 999.900 999.900  999.90  212.93    2.18    0.19  186.18    1.67   -0.08      39      39
 21.500 999.900 999.900  999.90  213.78    1.85    0.21  186.31    1.63   -0.33      52      52
 22.000 999.900 999.900  999.90  214.66    1.92    0.21  186.09    1.98    0.22      68      68
 22.500 999.900 999.900  999.90  215.95    1.83    0.17  186.50    2.00    0.34      74      74
 23.000 999.900 999.900  999.90  216.97    1.65    0.29  187.03    2.02    0.28      75      75
 23.500 999.900 999.900  999.90  217.99    1.68    0.07  187.64    1.94    0.44      77      77
 24.000 999.900 999.900  999.90  219.07    1.83    0.07  188.32    2.00    0.27      77      77
 24.500 999.900 999.900  999.90  220.14    1.69   -0.09  188.92    2.04    0.15      76      76
 25.000 999.900 999.900  999.90  221.11    1.75   -0.19  189.49    2.06    0.09      75      75
 25.500 999.900 999.900  999.90  222.14    1.87   -0.10  190.28    1.97    0.13      74      74
 26.000 999.900 999.900  999.90  223.05    2.05    0.58  190.88    2.02    0.11      73      73
 26.500 999.900 999.900  999.90  224.10    2.19    0.22  191.53    2.16    0.23      73      73
 27.000 999.900 999.900  999.90  224.94    2.16    0.19  192.16    2.15    0.05      71      71
 27.500 999.900 999.900  999.90  225.89    2.27    0.05  192.79    2.37   -0.01      69      69
 28.000 999.900 999.900  999.90  227.12    2.44    0.05  193.52    2.41    0.13      67      67
 28.500 999.900 999.900  999.90  227.88    2.51   -0.02  193.98    2.44    0.18      62      62
 29.000 999.900 999.900  999.90  228.69    2.59   -0.02  194.70    2.60    0.13      62      62
 29.500 999.900 999.900  999.90  229.78    2.53    0.07  195.32    2.80    0.08      63      63
 30.000 999.900 999.900  999.90  230.73    2.47   -0.15  196.19    2.51    0.64      55      55
  T A B L E  III -   6.  M O I S T U R E  R E L A T E D  S T A T I S T I C A L  P A R A M E T E R S
                                      June
 Station =   72269      White Sands Missile Range
      Z VAPOR P   SD VP SKEW VP      TV      TV SKEW TV DEWPT T  SD DPT SKW DPT NOBS TP NOBS TV   
           MEAN                    MEAN      SD            MEAN                                   
     KM      MB      MB          KELVIN  KELVIN          KELVIN  KELVIN                           
  0.000  16.000   6.000    0.00  291.00    6.00    0.00  290.00    7.00    0.00       0       0
  1.219   7.130   4.836    0.13  300.44    6.26   -0.02  277.11    6.41   -0.31     782     782
  1.500   6.873   4.064    0.08  299.20    4.17    0.02  275.38    6.47   -0.34     849     849
  2.000   6.766   2.912    0.50  295.92    3.58   -0.08  273.33    6.36   -0.31     968     968
  2.500   5.767   2.500    0.63  292.14    3.40   -0.22  271.17    6.15   -0.22     968     968
  3.000   4.871   2.105    0.61  288.12    3.26   -0.32  268.86    6.23   -0.55     968     968
  3.500   4.127   1.798    0.45  284.02    3.03   -0.34  266.48    6.94   -1.37     968     968
  4.000   3.444   1.539    0.19  279.87    2.79   -0.39  263.87    7.68   -1.61     968     968
  4.500   2.877   1.349    0.01  275.70    2.56   -0.40  261.33    8.17   -1.44     968     968
  5.000   2.245   1.262   -0.08  271.70    2.39   -0.35  257.86    9.59   -1.28     943     943
  5.500   1.671   1.119    0.10  267.86    2.26   -0.15  253.57   11.08   -1.04     924     924
  6.000   1.122   0.891    0.45  264.27    2.23   -0.03  248.40   11.25   -0.55     916     916
  6.500   0.688   0.654    1.03  260.93    2.36   -0.15  242.60   11.10   -0.20     903     903
  7.000   0.419   0.462    1.57  257.60    2.51   -0.29  237.07   10.79    0.06     895     895
  7.500   0.270   0.315    1.93  254.09    2.59   -0.30  233.05   10.06    0.18     877     877
  8.000   0.186   0.236    2.08  250.46    2.60   -0.38  229.80    9.82    0.31     834     834
  8.500   0.133   0.171    2.10  246.69    2.69   -0.36  226.66    9.74    0.24     825     825
  9.000   0.090   0.114    2.13  242.88    2.79   -0.31  223.80    8.93    0.22     812     812
  9.500   0.057   0.078    2.09  239.06    2.81   -0.27  220.98    8.63    0.20     721     721
 10.000   0.033   0.052    2.36  235.24    2.83   -0.20  218.32    8.24    0.25     568     568
 10.500   0.012   0.029    3.41  231.43    2.85   -0.10  215.80    8.03    0.27     281     281
 11.000 999.900 999.900  999.90  227.72    2.86   -0.02  212.39    7.37    0.28     241     241
 11.500 999.900 999.900  999.90  224.26    2.71    0.12  208.96    6.49    0.41     237     237
 12.000 999.900 999.900  999.90  221.00    2.60    0.11  205.44    5.45    0.44     235     235
 12.500 999.900 999.900  999.90  218.07    2.54   -0.14  201.45    4.84    0.88     202     202
 13.000 999.900 999.900  999.90  215.35    2.54   -0.17  197.94    3.89    1.13     180     180
 13.500 999.900 999.900  999.90  212.91    2.50   -0.21  193.25    2.12    0.50      80      80
 14.000 999.900 999.900  999.90  210.83    2.44    0.17  190.22    1.53   -0.19      35      35
 14.500 999.900 999.900  999.90  208.95    2.59    0.47  188.35    1.38    0.99      13      13
 15.000 999.900 999.900  999.90  207.20    2.89    0.42  999.90  999.90  999.90       0       0
 15.500 999.900 999.900  999.90  205.82    3.26    0.19  999.90  999.90  999.90       0       0
 16.000 999.900 999.900  999.90  204.72    3.47    0.00  999.90  999.90  999.90       0       0
 16.500 999.900 999.900  999.90  203.94    3.54    0.01  999.90  999.90  999.90       0       0
 17.000 999.900 999.900  999.90  203.67    3.18    0.17  999.90  999.90  999.90       0       0
 17.500 999.900 999.900  999.90  203.97    2.76    0.22  999.90  999.90  999.90       0       0
 18.000 999.900 999.900  999.90  204.91    2.66    0.15  999.90  999.90  999.90       0       0
 18.500 999.900 999.900  999.90  206.34    2.45    0.05  999.90  999.90  999.90       0       0
 19.000 999.900 999.900  999.90  207.82    2.18    0.18  999.90  999.90  999.90       0       0
 19.500 999.900 999.900  999.90  209.32    2.04    0.10  999.90  999.90  999.90       0       0
 20.000 999.900 999.900  999.90  210.96    1.85    0.07  999.90  999.90  999.90       0       0
 20.500 999.900 999.900  999.90  212.25    1.77    0.22  184.64    1.44    0.04      22      22
 21.000 999.900 999.900  999.90  213.35    1.81    0.26  185.18    1.52   -0.11      45      45
 21.500 999.900 999.900  999.90  214.40    1.68    0.08  185.30    1.43    0.06      92      92
 22.000 999.900 999.900  999.90  215.46    1.62   -0.09  185.70    1.51   -0.01     127     127
 22.500 999.900 999.900  999.90  216.51    1.63   -0.02  186.29    1.55    0.01     134     134
 23.000 999.900 999.900  999.90  217.52    1.57    0.02  186.79    1.55   -0.04     140     140
 23.500 999.900 999.900  999.90  218.54    1.52   -0.06  187.53    1.56    0.14     138     138
 24.000 999.900 999.900  999.90  219.81    1.60    0.30  188.41    1.66    0.13     136     136
 24.500 999.900 999.900  999.90  220.76    1.55    0.67  188.95    1.54    0.03     132     132
 25.000 999.900 999.900  999.90  221.62    1.66    0.18  189.56    1.59   -0.19     130     130
 25.500 999.900 999.900  999.90  222.45    1.63    0.14  190.14    1.53   -0.17     130     130
 26.000 999.900 999.900  999.90  223.33    1.62    0.01  190.76    1.56    0.07     127     127
 26.500 999.900 999.900  999.90  224.29    1.71    0.14  191.42    1.63    0.40     126     126
 27.000 999.900 999.900  999.90  225.25    1.60    0.10  192.04    1.58    0.58     126     126
 27.500 999.900 999.900  999.90  226.08    1.54    0.09  192.58    1.41    0.38     123     123
 28.000 999.900 999.900  999.90  226.98    1.60    0.15  193.23    1.44    0.31     122     122
 28.500 999.900 999.900  999.90  227.97    1.47    0.05  193.94    1.37    0.33     121     121
 29.000 999.900 999.900  999.90  228.80    1.58   -0.08  194.49    1.40    0.00     118     118
 29.500 999.900 999.900  999.90  229.51    1.71    0.03  194.92    1.49    0.19     114     114
 30.000 999.900 999.900  999.90  230.29    1.78    0.10  195.48    1.69    0.54     108     108
  T A B L E  III -   7.  M O I S T U R E  R E L A T E D  S T A T I S T I C A L  P A R A M E T E R S
                                      July
 Station =   72269      White Sands Missile Range
      Z VAPOR P   SD VP SKEW VP      TV      TV SKEW TV DEWPT T  SD DPT SKW DPT NOBS TP NOBS TV   
           MEAN                    MEAN      SD            MEAN                                   
     KM      MB      MB          KELVIN  KELVIN          KELVIN  KELVIN                           
  0.000  16.000   6.000    0.00  291.00    6.00    0.00  290.00    7.00    0.00       0       0
  1.219  10.524   6.500   -0.50  300.85    5.34    0.24  283.90    4.77   -0.85     862     862
  1.500  10.928   4.920   -0.90  299.73    3.46    0.41  282.56    4.55   -1.10     982     982
  2.000  10.742   2.871   -0.28  296.30    2.83    0.34  280.62    4.50   -1.21    1101    1101
  2.500   9.326   2.527   -0.19  292.64    2.55    0.25  278.56    4.45   -1.15    1101    1101
  3.000   8.001   2.204   -0.25  288.84    2.25    0.29  276.35    4.49   -1.17    1101    1101
  3.500   6.793   1.870   -0.36  284.88    1.99    0.27  274.04    4.46   -1.23    1101    1101
  4.000   5.727   1.581   -0.64  280.88    1.72    0.25  271.71    4.46   -1.39    1099    1099
  4.500   4.623   1.375   -0.65  276.99    1.50    0.07  268.72    4.88   -1.68    1098    1098
  5.000   3.429   1.418   -0.57  273.34    1.34   -0.19  264.75    6.30   -1.72    1065    1065
  5.500   2.502   1.320   -0.33  269.95    1.36   -0.18  260.10    8.66   -1.68    1044    1044
  6.000   1.756   1.098   -0.01  266.78    1.47   -0.39  255.24    9.58   -1.22    1033    1033
  6.500   1.210   0.897    0.27  263.74    1.58   -0.57  250.20   10.57   -0.84    1017    1017
  7.000   0.859   0.690    0.40  260.61    1.68   -0.72  245.75   11.32   -0.77    1011    1011
  7.500   0.610   0.514    0.53  257.39    1.70   -0.57  242.25   10.76   -0.63     995     995
  8.000   0.416   0.385    0.64  254.05    1.73   -0.54  238.55   10.77   -0.53     943     943
  8.500   0.299   0.283    0.72  250.56    1.79   -0.58  235.26   10.53   -0.54     937     937
  9.000   0.206   0.194    0.75  246.94    1.79   -0.51  231.97    9.87   -0.59     925     925
  9.500   0.140   0.134    0.75  243.21    1.80   -0.43  228.59    9.57   -0.65     908     908
 10.000   0.096   0.090    0.70  239.40    1.79   -0.27  225.35    9.17   -0.74     897     897
 10.500   0.046   0.061    1.09  235.51    1.78   -0.01  222.72    8.95   -0.89     583     583
 11.000   0.015   0.031    2.02  231.59    1.76    0.24  218.97    8.24   -0.96     315     315
 11.500 999.900 999.900  999.90  227.63    1.75    0.32  215.21    7.56   -0.98     308     308
 12.000 999.900 999.900  999.90  223.74    1.73    0.37  211.52    6.91   -0.96     307     307
 12.500 999.900 999.900  999.90  219.99    1.72    0.67  207.86    6.54   -0.89     298     298
 13.000 999.900 999.900  999.90  216.30    1.76    0.79  204.74    5.68   -0.94     282     282
 13.500 999.900 999.900  999.90  212.83    1.78    0.71  195.30    5.27    0.12      49      49
 14.000 999.900 999.900  999.90  209.69    1.87    0.48  189.18    2.74    0.42      18      18
 14.500 999.900 999.900  999.90  206.96    1.97    0.26  999.90  999.90  999.90       0       0
 15.000 999.900 999.900  999.90  204.65    2.08    0.29  999.90  999.90  999.90       0       0
 15.500 999.900 999.900  999.90  203.10    2.28    0.20  999.90  999.90  999.90       0       0
 16.000 999.900 999.900  999.90  202.14    2.42    0.11  999.90  999.90  999.90       0       0
 16.500 999.900 999.900  999.90  201.90    2.59   -0.10  999.90  999.90  999.90       0       0
 17.000 999.900 999.900  999.90  202.53    2.33   -0.13  999.90  999.90  999.90       0       0
 17.500 999.900 999.900  999.90  203.78    2.12    0.02  999.90  999.90  999.90       0       0
 18.000 999.900 999.900  999.90  205.11    2.00   -0.19  999.90  999.90  999.90       0       0
 18.500 999.900 999.900  999.90  206.71    1.83    0.06  999.90  999.90  999.90       0       0
 19.000 999.900 999.900  999.90  208.25    1.78   -0.02  999.90  999.90  999.90       0       0
 19.500 999.900 999.900  999.90  209.57    1.72    0.04  999.90  999.90  999.90       0       0
 20.000 999.900 999.900  999.90  210.93    1.51   -0.10  999.90  999.90  999.90       0       0
 20.500 999.900 999.900  999.90  212.18    1.46    0.06  185.34    1.33   -0.55      25      25
 21.000 999.900 999.900  999.90  213.45    1.54   -0.15  185.21    1.64    0.06      55      55
 21.500 999.900 999.900  999.90  214.62    1.40   -0.01  185.32    1.90    1.19      97      97
 22.000 999.900 999.900  999.90  215.62    1.39    0.09  185.65    1.76    0.94     110     110
 22.500 999.900 999.900  999.90  216.60    1.46   -0.13  186.34    1.82    0.90     108     108
 23.000 999.900 999.900  999.90  217.68    1.52   -0.09  186.99    1.89    1.18      98      98
 23.500 999.900 999.900  999.90  218.58    1.51   -0.11  187.58    2.10    1.64      95      95
 24.000 999.900 999.900  999.90  219.51    1.46   -0.02  188.18    2.00    1.35      92      92
 24.500 999.900 999.900  999.90  220.35    1.40   -0.01  188.80    1.96    1.42      90      90
 25.000 999.900 999.900  999.90  221.09    1.62   -0.01  189.21    1.86    0.68      87      87
 25.500 999.900 999.900  999.90  222.12    1.60    0.16  189.86    1.87    0.82      87      87
 26.000 999.900 999.900  999.90  223.04    1.62    0.08  190.48    1.82    0.95      87      87
 26.500 999.900 999.900  999.90  223.94    1.75    0.16  191.04    1.83    1.33      87      87
 27.000 999.900 999.900  999.90  224.75    1.59    0.16  191.46    1.93    1.30      87      87
 27.500 999.900 999.900  999.90  225.59    1.62   -0.09  191.92    1.82    1.20      86      86
 28.000 999.900 999.900  999.90  226.50    1.77    0.29  192.56    1.84    1.23      84      84
 28.500 999.900 999.900  999.90  227.32    1.66    0.67  193.19    1.78    1.49      83      83
 29.000 999.900 999.900  999.90  228.21    1.61    0.31  193.75    1.65    1.60      79      79
 29.500 999.900 999.900  999.90  228.93    1.83    0.12  194.09    1.65    0.77      78      78
 30.000 999.900 999.900  999.90  229.81    1.91    0.13  194.79    1.69    0.41      77      77
  T A B L E  III -   8.  M O I S T U R E  R E L A T E D  S T A T I S T I C A L  P A R A M E T E R S
                                    August
 Station =   72269      White Sands Missile Range
      Z VAPOR P   SD VP SKEW VP      TV      TV SKEW TV DEWPT T  SD DPT SKW DPT NOBS TP NOBS TV   
           MEAN                    MEAN      SD            MEAN                                   
     KM      MB      MB          KELVIN  KELVIN          KELVIN  KELVIN                           
  0.000  16.000   6.000    0.00  291.00    6.00    0.00  290.00    7.00    0.00       0       0
  1.219  10.860   6.675   -0.64  299.53    5.42    0.41  285.02    3.58   -0.41     877     877
  1.500  11.303   4.894   -1.19  298.43    3.52    0.24  283.47    3.47   -0.76    1013    1013
  2.000  11.139   2.450   -0.21  295.40    2.78    0.05  281.36    3.51   -0.87    1149    1149
  2.500   9.606   2.133   -0.15  291.80    2.43   -0.02  279.20    3.48   -0.88    1149    1149
  3.000   8.199   1.855   -0.05  287.95    2.19   -0.04  276.91    3.46   -0.82    1149    1149
  3.500   6.961   1.543   -0.12  283.98    1.98   -0.05  274.62    3.34   -0.84    1149    1149
  4.000   5.682   1.444   -0.67  280.07    1.78   -0.17  271.79    3.85   -1.42    1143    1143
  4.500   4.431   1.462   -0.75  276.29    1.60   -0.28  267.99    5.80   -2.10    1141    1141
  5.000   3.154   1.570   -0.50  272.93    1.41   -0.39  263.19    8.38   -1.75    1092    1092
  5.500   2.268   1.403   -0.17  269.73    1.47   -0.42  258.48    9.96   -1.32    1064    1064
  6.000   1.635   1.143    0.09  266.72    1.48   -0.61  254.02   10.45   -0.92    1058    1058
  6.500   1.124   0.897    0.42  263.79    1.50   -0.73  249.36   10.77   -0.69    1039    1039
  7.000   0.795   0.681    0.62  260.79    1.55   -0.84  245.11   10.96   -0.56    1036    1036
  7.500   0.555   0.503    0.85  257.50    1.63   -0.84  241.51   10.31   -0.42    1020    1020
  8.000   0.389   0.375    1.03  254.05    1.69   -0.70  238.14   10.19   -0.41     978     978
  8.500   0.281   0.274    1.02  250.45    1.77   -0.79  234.95   10.06   -0.46     967     967
  9.000   0.200   0.192    0.78  246.75    1.78   -0.98  231.82    9.57   -0.44     959     959
  9.500   0.141   0.135    0.74  242.99    1.84   -0.96  228.94    9.17   -0.55     934     934
 10.000   0.094   0.090    0.71  239.12    1.82   -1.00  225.71    8.50   -0.56     910     910
 10.500   0.047   0.060    1.07  235.19    1.79   -0.99  222.58    8.23   -0.56     652     652
 11.000   0.017   0.033    1.93  231.25    1.72   -0.95  219.13    7.84   -0.49     364     364
 11.500   0.010   0.020    2.10  227.42    1.63   -0.90  214.61    7.41   -0.22     362     362
 12.000 999.900 999.900  999.90  223.67    1.50   -0.60  210.27    6.89   -0.01     360     360
 12.500 999.900 999.900  999.90  220.04    1.43   -0.35  206.39    6.37    0.13     352     352
 13.000 999.900 999.900  999.90  216.56    1.44   -0.02  202.41    5.25    0.29     349     349
 13.500 999.900 999.900  999.90  213.30    1.56    0.36  196.58    3.10    1.03     110     110
 14.000 999.900 999.900  999.90  210.21    1.77    0.61  193.11    2.17   -0.32      26      26
 14.500 999.900 999.900  999.90  207.36    2.01    0.81  999.90  999.90  999.90       0       0
 15.000 999.900 999.900  999.90  204.88    2.19    0.60  999.90  999.90  999.90       0       0
 15.500 999.900 999.900  999.90  203.00    2.28    0.37  999.90  999.90  999.90       0       0
 16.000 999.900 999.900  999.90  202.09    2.29    0.41  999.90  999.90  999.90       0       0
 16.500 999.900 999.900  999.90  202.07    2.34    0.13  999.90  999.90  999.90       0       0
 17.000 999.900 999.900  999.90  202.73    2.29    0.04  999.90  999.90  999.90       0       0
 17.500 999.900 999.900  999.90  203.98    2.09   -0.02  999.90  999.90  999.90       0       0
 18.000 999.900 999.900  999.90  205.55    2.12    0.04  999.90  999.90  999.90       0       0
 18.500 999.900 999.900  999.90  207.15    1.91   -0.11  999.90  999.90  999.90       0       0
 19.000 999.900 999.900  999.90  208.69    1.77   -0.17  999.90  999.90  999.90       0       0
 19.500 999.900 999.900  999.90  209.92    1.72   -0.36  999.90  999.90  999.90       0       0
 20.000 999.900 999.900  999.90  211.12    1.51   -0.35  999.90  999.90  999.90       0       0
 20.500 999.900 999.900  999.90  212.23    1.55   -0.49  185.44    2.21    0.54      32      32
 21.000 999.900 999.900  999.90  213.27    1.49   -0.62  185.51    2.07    0.42      58      58
 21.500 999.900 999.900  999.90  214.28    1.39   -0.13  185.57    2.22    1.01     112     112
 22.000 999.900 999.900  999.90  215.31    1.44   -0.14  186.00    2.23    0.83     143     143
 22.500 999.900 999.900  999.90  216.17    1.44   -0.12  186.39    2.38    0.72     149     149
 23.000 999.900 999.900  999.90  217.13    1.36   -0.20  186.93    2.43    0.68     158     158
 23.500 999.900 999.900  999.90  218.05    1.38   -0.11  187.55    2.40    0.65     158     158
 24.000 999.900 999.900  999.90  218.85    1.44   -0.04  188.07    2.42    0.72     158     158
 24.500 999.900 999.900  999.90  219.71    1.44   -0.02  188.72    2.58    0.87     153     153
 25.000 999.900 999.900  999.90  220.57    1.47   -0.13  189.33    2.58    0.75     151     151
 25.500 999.900 999.900  999.90  221.47    1.51    0.02  190.01    2.47    0.72     151     151
 26.000 999.900 999.900  999.90  222.38    1.52    0.07  190.65    2.49    0.92     148     148
 26.500 999.900 999.900  999.90  223.25    1.50    0.11  191.26    2.35    1.16     146     146
 27.000 999.900 999.900  999.90  224.05    1.51    0.14  191.80    2.37    1.32     143     143
 27.500 999.900 999.900  999.90  224.88    1.65   -0.02  192.29    2.28    0.77     139     139
 28.000 999.900 999.900  999.90  225.73    1.81   -0.05  192.86    2.41    0.71     137     137
 28.500 999.900 999.900  999.90  226.61    1.85   -0.09  193.39    2.36    0.63     132     132
 29.000 999.900 999.900  999.90  227.50    1.86   -0.03  193.90    2.31    0.50     123     123
 29.500 999.900 999.900  999.90  228.38    1.91    0.01  194.41    2.23    0.33     120     120
 30.000 999.900 999.900  999.90  229.12    1.92    0.17  195.00    2.40    0.29     113     113
  T A B L E  III -   9.  M O I S T U R E  R E L A T E D  S T A T I S T I C A L  P A R A M E T E R S
                                 September
 Station =   72269      White Sands Missile Range
      Z VAPOR P   SD VP SKEW VP      TV      TV SKEW TV DEWPT T  SD DPT SKW DPT NOBS TP NOBS TV   
           MEAN                    MEAN      SD            MEAN                                   
     KM      MB      MB          KELVIN  KELVIN          KELVIN  KELVIN                           
  0.000  16.000   6.000    0.00  291.00    6.00    0.00  290.00    7.00    0.00       0       0
  1.219  10.288   5.893   -0.36  295.53    5.36    0.19  282.40    5.26   -0.39     878     878
  1.500   9.591   5.361   -0.37  295.33    3.51   -0.11  281.15    5.27   -0.41     890     890
  2.000   9.934   3.277    0.13  292.35    3.17   -0.37  279.26    5.18   -0.52    1050    1050
  2.500   8.498   2.795    0.15  289.02    2.82   -0.33  277.02    5.08   -0.55    1050    1050
  3.000   7.059   2.342    0.04  285.41    2.49   -0.34  274.35    5.25   -0.95    1050    1050
  3.500   5.770   2.045   -0.19  281.63    2.27   -0.45  271.35    6.02   -1.44    1050    1050
  4.000   4.597   1.905   -0.31  277.88    2.14   -0.63  267.79    7.65   -1.75    1047    1047
  4.500   3.498   1.804   -0.23  274.27    2.04   -0.71  263.28    9.81   -1.39    1042    1042
  5.000   2.494   1.610    0.09  270.97    2.04   -0.63  258.03   11.45   -1.00    1030    1030
  5.500   1.670   1.383    0.57  268.02    2.21   -0.56  251.93   12.47   -0.44    1024    1024
  6.000   1.158   1.086    0.88  265.04    2.31   -0.55  247.10   12.55   -0.19    1023    1023
  6.500   0.802   0.844    1.15  261.88    2.38   -0.47  242.62   12.40    0.05    1014    1014
  7.000   0.571   0.633    1.38  258.55    2.53   -0.36  238.82   12.27    0.06    1013    1013
  7.500   0.401   0.475    1.55  255.08    2.64   -0.31  235.17   11.89    0.17    1000    1000
  8.000   0.279   0.343    1.62  251.58    2.77   -0.26  232.01   11.64    0.16     958     958
  8.500   0.200   0.251    1.64  248.01    2.91   -0.22  228.85   11.42    0.11     949     949
  9.000   0.138   0.173    1.64  244.40    3.01   -0.20  225.62   10.94    0.13     940     940
  9.500   0.093   0.121    1.62  240.83    3.08   -0.22  222.50   10.80    0.12     887     887
 10.000   0.059   0.082    1.60  237.19    2.99   -0.22  219.86   10.37    0.08     791     791
 10.500   0.026   0.048    2.22  233.56    2.86   -0.27  216.64    9.86    0.12     506     506
 11.000   0.011   0.026    2.91  230.04    2.65   -0.33  213.59    8.69    0.39     356     356
 11.500 999.900 999.900  999.90  226.62    2.38   -0.36  209.84    7.72    0.57     352     352
 12.000 999.900 999.900  999.90  223.36    2.18   -0.32  206.06    6.60    0.80     350     350
 12.500 999.900 999.900  999.90  220.14    1.99   -0.57  202.84    5.89    1.01     325     325
 13.000 999.900 999.900  999.90  216.91    1.86   -0.51  199.91    5.04    1.19     312     312
 13.500 999.900 999.900  999.90  213.77    1.76   -0.14  195.15    2.76    0.77     116     116
 14.000 999.900 999.900  999.90  210.82    1.76    0.19  192.31    2.79   -1.13      27      27
 14.500 999.900 999.900  999.90  208.11    1.86    0.35  999.90  999.90  999.90       0       0
 15.000 999.900 999.900  999.90  205.61    2.13    0.38  999.90  999.90  999.90       0       0
 15.500 999.900 999.900  999.90  203.62    2.48    0.25  999.90  999.90  999.90       0       0
 16.000 999.900 999.900  999.90  202.38    2.66    0.07  999.90  999.90  999.90       0       0
 16.500 999.900 999.900  999.90  201.85    2.78   -0.18  999.90  999.90  999.90       0       0
 17.000 999.900 999.900  999.90  201.96    2.86   -0.10  999.90  999.90  999.90       0       0
 17.500 999.900 999.900  999.90  202.76    2.75    0.05  999.90  999.90  999.90       0       0
 18.000 999.900 999.900  999.90  204.20    2.56    0.24  999.90  999.90  999.90       0       0
 18.500 999.900 999.900  999.90  205.97    2.37    0.10  999.90  999.90  999.90       0       0
 19.000 999.900 999.900  999.90  207.70    2.16   -0.12  999.90  999.90  999.90       0       0
 19.500 999.900 999.900  999.90  209.17    2.02   -0.33  999.90  999.90  999.90       0       0
 20.000 999.900 999.900  999.90  210.63    1.84   -0.44  999.90  999.90  999.90       0       0
 20.500 999.900 999.900  999.90  211.84    1.67   -0.08  185.04    1.62    0.17      16      16
 21.000 999.900 999.900  999.90  212.78    1.63    0.26  185.43    1.69    0.02      20      20
 21.500 999.900 999.900  999.90  213.75    1.51    0.17  185.75    2.40    0.26      52      52
 22.000 999.900 999.900  999.90  214.67    1.56    0.06  185.93    2.45    0.61      88      88
 22.500 999.900 999.900  999.90  215.65    1.69    0.15  186.50    3.08    1.94      98      98
 23.000 999.900 999.900  999.90  216.67    1.71    0.02  186.70    2.54    0.79     109     109
 23.500 999.900 999.900  999.90  217.58    1.74   -0.01  187.25    2.47    0.78     110     110
 24.000 999.900 999.900  999.90  218.38    1.63    0.19  187.81    2.37    0.65     111     111
 24.500 999.900 999.900  999.90  219.23    1.59    0.26  188.28    2.23    0.60     109     109
 25.000 999.900 999.900  999.90  220.18    1.63    0.29  188.92    2.35    0.62     107     107
 25.500 999.900 999.900  999.90  221.10    1.80    0.37  189.48    2.38    0.48     106     106
 26.000 999.900 999.900  999.90  221.80    1.75    0.34  189.99    2.40    0.54     105     105
 26.500 999.900 999.900  999.90  222.61    1.76    0.19  190.47    2.49    0.58     104     104
 27.000 999.900 999.900  999.90  223.39    1.75   -0.03  191.13    2.51    0.27     103     103
 27.500 999.900 999.900  999.90  224.16    1.83   -0.13  191.68    2.53    0.10     102     102
 28.000 999.900 999.900  999.90  224.98    1.91   -0.23  192.28    2.61    0.36     102     102
 28.500 999.900 999.900  999.90  225.57    1.87   -0.32  192.54    2.33   -0.06     100     100
 29.000 999.900 999.900  999.90  226.14    1.93   -0.37  192.88    2.47    0.29      94      94
 29.500 999.900 999.900  999.90  226.81    1.91   -0.18  193.17    2.24    0.11      92      92
 30.000 999.900 999.900  999.90  227.46    2.03   -0.09  193.46    2.21    0.23      82      82
  T A B L E  III -  10.  M O I S T U R E  R E L A T E D  S T A T I S T I C A L  P A R A M E T E R S
                                   October
 Station =   72269      White Sands Missile Range
      Z VAPOR P   SD VP SKEW VP      TV      TV SKEW TV DEWPT T  SD DPT SKW DPT NOBS TP NOBS TV   
           MEAN                    MEAN      SD            MEAN                                   
     KM      MB      MB          KELVIN  KELVIN          KELVIN  KELVIN                           
  0.000  16.000   6.000    0.00  291.00    6.00    0.00  290.00    7.00    0.00       0       0
  1.219   6.710   4.057    0.14  288.45    6.46   -0.02  275.38    6.14   -0.22     910     910
  1.500   6.462   3.531    0.21  290.04    4.58   -0.48  274.29    5.85   -0.13     952     952
  2.000   6.216   2.628    0.75  287.57    4.27   -0.66  272.27    5.97   -0.23    1055    1055
  2.500   5.320   2.340    0.58  284.41    3.90   -0.65  269.94    6.63   -0.80    1055    1055
  3.000   4.333   2.144    0.41  281.10    3.51   -0.68  266.62    8.20   -1.20    1055    1055
  3.500   3.299   1.951    0.43  277.72    3.28   -0.70  262.28    9.54   -0.83    1055    1055
  4.000   2.354   1.738    0.67  274.64    3.26   -0.65  256.84   11.13   -0.49    1054    1054
  4.500   1.564   1.397    1.18  271.68    3.29   -0.64  251.33   11.23   -0.12    1051    1051
  5.000   1.086   1.057    1.44  268.52    3.21   -0.62  247.19   11.10   -0.04    1028    1028
  5.500   0.772   0.805    1.77  265.31    3.16   -0.61  243.38   10.86    0.03    1020    1020
  6.000   0.570   0.612    1.83  261.91    3.18   -0.63  240.13   10.52    0.14    1017    1017
  6.500   0.441   0.490    1.84  258.40    3.21   -0.68  237.53   10.47    0.15     998     998
  7.000   0.329   0.376    1.92  254.73    3.26   -0.59  234.49   10.30    0.19     995     995
  7.500   0.233   0.278    2.03  251.01    3.25   -0.49  231.18   10.00    0.26     985     985
  8.000   0.156   0.192    2.17  247.28    3.26   -0.48  228.05    9.40    0.29     941     941
  8.500   0.107   0.132    2.26  243.54    3.27   -0.41  224.95    8.96    0.23     930     930
  9.000   0.071   0.089    2.31  239.85    3.25   -0.25  222.26    8.37    0.22     862     862
  9.500   0.035   0.057    2.44  236.19    3.23   -0.11  219.57    8.05    0.26     590     590
 10.000   0.017   0.032    2.99  232.58    3.24    0.08  215.77    7.48    0.37     449     449
 10.500 999.900 999.900  999.90  229.15    3.27    0.18  212.31    6.96    0.51     342     342
 11.000 999.900 999.900  999.90  225.93    3.22    0.20  209.67    6.56    0.57     314     314
 11.500 999.900 999.900  999.90  222.92    3.18    0.14  206.61    6.04    0.70     309     309
 12.000 999.900 999.900  999.90  220.09    3.12   -0.05  203.76    5.42    0.65     305     305
 12.500 999.900 999.900  999.90  217.45    3.14   -0.32  200.46    5.01    0.87     268     268
 13.000 999.900 999.900  999.90  215.08    2.92   -0.44  196.86    3.79    0.96     222     222
 13.500 999.900 999.900  999.90  212.85    2.72   -0.13  192.75    2.74    1.23      96      96
 14.000 999.900 999.900  999.90  210.66    2.66    0.17  190.54    2.13    0.88      46      46
 14.500 999.900 999.900  999.90  208.63    2.89    0.55  188.62    1.48   -0.37      18      18
 15.000 999.900 999.900  999.90  206.78    3.15    0.53  187.29    1.56   -0.43      12      12
 15.500 999.900 999.900  999.90  205.24    3.33    0.35  999.90  999.90  999.90       0       0
 16.000 999.900 999.900  999.90  204.11    3.31    0.11  999.90  999.90  999.90       0       0
 16.500 999.900 999.900  999.90  203.49    3.41   -0.08  999.90  999.90  999.90       0       0
 17.000 999.900 999.900  999.90  203.50    3.56    0.03  999.90  999.90  999.90       0       0
 17.500 999.900 999.900  999.90  203.79    3.57   -0.08  999.90  999.90  999.90       0       0
 18.000 999.900 999.900  999.90  204.46    3.40    0.15  999.90  999.90  999.90       0       0
 18.500 999.900 999.900  999.90  205.63    3.01    0.06  999.90  999.90  999.90       0       0
 19.000 999.900 999.900  999.90  207.22    2.86    0.19  999.90  999.90  999.90       0       0
 19.500 999.900 999.900  999.90  208.56    2.69    0.51  999.90  999.90  999.90       0       0
 20.000 999.900 999.900  999.90  209.82    2.22    0.45  999.90  999.90  999.90       0       0
 20.500 999.900 999.900  999.90  211.05    2.20    0.12  185.43    2.19   -0.95      17      17
 21.000 999.900 999.900  999.90  212.25    2.16    0.02  186.05    2.25   -0.15      21      21
 21.500 999.900 999.900  999.90  213.20    2.06   -0.24  185.87    2.20   -0.19      42      42
 22.000 999.900 999.900  999.90  214.13    2.17    0.11  185.44    2.57    0.19      54      54
 22.500 999.900 999.900  999.90  214.91    1.95   -0.11  185.74    2.48   -0.18      58      58
 23.000 999.900 999.900  999.90  215.91    1.98    0.03  186.01    2.71   -0.30      72      72
 23.500 999.900 999.900  999.90  216.78    2.04   -0.26  185.93    3.07   -0.22      84      84
 24.000 999.900 999.900  999.90  217.74    2.00   -0.12  186.12    3.13   -0.27      88      88
 24.500 999.900 999.900  999.90  218.62    2.13   -0.16  186.72    3.18   -0.31      88      88
 25.000 999.900 999.900  999.90  219.58    2.08   -0.22  187.27    3.18   -0.39      89      89
 25.500 999.900 999.900  999.90  220.16    1.98   -0.26  187.75    3.19   -0.34      88      88
 26.000 999.900 999.900  999.90  220.82    2.11   -0.25  188.30    3.21   -0.36      87      87
 26.500 999.900 999.900  999.90  221.61    2.28   -0.10  188.76    3.18   -0.27      87      87
 27.000 999.900 999.900  999.90  222.30    2.35    0.07  189.23    3.18   -0.36      86      86
 27.500 999.900 999.900  999.90  222.97    2.45    0.11  189.62    3.07   -0.40      86      86
 28.000 999.900 999.900  999.90  223.65    2.45    0.06  190.12    3.03   -0.35      84      84
 28.500 999.900 999.900  999.90  224.26    2.50   -0.07  190.54    3.14   -0.35      83      83
 29.000 999.900 999.900  999.90  224.98    2.41   -0.58  191.10    3.19   -0.39      81      81
 29.500 999.900 999.900  999.90  225.55    2.41   -0.73  191.58    3.28   -0.47      80      80
 30.000 999.900 999.900  999.90  226.02    2.47   -0.64  191.89    3.23   -0.57      76      76
  T A B L E  III -  11.  M O I S T U R E  R E L A T E D  S T A T I S T I C A L  P A R A M E T E R S
                                  November
 Station =   72269      White Sands Missile Range
      Z VAPOR P   SD VP SKEW VP      TV      TV SKEW TV DEWPT T  SD DPT SKW DPT NOBS TP NOBS TV   
           MEAN                    MEAN      SD            MEAN                                   
     KM      MB      MB          KELVIN  KELVIN          KELVIN  KELVIN                           
  0.000  16.000   6.000    0.00  291.00    6.00    0.00  290.00    7.00    0.00       0       0
  1.219   4.188   2.698    0.37  283.04    7.36   -0.06  269.44    5.59   -0.03     757     757
  1.500   4.090   2.482    0.33  284.39    5.36   -0.45  268.60    5.92   -0.70     783     783
  2.000   4.098   1.749    0.91  282.16    5.22   -0.60  266.70    5.68   -0.20     907     907
  2.500   3.419   1.720    0.71  279.68    4.95   -0.69  263.75    7.32   -0.79     907     907
  3.000   2.674   1.718    0.59  277.17    4.71   -0.88  259.10   10.46   -0.89     907     907
  3.500   1.990   1.470    0.79  274.49    4.48   -1.02  254.64   11.48   -0.71     907     907
  4.000   1.450   1.219    1.00  271.72    4.29   -1.11  250.11   12.11   -0.49     907     907
  4.500   1.050   0.960    1.32  268.79    4.27   -1.18  246.33   11.72   -0.36     906     906
  5.000   0.795   0.779    1.45  265.65    4.22   -1.25  243.15   11.74   -0.39     895     895
  5.500   0.618   0.634    1.50  262.34    4.21   -1.12  240.28   11.73   -0.26     888     888
  6.000   0.456   0.490    1.65  258.93    4.14   -0.96  236.92   11.56   -0.09     886     886
  6.500   0.350   0.381    1.59  255.43    4.07   -0.88  234.47   11.23   -0.07     873     873
  7.000   0.275   0.299    1.55  251.79    3.98   -0.83  232.06   11.10   -0.08     871     871
  7.500   0.196   0.220    1.59  248.09    3.92   -0.82  229.05   10.63   -0.01     856     856
  8.000   0.142   0.163    1.59  244.33    3.90   -0.82  226.46   10.32   -0.01     826     826
  8.500   0.098   0.115    1.67  240.59    3.88   -0.69  223.71    9.96   -0.09     792     792
  9.000   0.062   0.078    1.62  236.96    3.79   -0.52  221.29    9.35   -0.07     690     690
  9.500   0.031   0.052    1.93  233.29    3.73   -0.29  218.44    9.49   -0.06     471     471
 10.000   0.015   0.030    2.56  229.79    3.65   -0.01  214.49    8.69    0.17     365     365
 10.500 999.900 999.900  999.90  226.40    3.53    0.22  211.34    7.65    0.30     328     328
 11.000 999.900 999.900  999.90  223.19    3.49    0.28  207.88    6.85    0.29     322     322
 11.500 999.900 999.900  999.90  220.28    3.58    0.33  204.77    5.95    0.40     318     318
 12.000 999.900 999.900  999.90  217.77    3.74    0.31  200.76    5.12    0.66     265     265
 12.500 999.900 999.900  999.90  215.59    3.87    0.21  196.41    3.21    0.67     212     212
 13.000 999.900 999.900  999.90  213.78    3.84    0.10  193.44    2.53    0.95     172     172
 13.500 999.900 999.900  999.90  212.21    3.63    0.15  190.81    1.92    1.05      95      95
 14.000 999.900 999.900  999.90  210.78    3.52    0.18  189.29    2.00    2.40      60      60
 14.500 999.900 999.900  999.90  209.32    3.41    0.37  188.78    2.86    2.48      32      32
 15.000 999.900 999.900  999.90  207.91    3.40    0.49  188.56    3.52    1.48      11      11
 15.500 999.900 999.900  999.90  206.69    3.48    0.41  999.90  999.90  999.90       0       0
 16.000 999.900 999.900  999.90  205.67    3.58    0.40  999.90  999.90  999.90       0       0
 16.500 999.900 999.900  999.90  204.85    3.78    0.27  999.90  999.90  999.90       0       0
 17.000 999.900 999.900  999.90  204.64    3.85    0.36  999.90  999.90  999.90       0       0
 17.500 999.900 999.900  999.90  204.78    4.00    0.35  999.90  999.90  999.90       0       0
 18.000 999.900 999.900  999.90  205.18    3.94    0.22  999.90  999.90  999.90       0       0
 18.500 999.900 999.900  999.90  205.74    3.51    0.13  999.90  999.90  999.90       0       0
 19.000 999.900 999.900  999.90  206.45    3.34    0.15  999.90  999.90  999.90       0       0
 19.500 999.900 999.900  999.90  207.34    3.23    0.12  999.90  999.90  999.90       0       0
 20.000 999.900 999.900  999.90  208.28    2.89   -0.12  999.90  999.90  999.90       0       0
 20.500 999.900 999.900  999.90  209.37    2.79   -0.01  184.06    1.32    0.50      15      15
 21.000 999.900 999.900  999.90  210.35    2.78    0.00  184.38    1.12    0.26      20      20
 21.500 999.900 999.900  999.90  211.48    2.56   -0.16  184.64    1.30    0.35      34      34
 22.000 999.900 999.900  999.90  212.43    2.56   -0.01  184.77    1.41    0.26      58      58
 22.500 999.900 999.900  999.90  213.27    2.39   -0.11  185.16    1.55    0.56      71      71
 23.000 999.900 999.900  999.90  214.09    2.37   -0.12  185.57    1.72    0.75      84      84
 23.500 999.900 999.900  999.90  215.05    2.29   -0.19  185.80    1.65    0.59     115     115
 24.000 999.900 999.900  999.90  215.82    2.26   -0.13  186.17    1.70    0.51     131     131
 24.500 999.900 999.900  999.90  216.61    2.41   -0.01  186.64    2.06    0.74     143     143
 25.000 999.900 999.900  999.90  217.50    2.69    0.05  187.19    2.37    0.88     151     151
 25.500 999.900 999.900  999.90  218.15    2.69    0.01  187.52    2.22    0.30     152     152
 26.000 999.900 999.900  999.90  218.80    2.91    0.05  188.10    2.29    0.16     150     150
 26.500 999.900 999.900  999.90  219.32    3.02    0.06  188.41    2.35   -0.02     151     151
 27.000 999.900 999.900  999.90  219.80    3.03    0.20  188.74    2.43    0.21     150     150
 27.500 999.900 999.900  999.90  220.22    3.16    0.48  188.88    2.58    0.32     154     154
 28.000 999.900 999.900  999.90  220.62    3.29    0.41  189.06    2.77    0.30     154     154
 28.500 999.900 999.900  999.90  221.19    3.30    0.37  189.39    2.83    0.41     146     146
 29.000 999.900 999.900  999.90  221.80    3.34    0.36  189.84    2.82    0.45     141     141
 29.500 999.900 999.900  999.90  222.25    3.47    0.34  190.11    2.91    0.39     134     134
 30.000 999.900 999.900  999.90  222.97    3.60    0.43  190.72    3.03    0.35     116     116
  T A B L E  III -  12.  M O I S T U R E  R E L A T E D  S T A T I S T I C A L  P A R A M E T E R S
                                  December
 Station =   72269      White Sands Missile Range
      Z VAPOR P   SD VP SKEW VP      TV      TV SKEW TV DEWPT T  SD DPT SKW DPT NOBS TP NOBS TV   
           MEAN                    MEAN      SD            MEAN                                   
     KM      MB      MB          KELVIN  KELVIN          KELVIN  KELVIN                           
  0.000  16.000   6.000    0.00  291.00    6.00    0.00  290.00    7.00    0.00       0       0
  1.219   3.487   2.297    0.22  278.92    6.37   -0.03  267.24    5.61   -0.25     589     589
  1.500   3.521   1.968    0.16  280.05    4.96   -0.37  266.33    5.50   -0.29     639     639
  2.000   3.443   1.541    0.67  278.34    4.75   -0.18  264.22    6.32   -0.67     719     719
  2.500   2.748   1.607    0.74  276.31    4.72   -0.31  260.20    8.99   -0.94     719     719
  3.000   2.121   1.546    0.88  273.99    4.74   -0.53  255.61   11.26   -0.75     718     718
  3.500   1.560   1.299    1.18  271.37    4.66   -0.64  251.27   11.76   -0.49     718     718
  4.000   1.100   1.050    1.60  268.73    4.55   -0.79  246.58   12.12   -0.31     717     717
  4.500   0.824   0.819    1.91  265.82    4.43   -0.91  243.48   11.57   -0.20     717     717
  5.000   0.631   0.657    2.01  262.64    4.40   -0.95  240.70   11.28   -0.13     709     709
  5.500   0.512   0.540    1.95  259.30    4.42   -0.97  238.54   11.18   -0.16     704     704
  6.000   0.390   0.428    2.24  255.85    4.50   -0.91  235.95   10.68   -0.11     700     700
  6.500   0.292   0.340    2.16  252.29    4.55   -0.83  233.12   10.57    0.00     681     681
  7.000   0.224   0.266    2.06  248.68    4.54   -0.80  230.41   10.71   -0.04     673     673
  7.500   0.166   0.201    2.06  245.12    4.34   -0.57  228.03   10.28   -0.03     653     653
  8.000   0.115   0.146    2.04  241.55    4.06   -0.33  225.33    9.95   -0.00     614     614
  8.500   0.078   0.101    1.99  237.95    3.91   -0.14  222.93    9.53   -0.10     562     562
  9.000   0.047   0.070    1.94  234.42    3.86    0.01  221.18    9.44   -0.34     421     421
  9.500   0.021   0.042    2.50  230.95    3.99    0.28  217.14   10.02   -0.50     278     278
 10.000   0.010   0.022    2.79  227.53    4.05    0.59  212.94    9.08   -0.52     244     244
 10.500 999.900 999.900  999.90  224.42    4.08    0.86  209.10    8.32   -0.34     233     233
 11.000 999.900 999.900  999.90  221.49    4.05    0.98  206.92    7.13    0.22     206     206
 11.500 999.900 999.900  999.90  218.93    4.23    0.85  203.58    6.69    0.22     186     186
 12.000 999.900 999.900  999.90  216.73    4.48    0.61  198.30    5.81    1.00     126     126
 12.500 999.900 999.900  999.90  215.11    4.68    0.31  193.65    2.74    0.10     102     102
 13.000 999.900 999.900  999.90  213.81    4.81    0.10  191.00    1.94    0.25      92      92
 13.500 999.900 999.900  999.90  212.89    4.64   -0.09  189.00    1.78    0.77      74      74
 14.000 999.900 999.900  999.90  212.12    4.36   -0.19  187.70    1.87    0.72      75      75
 14.500 999.900 999.900  999.90  211.08    4.16   -0.10  187.46    2.06    0.27      45      45
 15.000 999.900 999.900  999.90  209.88    4.02    0.16  187.11    2.21    0.14      26      26
 15.500 999.900 999.900  999.90  208.70    3.88    0.30  187.33    2.27    0.63      17      17
 16.000 999.900 999.900  999.90  207.69    3.87    0.39  186.58    2.16    0.90      13      13
 16.500 999.900 999.900  999.90  206.99    3.89    0.38  999.90  999.90  999.90       0       0
 17.000 999.900 999.900  999.90  206.61    4.05    0.33  999.90  999.90  999.90       0       0
 17.500 999.900 999.900  999.90  206.57    4.15    0.41  999.90  999.90  999.90       0       0
 18.000 999.900 999.900  999.90  206.77    4.25    0.32  999.90  999.90  999.90       0       0
 18.500 999.900 999.900  999.90  207.00    3.88   -0.03  999.90  999.90  999.90       0       0
 19.000 999.900 999.900  999.90  207.37    3.50   -0.09  999.90  999.90  999.90       0       0
 19.500 999.900 999.900  999.90  207.92    3.27   -0.02  999.90  999.90  999.90       0       0
 20.000 999.900 999.900  999.90  208.48    3.16   -0.24  999.90  999.90  999.90       0       0
 20.500 999.900 999.900  999.90  209.14    3.18   -0.44  999.90  999.90  999.90       0       0
 21.000 999.900 999.900  999.90  210.02    3.03   -0.43  999.90  999.90  999.90       0       0
 21.500 999.900 999.900  999.90  210.75    2.80   -0.23  185.57    1.35    0.49      13      13
 22.000 999.900 999.900  999.90  211.68    2.83   -0.29  186.07    1.71    0.15      22      22
 22.500 999.900 999.900  999.90  212.42    2.67    0.10  185.92    2.02    0.38      27      27
 23.000 999.900 999.900  999.90  213.15    2.59    0.17  185.74    2.18    0.04      39      39
 23.500 999.900 999.900  999.90  213.89    2.87    0.14  186.03    2.46    0.23      48      48
 24.000 999.900 999.900  999.90  214.66    3.12    0.20  186.66    2.88    0.23      53      53
 24.500 999.900 999.900  999.90  215.41    3.38    0.40  187.11    2.98    0.44      61      61
 25.000 999.900 999.900  999.90  215.95    3.78    0.53  187.28    3.39    0.54      67      67
 25.500 999.900 999.900  999.90  216.65    4.04    0.42  187.60    3.49    0.64      74      74
 26.000 999.900 999.900  999.90  217.23    4.27    0.42  188.01    3.67    0.61      75      75
 26.500 999.900 999.900  999.90  217.93    4.20    0.45  188.17    3.60    0.58      80      80
 27.000 999.900 999.900  999.90  218.66    4.18    0.58  187.91    3.78    0.70      89      89
 27.500 999.900 999.900  999.90  219.52    4.49    0.65  188.73    3.99    0.56      86      86
 28.000 999.900 999.900  999.90  220.21    4.75    0.67  189.29    4.26    0.30      83      83
 28.500 999.900 999.900  999.90  220.67    4.81    0.62  189.61    4.22    0.24      80      80
 29.000 999.900 999.900  999.90  221.33    4.83    0.71  190.14    4.24    0.19      74      74
 29.500 999.900 999.900  999.90  222.14    5.03    0.67  190.89    4.30    0.13      68      68
 30.000 999.900 999.900  999.90  222.64    4.64    0.57  190.87    3.95    0.15      60      60
  T A B L E  III -  13.  M O I S T U R E  R E L A T E D  S T A T I S T I C A L  P A R A M E T E R S
                                    Annual
 Station =   72269      White Sands Missile Range
      Z VAPOR P   SD VP SKEW VP      TV      TV SKEW TV DEWPT T  SD DPT SKW DPT NOBS TP NOBS TV   
           MEAN                    MEAN      SD            MEAN                                   
     KM      MB      MB          KELVIN  KELVIN          KELVIN  KELVIN                           
  0.000  16.000   6.000    0.00  291.00    6.00    0.00  290.00    7.00    0.00       0       0
  1.219   6.438   5.320    0.73  290.37   10.20   -0.15  274.32    8.86   -0.00    8968    8968
  1.500   6.384   4.708    0.65  290.45    8.60   -0.32  273.16    8.74   -0.07    9698    9698
  2.000   6.312   3.811    0.74  287.59    8.04   -0.34  271.25    8.72   -0.11   10990   10990
  2.500   5.394   3.348    0.70  284.36    7.55   -0.35  268.82    9.36   -0.45   10990   10990
  3.000   4.470   2.956    0.63  280.97    7.07   -0.40  265.61   10.84   -0.80   10989   10989
  3.500   3.618   2.599    0.59  277.50    6.59   -0.46  262.01   12.16   -0.77   10988   10988
  4.000   2.863   2.248    0.61  274.04    6.17   -0.54  258.13   13.34   -0.68   10968   10968
  4.500   2.200   1.880    0.72  270.59    5.87   -0.63  254.34   13.62   -0.50   10948   10948
  5.000   1.601   1.523    0.92  267.18    5.73   -0.69  250.41   13.72   -0.36   10647   10647
  5.500   1.158   1.207    1.15  263.84    5.73   -0.69  246.54   13.58   -0.23   10459   10459
  6.000   0.822   0.916    1.39  260.48    5.86   -0.63  242.73   13.04   -0.10   10398   10398
  6.500   0.570   0.684    1.66  257.12    6.04   -0.57  239.02   12.50    0.01   10195   10195
  7.000   0.405   0.506    1.84  253.65    6.24   -0.49  235.44   12.22    0.05   10140   10140
  7.500   0.283   0.369    2.02  250.10    6.34   -0.41  232.24   11.70    0.10    9883    9883
  8.000   0.194   0.269    2.16  246.48    6.39   -0.32  229.35   11.36    0.10    9175    9175
  8.500   0.136   0.195    2.23  242.82    6.41   -0.25  226.58   11.04    0.08    8731    8731
  9.000   0.089   0.137    2.19  239.16    6.36   -0.18  224.43   10.55    0.04    7477    7477
  9.500   0.054   0.095    2.29  235.53    6.26   -0.13  222.05   10.59   -0.04    5923    5923
 10.000   0.034   0.064    2.38  231.94    6.08   -0.09  219.03   10.27   -0.02    5249    5249
 10.500   0.016   0.038    2.99  228.51    5.82   -0.09  215.12    9.99    0.12    3896    3896
 11.000 999.900 999.900  999.90  225.27    5.48   -0.15  210.77    9.02    0.29    3016    3016
 11.500 999.900 999.900  999.90  222.34    5.10   -0.26  207.38    8.36    0.31    2904    2904
 12.000 999.900 999.900  999.90  219.76    4.67   -0.35  203.88    7.91    0.36    2604    2604
 12.500 999.900 999.900  999.90  217.48    4.25   -0.41  200.34    7.45    0.52    2309    2309
 13.000 999.900 999.900  999.90  215.49    3.80   -0.30  197.23    6.61    0.59    2162    2162
 13.500 999.900 999.900  999.90  213.62    3.54    0.07  191.40    3.80    0.88    1150    1150
 14.000 999.900 999.900  999.90  211.82    3.59    0.38  188.56    2.52    0.53     779     779
 14.500 999.900 999.900  999.90  210.04    3.83    0.48  187.42    2.10    0.50     446     446
 15.000 999.900 999.900  999.90  208.34    4.12    0.43  187.03    2.06    0.55     237     237
 15.500 999.900 999.900  999.90  206.91    4.34    0.34  186.73    2.11    0.63     158     158
 16.000 999.900 999.900  999.90  205.85    4.38    0.32  186.67    2.21    0.61      90      90
 16.500 999.900 999.900  999.90  205.10    4.28    0.34  186.66    2.27    0.48      53      53
 17.000 999.900 999.900  999.90  204.96    4.03    0.40  186.36    2.70    1.19      48      48
 17.500 999.900 999.900  999.90  205.26    3.75    0.44  186.40    2.23    0.85      34      34
 18.000 999.900 999.900  999.90  205.90    3.49    0.37  185.82    2.16    0.48      26      26
 18.500 999.900 999.900  999.90  206.77    3.10    0.04  186.23    1.74   -0.42      27      27
 19.000 999.900 999.900  999.90  207.72    2.88   -0.32  185.64    1.98    0.17      28      28
 19.500 999.900 999.900  999.90  208.65    2.86   -0.48  185.37    1.68   -0.12      28      28
 20.000 999.900 999.900  999.90  209.70    2.78   -0.65  185.74    1.85    0.13      75      75
 20.500 999.900 999.900  999.90  210.77    2.79   -0.78  185.29    1.77    0.25     188     188
 21.000 999.900 999.900  999.90  211.77    2.78   -0.78  185.40    1.81    0.28     327     327
 21.500 999.900 999.900  999.90  212.71    2.69   -0.80  185.47    1.90    0.67     595     595
 22.000 999.900 999.900  999.90  213.64    2.73   -0.79  185.62    1.99    0.60     840     840
 22.500 999.900 999.900  999.90  214.53    2.74   -0.73  186.06    2.16    1.01     921     921
 23.000 999.900 999.900  999.90  215.39    2.82   -0.70  186.36    2.20    0.49    1010    1010
 23.500 999.900 999.900  999.90  216.23    2.94   -0.75  186.74    2.35    0.44    1105    1105
 24.000 999.900 999.900  999.90  217.10    3.04   -0.71  187.22    2.44    0.28    1148    1148
 24.500 999.900 999.900  999.90  217.91    3.13   -0.68  187.63    2.55    0.31    1203    1203
 25.000 999.900 999.900  999.90  218.74    3.28   -0.61  188.10    2.68    0.23    1222    1222
 25.500 999.900 999.900  999.90  219.57    3.34   -0.58  188.63    2.70    0.17    1232    1232
 26.000 999.900 999.900  999.90  220.35    3.46   -0.54  189.12    2.79    0.15    1234    1234
 26.500 999.900 999.900  999.90  221.17    3.57   -0.48  189.58    2.89    0.10    1244    1244
 27.000 999.900 999.900  999.90  221.97    3.55   -0.43  189.98    3.02    0.05    1255    1255
 27.500 999.900 999.900  999.90  222.78    3.64   -0.41  190.48    3.05   -0.05    1244    1244
 28.000 999.900 999.900  999.90  223.66    3.80   -0.39  191.04    3.19   -0.10    1228    1228
 28.500 999.900 999.900  999.90  224.46    3.91   -0.41  191.59    3.23   -0.14    1194    1194
 29.000 999.900 999.900  999.90  225.31    3.97   -0.40  192.19    3.30   -0.10    1145    1145
 29.500 999.900 999.900  999.90  226.19    4.05   -0.39  192.78    3.29   -0.09    1105    1105
 30.000 999.900 999.900  999.90  227.04    4.09   -0.41  193.43    3.35   -0.11    1009    1009
