      72293      32.87N  117.14W
  T A B L E  III -   1.  M O I S T U R E  R E L A T E D  S T A T I S T I C A L  P A R A M E T E R S
                                   January
 STATION =   722930     YUMA PROVING GROUNDS, AZ
      Z VAPOR P   SD VP SKEW VP      TV      TV SKEW TV DEWPT T  SD DPT SKW DPT NOBS TP NOBS TV   
           MEAN                    MEAN      SD            MEAN                                   
     KM      MB      MB          KELVIN  KELVIN          KELVIN  KELVIN                           
  0.000  16.000   6.000    0.00  291.00    6.00    0.00  290.00    7.00    0.00       0       0
  0.098   1.872   3.120    1.78  285.11    5.34    0.35  269.76    7.32    0.08     640     640
  0.500   5.107   2.950    1.08  287.91    3.86   -0.67  269.28    7.05    0.31    1820    1820
  1.000   4.377   2.607    1.17  285.83    4.13   -0.71  267.08    7.17    0.29    1825    1825
  1.500   3.591   2.192    1.16  283.26    4.47   -0.71  264.04    7.76   -0.00    1849    1849
  2.000   2.773   1.962    1.16  280.67    4.61   -0.82  259.92    9.18   -0.20    1852    1852
  2.500   2.153   1.697    1.23  278.02    4.55   -0.94  256.06   10.22   -0.24    1852    1852
  3.000   1.699   1.445    1.38  275.25    4.44   -0.99  252.71   10.80   -0.23    1852    1852
  3.500   1.325   1.192    1.60  272.32    4.36   -0.97  249.51   10.95   -0.19    1853    1853
  4.000   1.061   0.992    1.66  269.23    4.34   -1.00  246.76   11.03   -0.13    1853    1853
  4.500   0.861   0.821    1.64  265.96    4.34   -1.04  244.29   11.07   -0.14    1853    1853
  5.000   0.689   0.682    1.60  262.58    4.35   -1.07  241.59   11.16   -0.08    1853    1853
  5.500   0.537   0.545    1.63  259.11    4.39   -1.10  238.79   11.14   -0.06    1852    1852
  6.000   0.412   0.435    1.64  255.54    4.38   -1.09  235.86   11.11    0.01    1849    1849
  6.500   0.312   0.341    1.73  251.88    4.35   -0.97  232.91   11.07    0.04    1845    1845
  7.000   0.233   0.257    1.71  248.17    4.27   -0.81  230.00   11.07   -0.01    1836    1836
  7.500   0.161   0.190    1.75  244.41    4.11   -0.57  227.44   10.92   -0.08    1674    1674
  8.000   0.111   0.134    1.80  240.58    3.91   -0.38  224.85   10.48   -0.18    1566    1566
  8.500   0.071   0.090    1.78  236.75    3.71   -0.19  222.22   10.02   -0.33    1405    1405
  9.000   0.043   0.058    1.75  232.96    3.46    0.01  219.14    9.54   -0.38    1252    1252
  9.500   0.028   0.038    1.78  229.30    3.22    0.13  216.22    8.92   -0.41    1176    1176
 10.000   0.017   0.023    1.55  225.76    3.11    0.21  213.07    8.31   -0.43    1118    1118
 10.500   0.011   0.015    1.48  222.49    3.30    0.45  209.87    7.80   -0.43    1105    1105
 11.000 999.900 999.900  999.90  219.72    3.63    0.69  206.43    7.21   -0.34    1081    1081
 11.500 999.900 999.900  999.90  217.62    4.20    0.71  202.52    7.12   -0.04     927     927
 12.000 999.900 999.900  999.90  216.16    4.98    0.48  196.87    6.28    0.84     663     663
 12.500 999.900 999.900  999.90  215.36    5.30    0.14  191.86    3.12    0.54     582     582
 13.000 999.900 999.900  999.90  214.90    5.18   -0.24  189.96    2.62   -0.04     586     586
 13.500 999.900 999.900  999.90  214.47    4.64   -0.45  188.70    2.38    0.18     597     597
 14.000 999.900 999.900  999.90  213.73    3.94   -0.27  187.67    2.39    0.40     540     540
 14.500 999.900 999.900  999.90  212.65    3.42   -0.12  186.80    2.48    0.56     378     378
 15.000 999.900 999.900  999.90  211.36    3.08    0.00  186.22    2.47    0.39     243     243
 15.500 999.900 999.900  999.90  210.08    2.94    0.10  186.66    2.23    0.66     102     102
 16.000 999.900 999.900  999.90  208.75    2.95    0.12  186.19    2.51    1.27      48      48
 16.500 999.900 999.900  999.90  207.47    2.99    0.16  185.08    2.01    0.53      26      26
 17.000 999.900 999.900  999.90  206.77    3.09    0.25  185.08    1.82    0.47      24      24
 17.500 999.900 999.900  999.90  206.37    3.07    0.33  184.88    1.83    0.46      25      25
 18.000 999.900 999.900  999.90  206.26    2.92    0.22  185.08    2.18    0.10      12      12
 18.500 999.900 999.900  999.90  206.51    2.79   -0.07  999.90  999.90  999.90       0       0
 19.000 999.900 999.900  999.90  207.01    2.54   -0.08  999.90  999.90  999.90       0       0
 19.500 999.900 999.900  999.90  207.57    2.37   -0.14  999.90  999.90  999.90       0       0
 20.000 999.900 999.900  999.90  208.23    2.38   -0.17  999.90  999.90  999.90       0       0
 20.500 999.900 999.900  999.90  205.43    2.96    0.40  999.90  999.90  999.90       0       0
 21.000 999.900 999.900  999.90  999.90  999.90  999.99  999.90  999.90  999.90       0       0
 21.500 999.900 999.900  999.90  999.90  999.90  999.99  999.90  999.90  999.90       0       0
 22.000 999.900 999.900  999.90  999.90  999.90  999.99  999.90  999.90  999.90       0       0
 22.500 999.900 999.900  999.90  999.90  999.90  999.99  999.90  999.90  999.90       0       0
 23.000 999.900 999.900  999.90  999.90  999.90  999.99  999.90  999.90  999.90       0       0
 23.500 999.900 999.900  999.90  999.90  999.90  999.99  999.90  999.90  999.90       0       0
 24.000 999.900 999.900  999.90  999.90  999.90  999.99  999.90  999.90  999.90       0       0
 24.500 999.900 999.900  999.90  999.90  999.90  999.99  999.90  999.90  999.90       0       0
 25.000 999.900 999.900  999.90  999.90  999.90  999.99  999.90  999.90  999.90       0       0
 25.500 999.900 999.900  999.90  999.90  999.90  999.99  999.90  999.90  999.90       0       0
 26.000 999.900 999.900  999.90  999.90  999.90  999.99  999.90  999.90  999.90       0       0
 26.500 999.900 999.900  999.90  999.90  999.90  999.99  999.90  999.90  999.90       0       0
 27.000 999.900 999.900  999.90  999.90  999.90  999.99  999.90  999.90  999.90       0       0
 27.500 999.900 999.900  999.90  999.90  999.90  999.99  999.90  999.90  999.90       0       0
 28.000 999.900 999.900  999.90  999.90  999.90  999.99  999.90  999.90  999.90       0       0
 28.500 999.900 999.900  999.90  999.90  999.90  999.99  999.90  999.90  999.90       0       0
 29.000 999.900 999.900  999.90  999.90  999.90  999.99  999.90  999.90  999.90       0       0
 29.500 999.900 999.900  999.90  999.90  999.90  999.99  999.90  999.90  999.90       0       0
 30.000 999.900 999.900  999.90  999.90  999.90  999.99  999.90  999.90  999.90       0       0
  T A B L E  III -   2.  M O I S T U R E  R E L A T E D  S T A T I S T I C A L  P A R A M E T E R S
                                  February
 STATION =   722930     YUMA PROVING GROUNDS, AZ
      Z VAPOR P   SD VP SKEW VP      TV      TV SKEW TV DEWPT T  SD DPT SKW DPT NOBS TP NOBS TV   
           MEAN                    MEAN      SD            MEAN                                   
     KM      MB      MB          KELVIN  KELVIN          KELVIN  KELVIN                           
  0.000  16.000   6.000    0.00  291.00    6.00    0.00  290.00    7.00    0.00       0       0
  0.098   1.822   3.137    1.66  286.98    5.59    0.47  271.20    6.91   -0.42     623     623
  0.500   5.351   2.614    0.49  288.80    4.86   -0.31  270.22    6.62   -0.28    1978    1978
  1.000   4.611   2.326    0.60  286.14    5.15   -0.27  268.07    6.78   -0.27    1986    1986
  1.500   3.789   2.063    0.71  282.93    5.48   -0.25  264.94    7.64   -0.46    2008    2008
  2.000   2.831   1.808    0.85  279.97    5.65   -0.33  260.46    8.91   -0.46    2014    2014
  2.500   2.052   1.528    1.03  277.22    5.65   -0.47  255.64   10.06   -0.35    2014    2014
  3.000   1.517   1.286    1.29  274.57    5.43   -0.57  251.23   11.05   -0.31    2013    2013
  3.500   1.154   1.038    1.44  271.76    5.13   -0.67  247.79   11.17   -0.27    2012    2012
  4.000   0.916   0.835    1.52  268.68    4.99   -0.79  245.32   10.69   -0.16    2012    2012
  4.500   0.733   0.684    1.67  265.40    4.92   -0.86  243.03   10.20   -0.05    2011    2011
  5.000   0.574   0.540    1.66  262.00    4.85   -0.84  240.41   10.03   -0.04    2010    2010
  5.500   0.450   0.433    1.60  258.57    4.78   -0.79  237.59   10.28   -0.10    2011    2011
  6.000   0.356   0.359    1.52  255.06    4.73   -0.73  234.81   10.56   -0.02    2005    2005
  6.500   0.275   0.286    1.54  251.43    4.66   -0.69  232.19   10.49    0.00    1991    1991
  7.000   0.207   0.221    1.66  247.73    4.60   -0.65  229.57   10.27    0.01    1974    1974
  7.500   0.145   0.169    1.71  244.02    4.53   -0.52  227.33   10.11   -0.03    1761    1761
  8.000   0.102   0.126    1.71  240.26    4.38   -0.29  224.66   10.02   -0.03    1639    1639
  8.500   0.067   0.088    1.75  236.55    4.20   -0.15  221.79    9.91   -0.12    1500    1500
  9.000   0.042   0.059    1.74  232.86    4.04   -0.10  218.62    9.65   -0.14    1358    1358
  9.500   0.027   0.038    1.70  229.25    3.88    0.02  215.42    9.18   -0.11    1287    1287
 10.000   0.016   0.024    1.67  225.90    3.78    0.26  212.18    8.55   -0.11    1239    1239
 10.500   0.010   0.015    2.86  222.89    3.97    0.60  208.93    7.79   -0.04    1220    1220
 11.000 999.900 999.900  999.90  220.34    4.32    0.77  205.66    7.11    0.10    1187    1187
 11.500 999.900 999.900  999.90  218.41    4.82    0.72  202.13    6.58    0.29    1098    1098
 12.000 999.900 999.900  999.90  217.07    5.22    0.44  197.41    5.98    0.88     860     860
 12.500 999.900 999.900  999.90  216.17    5.24    0.04  192.71    3.63    1.39     723     723
 13.000 999.900 999.900  999.90  215.66    4.88   -0.30  190.22    2.36    0.77     701     701
 13.500 999.900 999.900  999.90  215.10    4.11   -0.37  188.58    2.13    0.79     691     691
 14.000 999.900 999.900  999.90  214.08    3.53   -0.30  187.39    2.11    0.76     586     586
 14.500 999.900 999.900  999.90  212.69    3.27   -0.19  186.71    2.07    0.16     378     378
 15.000 999.900 999.900  999.90  211.21    3.19    0.05  186.49    2.00   -0.10     218     218
 15.500 999.900 999.900  999.90  209.72    3.28    0.14  186.13    2.08   -0.17     118     118
 16.000 999.900 999.900  999.90  208.34    3.40    0.12  186.52    1.79   -0.27      48      48
 16.500 999.900 999.900  999.90  207.01    3.53    0.20  186.51    2.36    1.26      36      36
 17.000 999.900 999.900  999.90  206.18    3.60    0.11  185.60    1.47    0.23      25      25
 17.500 999.900 999.900  999.90  205.51    3.53    0.04  185.12    1.19    0.50      10      10
 18.000 999.900 999.900  999.90  205.35    3.45    0.10  999.90  999.90  999.90       0       0
 18.500 999.900 999.900  999.90  205.56    3.35    0.17  184.77    1.79    0.17      14      14
 19.000 999.900 999.900  999.90  205.89    3.20    0.21  184.86    1.81    0.14      16      16
 19.500 999.900 999.900  999.90  206.49    3.09    0.37  184.84    1.65    0.24      16      16
 20.000 999.900 999.900  999.90  207.43    3.20    0.37  184.87    1.39    0.12      31      31
 20.500 999.900 999.900  999.90  209.19    2.40    0.10  999.90  999.90  999.90       0       0
 21.000 999.900 999.900  999.90  210.51    3.20   -0.16  999.90  999.90  999.90       0       0
 21.500 999.900 999.900  999.90  999.90  999.90  999.99  999.90  999.90  999.90       0       0
 22.000 999.900 999.900  999.90  999.90  999.90  999.99  999.90  999.90  999.90       0       0
 22.500 999.900 999.900  999.90  999.90  999.90  999.99  999.90  999.90  999.90       0       0
 23.000 999.900 999.900  999.90  999.90  999.90  999.99  999.90  999.90  999.90       0       0
 23.500 999.900 999.900  999.90  999.90  999.90  999.99  999.90  999.90  999.90       0       0
 24.000 999.900 999.900  999.90  999.90  999.90  999.99  999.90  999.90  999.90       0       0
 24.500 999.900 999.900  999.90  999.90  999.90  999.99  999.90  999.90  999.90       0       0
 25.000 999.900 999.900  999.90  999.90  999.90  999.99  999.90  999.90  999.90       0       0
 25.500 999.900 999.900  999.90  999.90  999.90  999.99  999.90  999.90  999.90       0       0
 26.000 999.900 999.900  999.90  999.90  999.90  999.99  999.90  999.90  999.90       0       0
 26.500 999.900 999.900  999.90  999.90  999.90  999.99  999.90  999.90  999.90       0       0
 27.000 999.900 999.900  999.90  999.90  999.90  999.99  999.90  999.90  999.90       0       0
 27.500 999.900 999.900  999.90  999.90  999.90  999.99  999.90  999.90  999.90       0       0
 28.000 999.900 999.900  999.90  999.90  999.90  999.99  999.90  999.90  999.90       0       0
 28.500 999.900 999.900  999.90  999.90  999.90  999.99  999.90  999.90  999.90       0       0
 29.000 999.900 999.900  999.90  999.90  999.90  999.99  999.90  999.90  999.90       0       0
 29.500 999.900 999.900  999.90  999.90  999.90  999.99  999.90  999.90  999.90       0       0
 30.000 999.900 999.900  999.90  999.90  999.90  999.99  999.90  999.90  999.90       0       0
  T A B L E  III -   3.  M O I S T U R E  R E L A T E D  S T A T I S T I C A L  P A R A M E T E R S
                                     March
 STATION =   722930     YUMA PROVING GROUNDS, AZ
      Z VAPOR P   SD VP SKEW VP      TV      TV SKEW TV DEWPT T  SD DPT SKW DPT NOBS TP NOBS TV   
           MEAN                    MEAN      SD            MEAN                                   
     KM      MB      MB          KELVIN  KELVIN          KELVIN  KELVIN                           
  0.000  16.000   6.000    0.00  291.00    6.00    0.00  290.00    7.00    0.00       0       0
  0.098   1.725   2.970    1.56  290.27    6.27    0.52  271.21    6.19   -0.33     663     663
  0.500   5.058   2.292    0.78  291.85    4.83   -0.19  269.69    5.95   -0.29    2184    2184
  1.000   4.430   1.990    0.71  288.95    4.79   -0.22  267.89    5.89   -0.32    2190    2190
  1.500   3.748   1.751    0.70  285.39    4.71   -0.33  265.33    6.56   -0.65    2210    2210
  2.000   2.876   1.591    0.92  282.03    4.55   -0.53  261.26    7.90   -0.71    2219    2219
  2.500   2.126   1.426    0.96  278.91    4.40   -0.72  256.66    9.28   -0.49    2217    2217
  3.000   1.609   1.245    1.12  275.90    4.27   -0.86  252.62   10.09   -0.30    2215    2215
  3.500   1.235   1.013    1.22  272.81    4.19   -0.95  249.21   10.33   -0.24    2218    2218
  4.000   0.937   0.793    1.31  269.58    4.09   -1.03  246.05   10.12   -0.19    2217    2217
  4.500   0.727   0.611    1.28  266.25    4.05   -1.11  243.32    9.88   -0.21    2218    2218
  5.000   0.578   0.507    1.32  262.80    4.08   -1.16  240.66    9.89   -0.11    2220    2220
  5.500   0.470   0.453    1.64  259.28    4.13   -1.16  238.12   10.07   -0.00    2221    2221
  6.000   0.384   0.396    1.98  255.68    4.17   -1.08  235.71   10.34    0.00    2220    2220
  6.500   0.298   0.320    2.02  251.97    4.18   -0.93  233.05   10.39    0.01    2201    2201
  7.000   0.224   0.245    2.00  248.25    4.10   -0.66  230.26   10.35   -0.00    2184    2184
  7.500   0.161   0.185    1.87  244.52    3.95   -0.38  227.96   10.25   -0.10    2010    2010
  8.000   0.112   0.131    1.85  240.73    3.80   -0.13  225.39    9.84   -0.18    1893    1893
  8.500   0.072   0.091    1.89  236.94    3.66    0.04  222.58    9.42   -0.18    1705    1705
  9.000   0.045   0.063    2.05  233.19    3.53    0.22  219.41    9.24   -0.15    1513    1513
  9.500   0.028   0.041    2.15  229.45    3.33    0.43  216.17    8.83   -0.12    1418    1418
 10.000   0.017   0.025    1.98  225.84    3.13    0.62  212.64    8.27   -0.11    1349    1349
 10.500   0.011   0.015    1.84  222.56    3.33    0.64  209.46    7.68   -0.10    1321    1321
 11.000 999.900 999.900  999.90  219.75    3.87    0.79  206.18    7.19   -0.06    1290    1290
 11.500 999.900 999.900  999.90  217.46    4.60    0.87  202.54    7.15    0.10    1071    1071
 12.000 999.900 999.900  999.90  215.90    5.32    0.69  197.20    6.11    0.70     809     809
 12.500 999.900 999.900  999.90  215.37    5.47    0.31  192.38    3.89    1.22     789     789
 13.000 999.900 999.900  999.90  215.26    4.90    0.01  189.44    2.58    0.33     783     783
 13.500 999.900 999.900  999.90  214.98    4.00   -0.00  188.00    2.37    0.18     762     762
 14.000 999.900 999.900  999.90  214.27    3.19    0.17  186.98    2.25    0.46     638     638
 14.500 999.900 999.900  999.90  213.11    2.83    0.39  186.16    2.25    0.86     440     440
 15.000 999.900 999.900  999.90  211.72    2.88    0.43  185.74    2.44    1.18     284     284
 15.500 999.900 999.900  999.90  210.29    3.01    0.31  185.70    2.33    0.74     158     158
 16.000 999.900 999.900  999.90  209.07    3.18    0.22  185.81    2.27    0.64      86      86
 16.500 999.900 999.900  999.90  207.94    3.30    0.30  185.60    2.16   -0.13      52      52
 17.000 999.900 999.900  999.90  207.18    3.41    0.29  185.59    2.25   -0.27      36      36
 17.500 999.900 999.900  999.90  206.80    3.38    0.19  185.75    2.04   -0.40      29      29
 18.000 999.900 999.900  999.90  206.82    3.22    0.03  185.76    2.27   -0.75      20      20
 18.500 999.900 999.900  999.90  207.01    3.06    0.02  185.04    2.67   -0.25      16      16
 19.000 999.900 999.900  999.90  207.42    2.84   -0.09  185.59    2.48   -1.00      16      16
 19.500 999.900 999.900  999.90  208.02    2.67   -0.34  186.11    1.51   -1.38      20      20
 20.000 999.900 999.900  999.90  208.67    2.57   -0.44  184.99    2.34   -0.41      22      22
 20.500 999.900 999.900  999.90  207.77    1.98    0.53  999.90  999.90  999.90       0       0
 21.000 999.900 999.900  999.90  208.98    1.44    0.54  999.90  999.90  999.90       0       0
 21.500 999.900 999.900  999.90  209.91    1.44    0.23  999.90  999.90  999.90       0       0
 22.000 999.900 999.900  999.90  210.88    1.46   -0.07  999.90  999.90  999.90       0       0
 22.500 999.900 999.900  999.90  211.77    1.52   -0.03  999.90  999.90  999.90       0       0
 23.000 999.900 999.900  999.90  212.60    1.67    0.17  999.90  999.90  999.90       0       0
 23.500 999.900 999.900  999.90  213.44    1.88    0.29  999.90  999.90  999.90       0       0
 24.000 999.900 999.900  999.90  999.90  999.90  999.99  999.90  999.90  999.90       0       0
 24.500 999.900 999.900  999.90  999.90  999.90  999.99  999.90  999.90  999.90       0       0
 25.000 999.900 999.900  999.90  999.90  999.90  999.99  999.90  999.90  999.90       0       0
 25.500 999.900 999.900  999.90  999.90  999.90  999.99  999.90  999.90  999.90       0       0
 26.000 999.900 999.900  999.90  999.90  999.90  999.99  999.90  999.90  999.90       0       0
 26.500 999.900 999.900  999.90  999.90  999.90  999.99  999.90  999.90  999.90       0       0
 27.000 999.900 999.900  999.90  999.90  999.90  999.99  999.90  999.90  999.90       0       0
 27.500 999.900 999.900  999.90  999.90  999.90  999.99  999.90  999.90  999.90       0       0
 28.000 999.900 999.900  999.90  999.90  999.90  999.99  999.90  999.90  999.90       0       0
 28.500 999.900 999.900  999.90  999.90  999.90  999.99  999.90  999.90  999.90       0       0
 29.000 999.900 999.900  999.90  999.90  999.90  999.99  999.90  999.90  999.90       0       0
 29.500 999.900 999.900  999.90  999.90  999.90  999.99  999.90  999.90  999.90       0       0
 30.000 999.900 999.900  999.90  999.90  999.90  999.99  999.90  999.90  999.90       0       0
  T A B L E  III -   4.  M O I S T U R E  R E L A T E D  S T A T I S T I C A L  P A R A M E T E R S
                                     April
 STATION =   722930     YUMA PROVING GROUNDS, AZ
      Z VAPOR P   SD VP SKEW VP      TV      TV SKEW TV DEWPT T  SD DPT SKW DPT NOBS TP NOBS TV   
           MEAN                    MEAN      SD            MEAN                                   
     KM      MB      MB          KELVIN  KELVIN          KELVIN  KELVIN                           
  0.000  16.000   6.000    0.00  291.00    6.00    0.00  290.00    7.00    0.00       0       0
  0.098   1.747   2.952    1.59  293.89    6.59    0.54  270.93    5.98   -0.04     640     640
  0.500   4.910   2.173    0.61  294.51    4.89   -0.21  269.17    5.89   -0.10    2052    2052
  1.000   4.282   1.943    0.62  291.38    4.69   -0.35  267.29    5.99   -0.15    2052    2052
  1.500   3.633   1.688    0.72  287.63    4.53   -0.43  264.93    6.26   -0.33    2066    2066
  2.000   2.829   1.512    0.69  284.04    4.26   -0.55  261.17    7.54   -0.56    2068    2068
  2.500   2.150   1.332    0.72  280.75    4.00   -0.75  256.96    9.13   -0.70    2068    2068
  3.000   1.583   1.130    0.95  277.70    3.82   -0.94  252.59   10.01   -0.54    2069    2069
  3.500   1.148   0.921    1.29  274.67    3.73   -1.04  248.58    9.96   -0.26    2066    2066
  4.000   0.856   0.766    1.63  271.57    3.66   -0.98  245.01    9.88   -0.01    2066    2066
  4.500   0.673   0.651    1.76  268.35    3.60   -0.92  242.12    9.88    0.17    2066    2066
  5.000   0.536   0.516    1.88  264.96    3.59   -1.00  239.94    9.35    0.22    2066    2066
  5.500   0.446   0.410    1.75  261.46    3.51   -1.00  238.23    9.08    0.09    2064    2064
  6.000   0.358   0.321    1.68  257.85    3.48   -0.99  236.14    8.89    0.01    2059    2059
  6.500   0.274   0.243    1.69  254.11    3.44   -0.91  233.66    8.59   -0.04    2048    2048
  7.000   0.201   0.178    1.71  250.29    3.40   -0.83  230.85    8.30   -0.09    2030    2030
  7.500   0.145   0.134    1.61  246.42    3.36   -0.71  228.29    8.09   -0.11    1925    1925
  8.000   0.103   0.101    1.63  242.49    3.30   -0.56  225.57    7.86   -0.09    1838    1838
  8.500   0.070   0.071    1.49  238.55    3.22   -0.38  222.87    7.60   -0.16    1714    1714
  9.000   0.046   0.051    1.46  234.63    3.09   -0.24  220.10    7.61   -0.25    1532    1532
  9.500   0.029   0.035    1.46  230.76    2.89   -0.19  217.13    7.47   -0.26    1388    1388
 10.000   0.018   0.024    1.50  226.98    2.69   -0.08  213.94    7.31   -0.27    1284    1284
 10.500   0.012   0.015    1.44  223.35    2.50    0.14  211.02    6.75   -0.24    1261    1261
 11.000 999.900 999.900  999.90  220.07    2.38    0.60  207.87    6.17   -0.23    1237    1237
 11.500 999.900 999.900  999.90  217.20    2.64    1.00  204.57    5.84   -0.23    1172    1172
 12.000 999.900 999.900  999.90  214.96    3.31    0.95  199.60    6.03    0.12     767     767
 12.500 999.900 999.900  999.90  213.57    4.11    0.55  193.09    3.94    0.61     523     523
 13.000 999.900 999.900  999.90  212.98    4.52    0.08  190.09    2.70    0.06     517     517
 13.500 999.900 999.900  999.90  212.71    4.42   -0.32  188.23    2.30    0.17     514     514
 14.000 999.900 999.900  999.90  212.42    3.84   -0.34  186.92    2.12    0.29     441     441
 14.500 999.900 999.900  999.90  211.88    3.25   -0.19  185.97    1.82    0.41     290     290
 15.000 999.900 999.900  999.90  211.01    2.96   -0.04  185.38    1.76    0.68     194     194
 15.500 999.900 999.900  999.90  209.93    2.93   -0.03  184.92    1.72    0.42     114     114
 16.000 999.900 999.900  999.90  208.87    3.03   -0.10  184.63    1.63    0.32      72      72
 16.500 999.900 999.900  999.90  207.85    3.02   -0.36  184.12    1.51    0.87      31      31
 17.000 999.900 999.900  999.90  207.33    3.06   -0.39  183.52    1.14    0.89      16      16
 17.500 999.900 999.900  999.90  207.22    3.15   -0.28  183.80    1.30    0.98      24      24
 18.000 999.900 999.900  999.90  207.45    3.07   -0.11  184.08    1.35    0.61      28      28
 18.500 999.900 999.900  999.90  207.90    2.92   -0.15  183.97    1.46    0.79      34      34
 19.000 999.900 999.900  999.90  208.59    2.80   -0.18  183.67    1.19    1.78      37      37
 19.500 999.900 999.900  999.90  209.33    2.53   -0.19  183.68    1.04    1.16      47      47
 20.000 999.900 999.900  999.90  210.17    2.27   -0.41  183.57    1.07    0.62      53      53
 20.500 999.900 999.900  999.90  209.51    1.58   -0.46  999.90  999.90  999.90       0       0
 21.000 999.900 999.900  999.90  999.90  999.90  999.99  999.90  999.90  999.90       0       0
 21.500 999.900 999.900  999.90  999.90  999.90  999.99  999.90  999.90  999.90       0       0
 22.000 999.900 999.900  999.90  999.90  999.90  999.99  999.90  999.90  999.90       0       0
 22.500 999.900 999.900  999.90  999.90  999.90  999.99  999.90  999.90  999.90       0       0
 23.000 999.900 999.900  999.90  999.90  999.90  999.99  999.90  999.90  999.90       0       0
 23.500 999.900 999.900  999.90  999.90  999.90  999.99  999.90  999.90  999.90       0       0
 24.000 999.900 999.900  999.90  999.90  999.90  999.99  999.90  999.90  999.90       0       0
 24.500 999.900 999.900  999.90  999.90  999.90  999.99  999.90  999.90  999.90       0       0
 25.000 999.900 999.900  999.90  999.90  999.90  999.99  999.90  999.90  999.90       0       0
 25.500 999.900 999.900  999.90  999.90  999.90  999.99  999.90  999.90  999.90       0       0
 26.000 999.900 999.900  999.90  999.90  999.90  999.99  999.90  999.90  999.90       0       0
 26.500 999.900 999.900  999.90  999.90  999.90  999.99  999.90  999.90  999.90       0       0
 27.000 999.900 999.900  999.90  999.90  999.90  999.99  999.90  999.90  999.90       0       0
 27.500 999.900 999.900  999.90  999.90  999.90  999.99  999.90  999.90  999.90       0       0
 28.000 999.900 999.900  999.90  999.90  999.90  999.99  999.90  999.90  999.90       0       0
 28.500 999.900 999.900  999.90  999.90  999.90  999.99  999.90  999.90  999.90       0       0
 29.000 999.900 999.900  999.90  999.90  999.90  999.99  999.90  999.90  999.90       0       0
 29.500 999.900 999.900  999.90  999.90  999.90  999.99  999.90  999.90  999.90       0       0
 30.000 999.900 999.900  999.90  999.90  999.90  999.99  999.90  999.90  999.90       0       0
  T A B L E  III -   5.  M O I S T U R E  R E L A T E D  S T A T I S T I C A L  P A R A M E T E R S
                                       May
 STATION =   722930     YUMA PROVING GROUNDS, AZ
      Z VAPOR P   SD VP SKEW VP      TV      TV SKEW TV DEWPT T  SD DPT SKW DPT NOBS TP NOBS TV   
           MEAN                    MEAN      SD            MEAN                                   
     KM      MB      MB          KELVIN  KELVIN          KELVIN  KELVIN                           
  0.000  16.000   6.000    0.00  291.00    6.00    0.00  290.00    7.00    0.00       0       0
  0.098   2.140   3.495    1.44  299.01    6.83    0.30  273.26    6.13   -0.38     743     743
  0.500   6.302   2.348    0.52  297.61    5.30   -0.08  272.72    5.34   -0.35    2317    2317
  1.000   5.529   2.096    0.41  294.42    5.05   -0.19  270.86    5.53   -0.54    2318    2318
  1.500   4.739   1.897    0.37  290.66    4.94   -0.25  268.65    5.94   -0.77    2317    2317
  2.000   3.788   1.705    0.44  286.88    4.73   -0.33  265.38    6.69   -0.80    2318    2318
  2.500   2.914   1.525    0.55  283.24    4.50   -0.43  261.59    7.52   -0.61    2317    2317
  3.000   2.125   1.350    0.86  279.89    4.30   -0.54  257.00    8.57   -0.41    2315    2315
  3.500   1.521   1.144    1.25  276.69    4.11   -0.67  252.43    9.14   -0.15    2314    2314
  4.000   1.124   0.919    1.49  273.45    3.95   -0.76  248.60    9.39   -0.09    2314    2314
  4.500   0.833   0.718    1.78  270.15    3.87   -0.88  245.21    9.12    0.04    2315    2315
  5.000   0.634   0.556    1.90  266.74    3.85   -0.93  242.31    8.80    0.10    2313    2313
  5.500   0.482   0.419    1.98  263.21    3.88   -0.96  239.52    8.47    0.08    2314    2314
  6.000   0.371   0.323    1.84  259.65    3.90   -0.97  236.80    8.32    0.13    2319    2319
  6.500   0.291   0.259    1.83  255.94    3.90   -0.99  234.38    8.16    0.17    2310    2310
  7.000   0.219   0.200    2.01  252.15    3.88   -1.02  231.70    7.94    0.18    2297    2297
  7.500   0.157   0.151    2.18  248.33    3.84   -1.02  228.72    7.90    0.14    2231    2231
  8.000   0.107   0.105    1.96  244.49    3.78   -0.93  225.46    7.66    0.14    2171    2171
  8.500   0.072   0.075    2.01  240.66    3.59   -0.75  222.29    7.56    0.12    2089    2089
  9.000   0.048   0.052    1.97  236.86    3.30   -0.50  219.27    7.35    0.07    1988    1988
  9.500   0.031   0.036    2.00  233.06    2.97   -0.33  216.33    7.09    0.07    1834    1834
 10.000   0.017   0.023    2.07  229.36    2.67   -0.14  213.19    6.93    0.03    1473    1473
 10.500   0.011   0.014    1.96  225.82    2.51    0.00  209.98    6.43   -0.00    1433    1433
 11.000 999.900 999.900  999.90  222.51    2.53    0.29  207.02    5.89   -0.10    1417    1417
 11.500 999.900 999.900  999.90  219.50    2.78    0.65  204.21    5.36   -0.27    1386    1386
 12.000 999.900 999.900  999.90  216.94    3.30    0.83  201.08    5.09   -0.26    1249    1249
 12.500 999.900 999.900  999.90  215.15    3.91    0.73  196.61    4.66    0.22     861     861
 13.000 999.900 999.900  999.90  214.10    4.28    0.48  192.46    3.01    0.04     699     699
 13.500 999.900 999.900  999.90  213.49    4.40    0.16  189.98    2.30   -0.06     674     674
 14.000 999.900 999.900  999.90  212.96    4.28   -0.17  188.21    1.94   -0.15     617     617
 14.500 999.900 999.900  999.90  212.32    3.89   -0.29  186.92    1.93    0.17     525     525
 15.000 999.900 999.900  999.90  211.49    3.57   -0.25  186.25    1.98    0.34     410     410
 15.500 999.900 999.900  999.90  210.61    3.40    0.04  185.97    2.00    0.34     308     308
 16.000 999.900 999.900  999.90  209.78    3.33    0.28  185.79    2.00    0.58     236     236
 16.500 999.900 999.900  999.90  209.06    3.34    0.26  185.44    1.92    0.87     200     200
 17.000 999.900 999.900  999.90  208.80    3.33    0.20  185.02    1.93    1.00     159     159
 17.500 999.900 999.900  999.90  208.76    3.33    0.10  184.85    1.72    0.44     141     141
 18.000 999.900 999.900  999.90  208.98    3.20    0.05  184.84    1.88    0.61     134     134
 18.500 999.900 999.900  999.90  209.37    3.00    0.03  184.62    1.98    0.82     139     139
 19.000 999.900 999.900  999.90  210.03    2.64   -0.11  184.57    1.98    1.86     128     128
 19.500 999.900 999.900  999.90  210.87    2.25   -0.41  184.45    1.78    1.34     148     148
 20.000 999.900 999.900  999.90  211.70    1.93   -0.46  184.16    1.54    0.78     206     206
 20.500 999.900 999.900  999.90  210.64    1.64   -0.02  999.90  999.90  999.90       0       0
 21.000 999.900 999.900  999.90  212.14    1.49    0.59  999.90  999.90  999.90       0       0
 21.500 999.900 999.900  999.90  213.59    1.60    0.38  999.90  999.90  999.90       0       0
 22.000 999.900 999.900  999.90  214.69    1.49   -0.17  999.90  999.90  999.90       0       0
 22.500 999.900 999.900  999.90  216.00    0.88   -0.57  999.90  999.90  999.90       0       0
 23.000 999.900 999.900  999.90  999.90  999.90  999.99  999.90  999.90  999.90       0       0
 23.500 999.900 999.900  999.90  999.90  999.90  999.99  999.90  999.90  999.90       0       0
 24.000 999.900 999.900  999.90  999.90  999.90  999.99  999.90  999.90  999.90       0       0
 24.500 999.900 999.900  999.90  999.90  999.90  999.99  999.90  999.90  999.90       0       0
 25.000 999.900 999.900  999.90  999.90  999.90  999.99  999.90  999.90  999.90       0       0
 25.500 999.900 999.900  999.90  999.90  999.90  999.99  999.90  999.90  999.90       0       0
 26.000 999.900 999.900  999.90  999.90  999.90  999.99  999.90  999.90  999.90       0       0
 26.500 999.900 999.900  999.90  999.90  999.90  999.99  999.90  999.90  999.90       0       0
 27.000 999.900 999.900  999.90  999.90  999.90  999.99  999.90  999.90  999.90       0       0
 27.500 999.900 999.900  999.90  999.90  999.90  999.99  999.90  999.90  999.90       0       0
 28.000 999.900 999.900  999.90  999.90  999.90  999.99  999.90  999.90  999.90       0       0
 28.500 999.900 999.900  999.90  999.90  999.90  999.99  999.90  999.90  999.90       0       0
 29.000 999.900 999.900  999.90  999.90  999.90  999.99  999.90  999.90  999.90       0       0
 29.500 999.900 999.900  999.90  999.90  999.90  999.99  999.90  999.90  999.90       0       0
 30.000 999.900 999.900  999.90  999.90  999.90  999.99  999.90  999.90  999.90       0       0
  T A B L E  III -   6.  M O I S T U R E  R E L A T E D  S T A T I S T I C A L  P A R A M E T E R S
                                      June
 STATION =   722930     YUMA PROVING GROUNDS, AZ
      Z VAPOR P   SD VP SKEW VP      TV      TV SKEW TV DEWPT T  SD DPT SKW DPT NOBS TP NOBS TV   
           MEAN                    MEAN      SD            MEAN                                   
     KM      MB      MB          KELVIN  KELVIN          KELVIN  KELVIN                           
  0.000  16.000   6.000    0.00  291.00    6.00    0.00  290.00    7.00    0.00       0       0
  0.098   2.862   4.415    1.48  303.72    6.48    0.26  275.99    5.89    0.26     761     761
  0.500   7.838   3.836    1.31  303.45    4.28   -0.19  275.23    6.78   -0.15    2152    2152
  1.000   6.628   3.356    1.41  300.51    3.88   -0.30  272.81    6.88   -0.20    2151    2151
  1.500   5.633   2.937    1.31  297.18    3.71   -0.33  270.40    7.27   -0.40    2153    2153
  2.000   4.678   2.703    1.12  293.60    3.55   -0.31  267.43    8.29   -0.48    2151    2151
  2.500   3.774   2.531    0.98  290.01    3.31   -0.31  263.74    9.84   -0.46    2150    2150
  3.000   3.056   2.396    1.01  286.53    3.04   -0.41  260.06   11.07   -0.22    2150    2150
  3.500   2.524   2.162    1.02  283.05    2.82   -0.49  257.06   11.61   -0.04    2149    2149
  4.000   2.126   1.906    0.98  279.46    2.71   -0.48  254.50   12.02    0.00    2150    2150
  4.500   1.696   1.612    1.12  275.87    2.64   -0.44  251.56   11.98    0.10    2149    2149
  5.000   1.278   1.318    1.33  272.34    2.59   -0.47  248.02   11.77    0.27    2148    2148
  5.500   0.954   1.037    1.57  268.84    2.49   -0.49  244.76   11.26    0.41    2151    2151
  6.000   0.697   0.781    1.84  265.30    2.40   -0.50  241.52   10.71    0.45    2151    2151
  6.500   0.493   0.565    2.15  261.67    2.34   -0.56  238.24    9.88    0.57    2150    2150
  7.000   0.355   0.410    2.25  258.04    2.33   -0.61  235.09    9.41    0.60    2147    2147
  7.500   0.253   0.278    2.33  254.35    2.34   -0.53  232.08    8.91    0.50    2142    2142
  8.000   0.174   0.188    2.61  250.60    2.40   -0.43  228.93    8.20    0.54    2139    2139
  8.500   0.121   0.129    2.71  246.73    2.45   -0.36  225.86    7.70    0.55    2119    2119
  9.000   0.086   0.089    2.48  242.81    2.44   -0.23  223.00    7.43    0.49    2100    2100
  9.500   0.058   0.059    2.43  238.94    2.45   -0.13  219.97    7.04    0.43    2067    2067
 10.000   0.030   0.037    2.18  235.12    2.49   -0.07  217.24    6.68    0.25    1492    1492
 10.500   0.017   0.023    2.12  231.39    2.59    0.01  213.96    6.25    0.22    1343    1343
 11.000   0.011   0.014    2.04  227.78    2.67    0.05  210.81    5.72    0.21    1297    1297
 11.500 999.900 999.900  999.90  224.33    2.74    0.07  207.71    5.27    0.35    1267    1267
 12.000 999.900 999.900  999.90  221.10    2.78    0.02  204.51    4.75    0.38    1230    1230
 12.500 999.900 999.900  999.90  218.22    2.84   -0.01  201.29    4.10    0.26    1187    1187
 13.000 999.900 999.900  999.90  215.66    2.84    0.02  197.64    3.45    0.13     977     977
 13.500 999.900 999.900  999.90  213.42    2.67    0.21  193.93    2.84   -0.52     649     649
 14.000 999.900 999.900  999.90  211.36    2.58    0.31  190.12    2.65   -0.32     211     211
 14.500 999.900 999.900  999.90  209.41    2.51    0.36  187.62    2.36   -0.50      78      78
 15.000 999.900 999.900  999.90  207.55    2.62    0.43  186.05    2.48    0.10      24      24
 15.500 999.900 999.900  999.90  205.86    2.85    0.26  999.90  999.90  999.90       0       0
 16.000 999.900 999.900  999.90  204.61    3.02    0.13  999.90  999.90  999.90       0       0
 16.500 999.900 999.900  999.90  203.88    2.93    0.19  999.90  999.90  999.90       0       0
 17.000 999.900 999.900  999.90  203.68    2.72    0.40  999.90  999.90  999.90       0       0
 17.500 999.900 999.900  999.90  204.05    2.57    0.54  999.90  999.90  999.90       0       0
 18.000 999.900 999.900  999.90  204.93    2.33    0.46  999.90  999.90  999.90       0       0
 18.500 999.900 999.900  999.90  206.18    2.10    0.35  999.90  999.90  999.90       0       0
 19.000 999.900 999.900  999.90  207.58    1.85    0.41  999.90  999.90  999.90       0       0
 19.500 999.900 999.900  999.90  208.97    1.62    0.47  184.39    2.13    0.69      14      14
 20.000 999.900 999.900  999.90  210.35    1.55    0.22  183.79    1.81    0.14      35      35
 20.500 999.900 999.900  999.90  212.12    1.85    0.28  999.90  999.90  999.90       0       0
 21.000 999.900 999.900  999.90  213.52    1.75    0.33  999.90  999.90  999.90       0       0
 21.500 999.900 999.900  999.90  214.88    1.53    0.14  999.90  999.90  999.90       0       0
 22.000 999.900 999.900  999.90  215.86    1.35   -0.21  999.90  999.90  999.90       0       0
 22.500 999.900 999.900  999.90  999.90  999.90  999.99  999.90  999.90  999.90       0       0
 23.000 999.900 999.900  999.90  999.90  999.90  999.99  999.90  999.90  999.90       0       0
 23.500 999.900 999.900  999.90  999.90  999.90  999.99  999.90  999.90  999.90       0       0
 24.000 999.900 999.900  999.90  999.90  999.90  999.99  999.90  999.90  999.90       0       0
 24.500 999.900 999.900  999.90  999.90  999.90  999.99  999.90  999.90  999.90       0       0
 25.000 999.900 999.900  999.90  999.90  999.90  999.99  999.90  999.90  999.90       0       0
 25.500 999.900 999.900  999.90  999.90  999.90  999.99  999.90  999.90  999.90       0       0
 26.000 999.900 999.900  999.90  999.90  999.90  999.99  999.90  999.90  999.90       0       0
 26.500 999.900 999.900  999.90  999.90  999.90  999.99  999.90  999.90  999.90       0       0
 27.000 999.900 999.900  999.90  999.90  999.90  999.99  999.90  999.90  999.90       0       0
 27.500 999.900 999.900  999.90  999.90  999.90  999.99  999.90  999.90  999.90       0       0
 28.000 999.900 999.900  999.90  999.90  999.90  999.99  999.90  999.90  999.90       0       0
 28.500 999.900 999.900  999.90  999.90  999.90  999.99  999.90  999.90  999.90       0       0
 29.000 999.900 999.900  999.90  999.90  999.90  999.99  999.90  999.90  999.90       0       0
 29.500 999.900 999.900  999.90  999.90  999.90  999.99  999.90  999.90  999.90       0       0
 30.000 999.900 999.900  999.90  999.90  999.90  999.99  999.90  999.90  999.90       0       0
  T A B L E  III -   7.  M O I S T U R E  R E L A T E D  S T A T I S T I C A L  P A R A M E T E R S
                                      July
 STATION =   722930     YUMA PROVING GROUNDS, AZ
      Z VAPOR P   SD VP SKEW VP      TV      TV SKEW TV DEWPT T  SD DPT SKW DPT NOBS TP NOBS TV   
           MEAN                    MEAN      SD            MEAN                                   
     KM      MB      MB          KELVIN  KELVIN          KELVIN  KELVIN                           
  0.000  16.000   6.000    0.00  291.00    6.00    0.00  290.00    7.00    0.00       0       0
  0.098   5.861   8.250    1.11  307.83    5.57   -0.15  284.38    7.49   -0.63     734     734
  0.500  13.732   4.802   -0.19  305.89    3.35    0.20  283.85    6.22   -1.10    1837    1837
  1.000  12.221   4.381   -0.18  302.65    2.77    0.10  282.05    6.34   -1.11    1837    1837
  1.500  10.811   3.850   -0.14  299.13    2.45   -0.01  280.26    6.17   -1.08    1838    1838
  2.000   9.595   3.483   -0.19  295.40    2.24   -0.04  278.44    6.39   -1.20    1839    1839
  2.500   8.424   3.187   -0.36  291.59    2.05   -0.04  276.37    7.02   -1.43    1839    1839
  3.000   7.187   2.785   -0.48  287.78    1.85   -0.01  273.97    7.51   -1.64    1839    1839
  3.500   5.927   2.431   -0.51  284.01    1.63    0.06  271.05    8.19   -1.72    1839    1839
  4.000   4.765   2.129   -0.46  280.24    1.47   -0.06  267.79    8.81   -1.54    1838    1838
  4.500   3.770   1.819   -0.35  276.56    1.37   -0.20  264.43    9.24   -1.39    1837    1837
  5.000   2.870   1.543   -0.14  273.06    1.30   -0.34  260.52    9.82   -1.19    1838    1838
  5.500   2.082   1.273    0.14  269.78    1.32   -0.28  256.08   10.26   -0.88    1838    1838
  6.000   1.466   1.030    0.43  266.70    1.38   -0.25  251.25   10.85   -0.65    1839    1839
  6.500   1.038   0.795    0.64  263.58    1.46   -0.40  247.03   10.78   -0.46    1839    1839
  7.000   0.733   0.594    0.84  260.38    1.57   -0.49  243.04   10.58   -0.36    1839    1839
  7.500   0.520   0.433    0.95  257.07    1.70   -0.51  239.39   10.28   -0.32    1839    1839
  8.000   0.374   0.313    0.98  253.60    1.82   -0.50  236.04    9.99   -0.30    1836    1836
  8.500   0.271   0.225    0.92  249.98    1.95   -0.50  232.87    9.75   -0.30    1835    1835
  9.000   0.190   0.160    0.89  246.31    1.99   -0.54  229.47    9.48   -0.25    1835    1835
  9.500   0.129   0.109    0.95  242.61    1.96   -0.58  225.92    9.22   -0.26    1830    1830
 10.000   0.076   0.073    1.09  238.88    1.87   -0.56  222.72    8.48   -0.25    1594    1594
 10.500   0.044   0.048    1.14  235.07    1.75   -0.55  219.57    7.89   -0.28    1375    1375
 11.000   0.023   0.029    1.36  231.27    1.66   -0.54  216.16    7.17   -0.26    1142    1142
 11.500   0.014   0.019    1.42  227.48    1.54   -0.40  212.81    6.65   -0.22    1079    1079
 12.000 999.900 999.900  999.90  223.67    1.44   -0.16  209.43    6.25   -0.29    1056    1056
 12.500 999.900 999.900  999.90  219.98    1.38    0.10  206.06    5.74   -0.33    1039    1039
 13.000 999.900 999.900  999.90  216.43    1.36    0.52  202.82    5.05   -0.23    1021    1021
 13.500 999.900 999.900  999.90  213.01    1.43    0.55  197.38    4.24    0.63     444     444
 14.000 999.900 999.900  999.90  209.86    1.64    0.53  191.37    2.62   -0.48      38      38
 14.500 999.900 999.900  999.90  207.27    1.96    0.63  189.11    0.84    0.43      10      10
 15.000 999.900 999.900  999.90  205.14    2.30    0.57  999.90  999.90  999.90       0       0
 15.500 999.900 999.900  999.90  203.60    2.55    0.46  999.90  999.90  999.90       0       0
 16.000 999.900 999.900  999.90  202.75    2.71    0.44  999.90  999.90  999.90       0       0
 16.500 999.900 999.900  999.90  202.63    2.56    0.39  999.90  999.90  999.90       0       0
 17.000 999.900 999.900  999.90  203.26    2.31    0.21  999.90  999.90  999.90       0       0
 17.500 999.900 999.900  999.90  204.52    2.14   -0.01  999.90  999.90  999.90       0       0
 18.000 999.900 999.900  999.90  206.07    2.01   -0.44  999.90  999.90  999.90       0       0
 18.500 999.900 999.900  999.90  207.57    1.73   -0.32  999.90  999.90  999.90       0       0
 19.000 999.900 999.900  999.90  208.96    1.54   -0.09  999.90  999.90  999.90       0       0
 19.500 999.900 999.900  999.90  210.26    1.45   -0.09  999.90  999.90  999.90       0       0
 20.000 999.900 999.900  999.90  211.47    1.35    0.03  183.83    1.83   -0.57     119     119
 20.500 999.900 999.900  999.90  212.40    1.25    0.36  999.90  999.90  999.90       0       0
 21.000 999.900 999.900  999.90  213.52    1.29   -0.01  999.90  999.90  999.90       0       0
 21.500 999.900 999.900  999.90  214.78    1.19    0.68  999.90  999.90  999.90       0       0
 22.000 999.900 999.900  999.90  215.71    1.31    0.55  999.90  999.90  999.90       0       0
 22.500 999.900 999.900  999.90  216.98    1.50    0.06  999.90  999.90  999.90       0       0
 23.000 999.900 999.900  999.90  217.39    1.70   -0.20  999.90  999.90  999.90       0       0
 23.500 999.900 999.900  999.90  218.38    1.66    0.27  999.90  999.90  999.90       0       0
 24.000 999.900 999.900  999.90  219.52    1.69    0.28  999.90  999.90  999.90       0       0
 24.500 999.900 999.900  999.90  999.90  999.90  999.99  999.90  999.90  999.90       0       0
 25.000 999.900 999.900  999.90  999.90  999.90  999.99  999.90  999.90  999.90       0       0
 25.500 999.900 999.900  999.90  999.90  999.90  999.99  999.90  999.90  999.90       0       0
 26.000 999.900 999.900  999.90  999.90  999.90  999.99  999.90  999.90  999.90       0       0
 26.500 999.900 999.900  999.90  999.90  999.90  999.99  999.90  999.90  999.90       0       0
 27.000 999.900 999.900  999.90  999.90  999.90  999.99  999.90  999.90  999.90       0       0
 27.500 999.900 999.900  999.90  999.90  999.90  999.99  999.90  999.90  999.90       0       0
 28.000 999.900 999.900  999.90  999.90  999.90  999.99  999.90  999.90  999.90       0       0
 28.500 999.900 999.900  999.90  999.90  999.90  999.99  999.90  999.90  999.90       0       0
 29.000 999.900 999.900  999.90  999.90  999.90  999.99  999.90  999.90  999.90       0       0
 29.500 999.900 999.900  999.90  999.90  999.90  999.99  999.90  999.90  999.90       0       0
 30.000 999.900 999.900  999.90  999.90  999.90  999.99  999.90  999.90  999.90       0       0
  T A B L E  III -   8.  M O I S T U R E  R E L A T E D  S T A T I S T I C A L  P A R A M E T E R S
                                    August
 STATION =   722930     YUMA PROVING GROUNDS, AZ
      Z VAPOR P   SD VP SKEW VP      TV      TV SKEW TV DEWPT T  SD DPT SKW DPT NOBS TP NOBS TV   
           MEAN                    MEAN      SD            MEAN                                   
     KM      MB      MB          KELVIN  KELVIN          KELVIN  KELVIN                           
  0.000  16.000   6.000    0.00  291.00    6.00    0.00  290.00    7.00    0.00       0       0
  0.098   7.460   9.373    0.70  308.54    5.21    0.10  287.50    6.00   -1.02     893     893
  0.500  15.363   4.670   -0.31  306.08    3.27    0.22  285.80    5.40   -1.09    2075    2075
  1.000  13.502   4.239   -0.29  302.74    2.64    0.15  283.79    5.50   -1.05    2075    2075
  1.500  11.819   3.706   -0.31  299.07    2.30    0.05  281.78    5.51   -1.21    2076    2076
  2.000  10.304   3.292   -0.33  295.22    2.09    0.01  279.71    5.69   -1.44    2076    2076
  2.500   9.002   2.881   -0.46  291.27    1.94   -0.05  277.70    5.91   -1.78    2076    2076
  3.000   7.666   2.508   -0.63  287.31    1.84   -0.13  275.31    6.32   -2.02    2076    2076
  3.500   6.191   2.221   -0.66  283.42    1.73   -0.23  272.07    7.07   -1.95    2076    2076
  4.000   4.815   2.012   -0.57  279.67    1.63   -0.33  268.13    8.39   -1.72    2076    2076
  4.500   3.640   1.796   -0.36  276.13    1.58   -0.46  263.76    9.73   -1.42    2076    2076
  5.000   2.675   1.524   -0.07  272.76    1.58   -0.52  259.29   10.37   -1.06    2076    2076
  5.500   1.821   1.245    0.29  269.62    1.58   -0.59  253.80   11.10   -0.68    2076    2076
  6.000   1.247   0.964    0.57  266.67    1.63   -0.86  248.72   11.57   -0.50    2076    2076
  6.500   0.832   0.692    0.90  263.59    1.69   -1.08  244.15   11.08   -0.34    2076    2076
  7.000   0.564   0.511    1.22  260.39    1.74   -1.02  239.88   10.63   -0.14    2076    2076
  7.500   0.399   0.374    1.37  257.00    1.82   -0.88  236.28   10.24   -0.06    2076    2076
  8.000   0.277   0.270    1.54  253.48    1.90   -0.83  232.77    9.70    0.06    2073    2073
  8.500   0.196   0.193    1.59  249.86    1.97   -0.76  229.49    9.35    0.10    2072    2072
  9.000   0.137   0.136    1.62  246.18    2.00   -0.69  226.22    9.02    0.15    2071    2071
  9.500   0.093   0.095    1.67  242.46    1.99   -0.55  222.79    8.60    0.26    2063    2063
 10.000   0.053   0.062    1.75  238.74    1.98   -0.49  219.61    8.14    0.25    1742    1742
 10.500   0.029   0.040    2.04  235.00    2.00   -0.65  216.03    7.69    0.35    1495    1495
 11.000   0.016   0.024    2.23  231.32    1.92   -0.72  212.75    7.09    0.49    1265    1265
 11.500 999.900 999.900  999.90  227.61    1.77   -0.75  209.83    6.53    0.54    1142    1142
 12.000 999.900 999.900  999.90  223.97    1.58   -0.67  206.68    5.98    0.54    1127    1127
 12.500 999.900 999.900  999.90  220.45    1.41   -0.43  203.52    5.38    0.43    1117    1117
 13.000 999.900 999.900  999.90  217.07    1.37    0.12  200.50    4.87    0.34    1115    1115
 13.500 999.900 999.900  999.90  213.74    1.44    0.52  196.30    3.65    0.52     758     758
 14.000 999.900 999.900  999.90  210.57    1.58    0.78  191.24    2.16   -0.79      71      71
 14.500 999.900 999.900  999.90  207.67    1.80    0.79  189.90    1.24    0.56      15      15
 15.000 999.900 999.900  999.90  205.23    2.05    0.64  999.90  999.90  999.90       0       0
 15.500 999.900 999.900  999.90  203.52    2.31    0.43  999.90  999.90  999.90       0       0
 16.000 999.900 999.900  999.90  202.62    2.42    0.08  999.90  999.90  999.90       0       0
 16.500 999.900 999.900  999.90  202.55    2.42   -0.11  999.90  999.90  999.90       0       0
 17.000 999.900 999.900  999.90  203.18    2.16   -0.09  999.90  999.90  999.90       0       0
 17.500 999.900 999.900  999.90  204.34    2.03   -0.12  999.90  999.90  999.90       0       0
 18.000 999.900 999.900  999.90  205.95    1.87   -0.41  999.90  999.90  999.90       0       0
 18.500 999.900 999.900  999.90  207.65    1.71   -0.40  999.90  999.90  999.90       0       0
 19.000 999.900 999.900  999.90  209.13    1.62   -0.20  999.90  999.90  999.90       0       0
 19.500 999.900 999.900  999.90  210.41    1.51   -0.10  183.58    1.99    0.06      34      34
 20.000 999.900 999.900  999.90  211.57    1.36   -0.08  183.37    1.93   -0.30     141     141
 20.500 999.900 999.900  999.90  211.87    1.24   -0.16  999.90  999.90  999.90       0       0
 21.000 999.900 999.900  999.90  213.19    1.46   -0.60  999.90  999.90  999.90       0       0
 21.500 999.900 999.900  999.90  214.28    1.58   -0.47  999.90  999.90  999.90       0       0
 22.000 999.900 999.900  999.90  215.15    1.58   -0.32  999.90  999.90  999.90       0       0
 22.500 999.900 999.900  999.90  215.94    1.37   -0.36  999.90  999.90  999.90       0       0
 23.000 999.900 999.900  999.90  216.77    1.07   -0.06  999.90  999.90  999.90       0       0
 23.500 999.900 999.900  999.90  217.85    1.05   -0.21  999.90  999.90  999.90       0       0
 24.000 999.900 999.900  999.90  218.91    1.14    0.19  999.90  999.90  999.90       0       0
 24.500 999.900 999.900  999.90  220.13    1.40    0.08  999.90  999.90  999.90       0       0
 25.000 999.900 999.900  999.90  221.06    1.35   -0.64  999.90  999.90  999.90       0       0
 25.500 999.900 999.900  999.90  222.19    1.25   -1.10  999.90  999.90  999.90       0       0
 26.000 999.900 999.900  999.90  223.50    0.87    0.53  999.90  999.90  999.90       0       0
 26.500 999.900 999.900  999.90  224.43    1.21    0.20  999.90  999.90  999.90       0       0
 27.000 999.900 999.900  999.90  999.90  999.90  999.99  999.90  999.90  999.90       0       0
 27.500 999.900 999.900  999.90  999.90  999.90  999.99  999.90  999.90  999.90       0       0
 28.000 999.900 999.900  999.90  999.90  999.90  999.99  999.90  999.90  999.90       0       0
 28.500 999.900 999.900  999.90  999.90  999.90  999.99  999.90  999.90  999.90       0       0
 29.000 999.900 999.900  999.90  999.90  999.90  999.99  999.90  999.90  999.90       0       0
 29.500 999.900 999.900  999.90  999.90  999.90  999.99  999.90  999.90  999.90       0       0
 30.000 999.900 999.900  999.90  999.90  999.90  999.99  999.90  999.90  999.90       0       0
  T A B L E  III -   9.  M O I S T U R E  R E L A T E D  S T A T I S T I C A L  P A R A M E T E R S
                                 September
 STATION =   722930     YUMA PROVING GROUNDS, AZ
      Z VAPOR P   SD VP SKEW VP      TV      TV SKEW TV DEWPT T  SD DPT SKW DPT NOBS TP NOBS TV   
           MEAN                    MEAN      SD            MEAN                                   
     KM      MB      MB          KELVIN  KELVIN          KELVIN  KELVIN                           
  0.000  16.000   6.000    0.00  291.00    6.00    0.00  290.00    7.00    0.00       0       0
  0.098   4.874   7.809    1.44  303.99    5.82    0.07  283.31    8.16   -0.33     722     722
  0.500  12.974   5.604    0.17  303.11    3.73   -0.23  282.57    7.28   -0.56    2070    2070
  1.000  11.319   4.925    0.22  299.94    3.28   -0.35  280.55    7.18   -0.56    2070    2070
  1.500   9.536   4.242    0.24  296.24    3.04   -0.49  277.97    7.28   -0.63    2071    2071
  2.000   7.882   3.714    0.19  292.39    2.78   -0.60  274.98    7.94   -0.84    2072    2072
  2.500   6.488   3.363    0.13  288.57    2.50   -0.73  271.72    9.13   -0.92    2072    2072
  3.000   5.155   3.074    0.20  284.88    2.23   -0.84  267.77   10.62   -0.83    2072    2072
  3.500   3.944   2.685    0.36  281.39    2.11   -0.85  263.46   11.56   -0.61    2072    2072
  4.000   2.923   2.267    0.60  278.05    2.19   -0.65  259.00   11.94   -0.32    2072    2072
  4.500   2.066   1.862    0.94  274.84    2.29   -0.59  254.15   11.98    0.01    2070    2070
  5.000   1.411   1.445    1.28  271.75    2.33   -0.61  249.13   11.90    0.26    2070    2070
  5.500   0.983   1.111    1.60  268.68    2.36   -0.68  244.63   11.78    0.41    2070    2070
  6.000   0.719   0.841    1.84  265.49    2.39   -0.74  241.31   11.28    0.47    2073    2073
  6.500   0.513   0.625    2.20  262.07    2.44   -0.69  238.10   10.45    0.59    2072    2072
  7.000   0.370   0.457    2.38  258.50    2.53   -0.62  234.94    9.99    0.61    2069    2069
  7.500   0.262   0.325    2.51  254.88    2.64   -0.54  231.68    9.59    0.58    2067    2067
  8.000   0.185   0.234    2.74  251.20    2.76   -0.47  228.59    9.05    0.65    2062    2062
  8.500   0.133   0.170    2.90  247.50    2.87   -0.38  225.67    8.75    0.64    2058    2058
  9.000   0.094   0.121    2.99  243.85    2.96   -0.31  222.60    8.53    0.65    2049    2049
  9.500   0.064   0.083    2.95  240.22    3.00   -0.27  219.32    8.24    0.67    2024    2024
 10.000   0.035   0.054    3.08  236.63    2.96   -0.27  216.31    7.94    0.72    1596    1596
 10.500   0.020   0.034    3.36  233.12    2.90   -0.30  213.03    7.26    0.84    1429    1429
 11.000   0.012   0.022    3.58  229.77    2.87   -0.30  210.52    6.69    0.92    1283    1283
 11.500 999.900 999.900  999.90  226.44    2.65   -0.44  207.63    6.40    0.92    1212    1212
 12.000 999.900 999.900  999.90  223.22    2.40   -0.41  204.49    5.74    0.91    1172    1172
 12.500 999.900 999.900  999.90  220.12    2.11   -0.51  201.28    4.86    0.78    1130    1130
 13.000 999.900 999.900  999.90  217.09    1.96   -0.44  198.17    4.11    0.56    1079    1079
 13.500 999.900 999.900  999.90  214.12    1.88    0.02  194.69    3.18    0.37     814     814
 14.000 999.900 999.900  999.90  211.24    1.94    0.53  190.68    2.32   -0.61     165     165
 14.500 999.900 999.900  999.90  208.52    2.17    0.71  188.76    2.72   -0.73      36      36
 15.000 999.900 999.900  999.90  206.18    2.49    0.59  999.90  999.90  999.90       0       0
 15.500 999.900 999.900  999.90  204.34    2.83    0.47  999.90  999.90  999.90       0       0
 16.000 999.900 999.900  999.90  203.13    3.04    0.35  999.90  999.90  999.90       0       0
 16.500 999.900 999.900  999.90  202.66    3.09    0.25  999.90  999.90  999.90       0       0
 17.000 999.900 999.900  999.90  202.77    3.01    0.20  999.90  999.90  999.90       0       0
 17.500 999.900 999.900  999.90  203.57    2.81    0.30  999.90  999.90  999.90       0       0
 18.000 999.900 999.900  999.90  204.89    2.54    0.46  999.90  999.90  999.90       0       0
 18.500 999.900 999.900  999.90  206.36    2.24    0.42  999.90  999.90  999.90       0       0
 19.000 999.900 999.900  999.90  207.96    2.07    0.25  999.90  999.90  999.90       0       0
 19.500 999.900 999.900  999.90  209.33    1.94    0.10  184.28    1.37    0.22      31      31
 20.000 999.900 999.900  999.90  210.55    1.83    0.02  184.26    1.48    0.70      59      59
 20.500 999.900 999.900  999.90  212.01    2.18   -1.13  999.90  999.90  999.90       0       0
 21.000 999.900 999.900  999.90  213.10    2.18   -2.06  999.90  999.90  999.90       0       0
 21.500 999.900 999.900  999.90  213.83    2.11   -1.75  999.90  999.90  999.90       0       0
 22.000 999.900 999.900  999.90  999.90  999.90  999.99  999.90  999.90  999.90       0       0
 22.500 999.900 999.900  999.90  999.90  999.90  999.99  999.90  999.90  999.90       0       0
 23.000 999.900 999.900  999.90  999.90  999.90  999.99  999.90  999.90  999.90       0       0
 23.500 999.900 999.900  999.90  999.90  999.90  999.99  999.90  999.90  999.90       0       0
 24.000 999.900 999.900  999.90  999.90  999.90  999.99  999.90  999.90  999.90       0       0
 24.500 999.900 999.900  999.90  999.90  999.90  999.99  999.90  999.90  999.90       0       0
 25.000 999.900 999.900  999.90  999.90  999.90  999.99  999.90  999.90  999.90       0       0
 25.500 999.900 999.900  999.90  999.90  999.90  999.99  999.90  999.90  999.90       0       0
 26.000 999.900 999.900  999.90  999.90  999.90  999.99  999.90  999.90  999.90       0       0
 26.500 999.900 999.900  999.90  999.90  999.90  999.99  999.90  999.90  999.90       0       0
 27.000 999.900 999.900  999.90  999.90  999.90  999.99  999.90  999.90  999.90       0       0
 27.500 999.900 999.900  999.90  999.90  999.90  999.99  999.90  999.90  999.90       0       0
 28.000 999.900 999.900  999.90  999.90  999.90  999.99  999.90  999.90  999.90       0       0
 28.500 999.900 999.900  999.90  999.90  999.90  999.99  999.90  999.90  999.90       0       0
 29.000 999.900 999.900  999.90  999.90  999.90  999.99  999.90  999.90  999.90       0       0
 29.500 999.900 999.900  999.90  999.90  999.90  999.99  999.90  999.90  999.90       0       0
 30.000 999.900 999.900  999.90  999.90  999.90  999.99  999.90  999.90  999.90       0       0
  T A B L E  III -  10.  M O I S T U R E  R E L A T E D  S T A T I S T I C A L  P A R A M E T E R S
                                   October
 STATION =   722930     YUMA PROVING GROUNDS, AZ
      Z VAPOR P   SD VP SKEW VP      TV      TV SKEW TV DEWPT T  SD DPT SKW DPT NOBS TP NOBS TV   
           MEAN                    MEAN      SD            MEAN                                   
     KM      MB      MB          KELVIN  KELVIN          KELVIN  KELVIN                           
  0.000  16.000   6.000    0.00  291.00    6.00    0.00  290.00    7.00    0.00       0       0
  0.098   2.371   4.661    2.18  296.49    6.28    0.33  276.11    8.21   -0.03     629     629
  0.500   8.917   4.152    0.56  297.83    3.90   -0.41  277.21    6.88   -0.28    2291    2291
  1.000   7.844   3.588    0.56  294.94    3.70   -0.56  275.43    6.68   -0.34    2292    2292
  1.500   6.537   3.108    0.64  291.38    3.65   -0.56  272.68    6.96   -0.45    2302    2302
  2.000   4.954   2.790    0.70  287.96    3.60   -0.62  268.17    8.40   -0.50    2310    2310
  2.500   3.534   2.406    0.89  284.83    3.56   -0.75  262.76   10.08   -0.53    2308    2308
  3.000   2.566   2.031    1.23  281.88    3.57   -0.91  258.02   10.75   -0.30    2307    2307
  3.500   1.933   1.687    1.47  278.91    3.59   -0.94  254.22   10.88   -0.10    2301    2301
  4.000   1.505   1.373    1.63  275.79    3.58   -0.89  251.08   10.83   -0.03    2302    2302
  4.500   1.150   1.063    1.89  272.55    3.51   -0.85  248.16   10.35   -0.04    2302    2302
  5.000   0.869   0.826    2.10  269.22    3.44   -0.80  245.07   10.00    0.02    2303    2303
  5.500   0.646   0.625    2.14  265.81    3.44   -0.76  241.89    9.71    0.05    2301    2301
  6.000   0.478   0.467    2.25  262.36    3.43   -0.74  238.78    9.30    0.11    2307    2307
  6.500   0.360   0.360    2.32  258.78    3.41   -0.70  235.92    9.02    0.18    2299    2299
  7.000   0.271   0.285    2.43  255.13    3.38   -0.63  233.08    8.88    0.21    2285    2285
  7.500   0.200   0.218    2.44  251.44    3.36   -0.54  230.32    8.64    0.24    2250    2250
  8.000   0.149   0.167    2.45  247.70    3.39   -0.44  227.66    8.63    0.20    2200    2200
  8.500   0.108   0.124    2.34  243.86    3.33   -0.43  224.92    8.58    0.19    2134    2134
  9.000   0.076   0.089    2.27  240.03    3.25   -0.39  222.11    8.40    0.19    2061    2061
  9.500   0.053   0.064    2.16  236.31    3.15   -0.28  219.38    8.30    0.17    1946    1946
 10.000   0.030   0.044    2.40  232.78    3.09   -0.11  216.30    8.22    0.25    1553    1553
 10.500   0.019   0.028    2.44  229.41    3.16   -0.01  213.04    7.70    0.27    1494    1494
 11.000   0.011   0.017    2.52  226.24    3.21    0.21  209.74    7.01    0.26    1456    1456
 11.500 999.900 999.900  999.90  223.25    3.24    0.31  206.40    6.45    0.35    1415    1415
 12.000 999.900 999.900  999.90  220.58    3.28    0.38  203.05    5.89    0.47    1374    1374
 12.500 999.900 999.900  999.90  218.13    3.21    0.41  199.62    4.88    0.53    1313    1313
 13.000 999.900 999.900  999.90  215.85    3.09    0.41  195.86    3.66    0.87    1069    1069
 13.500 999.900 999.900  999.90  213.65    3.06    0.36  192.33    2.23    0.62     717     717
 14.000 999.900 999.900  999.90  211.52    3.04    0.30  189.74    1.52   -0.57     384     384
 14.500 999.900 999.900  999.90  209.55    3.08    0.41  188.34    1.68   -0.61     168     168
 15.000 999.900 999.900  999.90  207.66    3.19    0.44  187.73    1.65   -0.29      65      65
 15.500 999.900 999.900  999.90  206.03    3.38    0.40  187.76    1.75   -0.36      22      22
 16.000 999.900 999.900  999.90  204.73    3.51    0.39  187.33    2.13   -0.44      13      13
 16.500 999.900 999.900  999.90  203.76    3.45    0.29  999.90  999.90  999.90       0       0
 17.000 999.900 999.900  999.90  203.42    3.41    0.24  999.90  999.90  999.90       0       0
 17.500 999.900 999.900  999.90  203.57    3.24    0.15  999.90  999.90  999.90       0       0
 18.000 999.900 999.900  999.90  204.13    2.97    0.09  999.90  999.90  999.90       0       0
 18.500 999.900 999.900  999.90  205.18    2.65    0.08  999.90  999.90  999.90       0       0
 19.000 999.900 999.900  999.90  206.44    2.34    0.09  999.90  999.90  999.90       0       0
 19.500 999.900 999.900  999.90  207.66    2.17   -0.04  999.90  999.90  999.90       0       0
 20.000 999.900 999.900  999.90  208.89    2.09   -0.23  999.90  999.90  999.90       0       0
 20.500 999.900 999.900  999.90  210.07    2.34   -0.23  999.90  999.90  999.90       0       0
 21.000 999.900 999.900  999.90  999.90  999.90  999.99  999.90  999.90  999.90       0       0
 21.500 999.900 999.900  999.90  999.90  999.90  999.99  999.90  999.90  999.90       0       0
 22.000 999.900 999.900  999.90  999.90  999.90  999.99  999.90  999.90  999.90       0       0
 22.500 999.900 999.900  999.90  999.90  999.90  999.99  999.90  999.90  999.90       0       0
 23.000 999.900 999.900  999.90  999.90  999.90  999.99  999.90  999.90  999.90       0       0
 23.500 999.900 999.900  999.90  999.90  999.90  999.99  999.90  999.90  999.90       0       0
 24.000 999.900 999.900  999.90  999.90  999.90  999.99  999.90  999.90  999.90       0       0
 24.500 999.900 999.900  999.90  999.90  999.90  999.99  999.90  999.90  999.90       0       0
 25.000 999.900 999.900  999.90  999.90  999.90  999.99  999.90  999.90  999.90       0       0
 25.500 999.900 999.900  999.90  999.90  999.90  999.99  999.90  999.90  999.90       0       0
 26.000 999.900 999.900  999.90  999.90  999.90  999.99  999.90  999.90  999.90       0       0
 26.500 999.900 999.900  999.90  999.90  999.90  999.99  999.90  999.90  999.90       0       0
 27.000 999.900 999.900  999.90  999.90  999.90  999.99  999.90  999.90  999.90       0       0
 27.500 999.900 999.900  999.90  999.90  999.90  999.99  999.90  999.90  999.90       0       0
 28.000 999.900 999.900  999.90  999.90  999.90  999.99  999.90  999.90  999.90       0       0
 28.500 999.900 999.900  999.90  999.90  999.90  999.99  999.90  999.90  999.90       0       0
 29.000 999.900 999.900  999.90  999.90  999.90  999.99  999.90  999.90  999.90       0       0
 29.500 999.900 999.900  999.90  999.90  999.90  999.99  999.90  999.90  999.90       0       0
 30.000 999.900 999.900  999.90  999.90  999.90  999.99  999.90  999.90  999.90       0       0
  T A B L E  III -  11.  M O I S T U R E  R E L A T E D  S T A T I S T I C A L  P A R A M E T E R S
                                  November
 STATION =   722930     YUMA PROVING GROUNDS, AZ
      Z VAPOR P   SD VP SKEW VP      TV      TV SKEW TV DEWPT T  SD DPT SKW DPT NOBS TP NOBS TV   
           MEAN                    MEAN      SD            MEAN                                   
     KM      MB      MB          KELVIN  KELVIN          KELVIN  KELVIN                           
  0.000  16.000   6.000    0.00  291.00    6.00    0.00  290.00    7.00    0.00       0       0
  0.098   2.162   3.476    1.51  290.96    6.57    0.28  271.90    7.03   -0.12     674     674
  0.500   5.800   3.262    0.93  292.10    4.43   -0.25  270.96    7.38   -0.03    1908    1908
  1.000   5.051   2.776    0.85  289.62    4.39   -0.36  269.05    7.34   -0.18    1915    1915
  1.500   4.067   2.220    0.77  286.73    4.45   -0.47  265.83    7.85   -0.53    1935    1935
  2.000   3.026   1.842    0.75  284.05    4.42   -0.68  261.36    9.03   -0.65    1941    1941
  2.500   2.286   1.586    0.99  281.49    4.32   -0.87  257.32    9.69   -0.48    1941    1941
  3.000   1.783   1.370    1.14  278.90    4.19   -1.03  253.78   10.21   -0.32    1944    1944
  3.500   1.412   1.110    1.24  276.06    4.07   -1.08  250.99   10.07   -0.26    1943    1943
  4.000   1.172   0.940    1.28  273.01    3.98   -1.11  248.78   10.02   -0.26    1943    1943
  4.500   0.964   0.791    1.27  269.80    3.95   -1.22  246.44   10.06   -0.23    1943    1943
  5.000   0.774   0.660    1.41  266.48    3.91   -1.31  243.94    9.97   -0.20    1943    1943
  5.500   0.619   0.556    1.48  263.11    3.88   -1.36  241.30   10.07   -0.15    1941    1941
  6.000   0.488   0.466    1.54  259.68    3.81   -1.27  238.53   10.20   -0.08    1937    1937
  6.500   0.371   0.368    1.55  256.08    3.69   -1.02  235.60   10.23   -0.06    1923    1923
  7.000   0.279   0.288    1.66  252.45    3.62   -0.83  232.69   10.11   -0.04    1914    1914
  7.500   0.208   0.223    1.61  248.74    3.55   -0.68  230.18   10.11   -0.08    1833    1833
  8.000   0.151   0.167    1.67  244.95    3.45   -0.45  227.71    9.77   -0.11    1753    1753
  8.500   0.106   0.119    1.68  241.18    3.37   -0.31  225.35    9.32   -0.22    1656    1656
  9.000   0.071   0.081    1.66  237.43    3.31   -0.15  222.82    8.72   -0.31    1534    1534
  9.500   0.044   0.052    1.60  233.67    3.19   -0.06  219.80    8.09   -0.30    1374    1374
 10.000   0.022   0.032    1.94  230.02    3.10    0.03  216.14    7.55   -0.19    1073    1073
 10.500   0.013   0.020    2.18  226.51    3.09    0.24  212.36    6.95   -0.03    1043    1043
 11.000 999.900 999.900  999.90  223.32    3.21    0.49  208.38    6.30    0.08    1017    1017
 11.500 999.900 999.900  999.90  220.36    3.51    0.56  204.82    5.67    0.12     999     999
 12.000 999.900 999.900  999.90  217.65    3.75    0.54  201.21    5.12    0.35     904     904
 12.500 999.900 999.900  999.90  215.48    3.86    0.41  197.51    4.54    0.75     750     750
 13.000 999.900 999.900  999.90  213.64    3.85    0.26  193.39    2.65    0.09     568     568
 13.500 999.900 999.900  999.90  212.03    3.65    0.07  190.71    2.13   -0.40     379     379
 14.000 999.900 999.900  999.90  210.56    3.34   -0.17  188.87    1.75   -0.17     186     186
 14.500 999.900 999.900  999.90  209.15    3.22   -0.41  188.12    1.67    0.91      79      79
 15.000 999.900 999.900  999.90  207.76    3.12   -0.14  187.41    2.07    1.59      39      39
 15.500 999.900 999.900  999.90  206.42    3.07    0.23  187.20    2.65    1.71      20      20
 16.000 999.900 999.900  999.90  205.27    3.10    0.58  187.15    3.00    1.69      15      15
 16.500 999.900 999.900  999.90  204.19    3.32    0.75  185.89    1.85   -0.65      12      12
 17.000 999.900 999.900  999.90  203.72    3.42    0.68  999.90  999.90  999.90       0       0
 17.500 999.900 999.900  999.90  203.56    3.40    0.50  999.90  999.90  999.90       0       0
 18.000 999.900 999.900  999.90  203.88    3.22    0.52  999.90  999.90  999.90       0       0
 18.500 999.900 999.900  999.90  204.48    2.95    0.70  999.90  999.90  999.90       0       0
 19.000 999.900 999.900  999.90  205.19    2.86    0.79  999.90  999.90  999.90       0       0
 19.500 999.900 999.900  999.90  206.14    2.67    0.94  999.90  999.90  999.90       0       0
 20.000 999.900 999.900  999.90  207.11    2.49    0.75  184.05    1.23    0.49      13      13
 20.500 999.900 999.900  999.90  999.90  999.90  999.99  999.90  999.90  999.90       0       0
 21.000 999.900 999.900  999.90  999.90  999.90  999.99  999.90  999.90  999.90       0       0
 21.500 999.900 999.900  999.90  999.90  999.90  999.99  999.90  999.90  999.90       0       0
 22.000 999.900 999.900  999.90  999.90  999.90  999.99  999.90  999.90  999.90       0       0
 22.500 999.900 999.900  999.90  999.90  999.90  999.99  999.90  999.90  999.90       0       0
 23.000 999.900 999.900  999.90  999.90  999.90  999.99  999.90  999.90  999.90       0       0
 23.500 999.900 999.900  999.90  999.90  999.90  999.99  999.90  999.90  999.90       0       0
 24.000 999.900 999.900  999.90  999.90  999.90  999.99  999.90  999.90  999.90       0       0
 24.500 999.900 999.900  999.90  999.90  999.90  999.99  999.90  999.90  999.90       0       0
 25.000 999.900 999.900  999.90  999.90  999.90  999.99  999.90  999.90  999.90       0       0
 25.500 999.900 999.900  999.90  999.90  999.90  999.99  999.90  999.90  999.90       0       0
 26.000 999.900 999.900  999.90  999.90  999.90  999.99  999.90  999.90  999.90       0       0
 26.500 999.900 999.900  999.90  999.90  999.90  999.99  999.90  999.90  999.90       0       0
 27.000 999.900 999.900  999.90  999.90  999.90  999.99  999.90  999.90  999.90       0       0
 27.500 999.900 999.900  999.90  999.90  999.90  999.99  999.90  999.90  999.90       0       0
 28.000 999.900 999.900  999.90  999.90  999.90  999.99  999.90  999.90  999.90       0       0
 28.500 999.900 999.900  999.90  999.90  999.90  999.99  999.90  999.90  999.90       0       0
 29.000 999.900 999.900  999.90  999.90  999.90  999.99  999.90  999.90  999.90       0       0
 29.500 999.900 999.900  999.90  999.90  999.90  999.99  999.90  999.90  999.90       0       0
 30.000 999.900 999.900  999.90  999.90  999.90  999.99  999.90  999.90  999.90       0       0
  T A B L E  III -  12.  M O I S T U R E  R E L A T E D  S T A T I S T I C A L  P A R A M E T E R S
                                  December
 STATION =   722930     YUMA PROVING GROUNDS, AZ
      Z VAPOR P   SD VP SKEW VP      TV      TV SKEW TV DEWPT T  SD DPT SKW DPT NOBS TP NOBS TV   
           MEAN                    MEAN      SD            MEAN                                   
     KM      MB      MB          KELVIN  KELVIN          KELVIN  KELVIN                           
  0.000  16.000   6.000    0.00  291.00    6.00    0.00  290.00    7.00    0.00       0       0
  0.098   2.168   3.420    1.45  285.28    5.69    0.37  271.35    7.33   -0.22     574     574
  0.500   5.359   3.043    0.72  287.94    4.09   -0.31  269.77    7.55    0.02    1572    1572
  1.000   4.630   2.645    0.71  286.04    4.40   -0.42  267.72    7.65   -0.09    1575    1575
  1.500   3.853   2.372    0.83  283.61    4.81   -0.47  264.63    8.60   -0.27    1597    1597
  2.000   2.942   2.180    1.32  281.13    4.97   -0.60  260.30    9.88   -0.22    1598    1598
  2.500   2.224   1.851    1.71  278.60    5.00   -0.76  256.32   10.38   -0.17    1598    1598
  3.000   1.723   1.548    1.83  275.98    4.92   -0.91  252.79   10.81   -0.13    1598    1598
  3.500   1.351   1.282    1.92  273.13    4.79   -0.98  249.63   10.99   -0.09    1598    1598
  4.000   1.062   1.036    2.05  270.06    4.68   -1.03  246.79   10.87   -0.08    1601    1601
  4.500   0.850   0.837    1.96  266.86    4.60   -1.07  244.16   10.99   -0.14    1599    1599
  5.000   0.680   0.664    1.90  263.53    4.61   -1.13  241.80   10.79   -0.14    1598    1598
  5.500   0.553   0.527    1.67  260.09    4.58   -1.11  239.55   10.78   -0.19    1598    1598
  6.000   0.445   0.437    1.58  256.57    4.51   -1.08  237.12   10.86   -0.16    1592    1592
  6.500   0.344   0.348    1.63  252.98    4.42   -0.97  234.39   10.83   -0.14    1588    1588
  7.000   0.260   0.264    1.52  249.29    4.29   -0.83  231.64   10.90   -0.19    1563    1563
  7.500   0.188   0.199    1.31  245.57    4.16   -0.69  229.43   10.72   -0.28    1437    1437
  8.000   0.136   0.147    1.29  241.80    3.99   -0.51  227.10   10.34   -0.33    1363    1363
  8.500   0.088   0.105    1.49  238.07    3.80   -0.28  224.68    9.56   -0.35    1207    1207
  9.000   0.055   0.072    1.64  234.40    3.62   -0.05  221.61    9.21   -0.37    1079    1079
  9.500   0.034   0.048    1.78  230.78    3.48    0.05  218.74    8.62   -0.32     966     966
 10.000   0.021   0.031    2.05  227.28    3.40    0.15  215.37    8.20   -0.20     877     877
 10.500   0.014   0.021    2.29  224.00    3.44    0.28  212.11    7.93   -0.06     862     862
 11.000 999.900 999.900  999.90  220.96    3.63    0.41  208.74    7.62    0.06     838     838
 11.500 999.900 999.900  999.90  218.25    3.96    0.32  205.12    7.22    0.18     748     748
 12.000 999.900 999.900  999.90  216.11    4.37    0.30  200.29    6.67    0.58     581     581
 12.500 999.900 999.900  999.90  214.75    4.76    0.17  194.67    4.87    1.82     440     440
 13.000 999.900 999.900  999.90  213.74    4.92    0.03  190.87    1.91    0.17     376     376
 13.500 999.900 999.900  999.90  212.82    4.74   -0.14  188.94    1.76   -0.39     345     345
 14.000 999.900 999.900  999.90  211.87    4.43   -0.29  187.60    1.97   -0.13     286     286
 14.500 999.900 999.900  999.90  210.79    4.09   -0.30  187.06    2.04    0.01     169     169
 15.000 999.900 999.900  999.90  209.64    3.77   -0.27  187.12    1.77    0.01      92      92
 15.500 999.900 999.900  999.90  208.57    3.67   -0.14  187.15    1.46    0.49      59      59
 16.000 999.900 999.900  999.90  207.57    3.73    0.03  187.05    1.38    1.31      26      26
 16.500 999.900 999.900  999.90  206.19    3.57    0.06  186.48    1.27    0.92      13      13
 17.000 999.900 999.900  999.90  205.56    3.70    0.03  999.90  999.90  999.90       0       0
 17.500 999.900 999.900  999.90  205.32    3.77   -0.02  999.90  999.90  999.90       0       0
 18.000 999.900 999.900  999.90  205.52    3.70   -0.09  999.90  999.90  999.90       0       0
 18.500 999.900 999.900  999.90  205.98    3.46   -0.29  999.90  999.90  999.90       0       0
 19.000 999.900 999.900  999.90  206.64    3.24   -0.41  999.90  999.90  999.90       0       0
 19.500 999.900 999.900  999.90  207.32    2.96   -0.38  999.90  999.90  999.90       0       0
 20.000 999.900 999.900  999.90  207.99    2.76   -0.47  999.90  999.90  999.90       0       0
 20.500 999.900 999.900  999.90  207.28    3.11    0.23  999.90  999.90  999.90       0       0
 21.000 999.900 999.900  999.90  208.06    3.63   -0.21  999.90  999.90  999.90       0       0
 21.500 999.900 999.900  999.90  999.90  999.90  999.99  999.90  999.90  999.90       0       0
 22.000 999.900 999.900  999.90  999.90  999.90  999.99  999.90  999.90  999.90       0       0
 22.500 999.900 999.900  999.90  999.90  999.90  999.99  999.90  999.90  999.90       0       0
 23.000 999.900 999.900  999.90  999.90  999.90  999.99  999.90  999.90  999.90       0       0
 23.500 999.900 999.900  999.90  999.90  999.90  999.99  999.90  999.90  999.90       0       0
 24.000 999.900 999.900  999.90  999.90  999.90  999.99  999.90  999.90  999.90       0       0
 24.500 999.900 999.900  999.90  999.90  999.90  999.99  999.90  999.90  999.90       0       0
 25.000 999.900 999.900  999.90  999.90  999.90  999.99  999.90  999.90  999.90       0       0
 25.500 999.900 999.900  999.90  999.90  999.90  999.99  999.90  999.90  999.90       0       0
 26.000 999.900 999.900  999.90  999.90  999.90  999.99  999.90  999.90  999.90       0       0
 26.500 999.900 999.900  999.90  999.90  999.90  999.99  999.90  999.90  999.90       0       0
 27.000 999.900 999.900  999.90  999.90  999.90  999.99  999.90  999.90  999.90       0       0
 27.500 999.900 999.900  999.90  999.90  999.90  999.99  999.90  999.90  999.90       0       0
 28.000 999.900 999.900  999.90  999.90  999.90  999.99  999.90  999.90  999.90       0       0
 28.500 999.900 999.900  999.90  999.90  999.90  999.99  999.90  999.90  999.90       0       0
 29.000 999.900 999.900  999.90  999.90  999.90  999.99  999.90  999.90  999.90       0       0
 29.500 999.900 999.900  999.90  999.90  999.90  999.99  999.90  999.90  999.90       0       0
 30.000 999.900 999.900  999.90  999.90  999.90  999.99  999.90  999.90  999.90       0       0
  T A B L E  III -  13.  M O I S T U R E  R E L A T E D  S T A T I S T I C A L  P A R A M E T E R S
                                    Annual
 STATION =   722930     YUMA PROVING GROUNDS, AZ
      Z VAPOR P   SD VP SKEW VP      TV      TV SKEW TV DEWPT T  SD DPT SKW DPT NOBS TP NOBS TV   
           MEAN                    MEAN      SD            MEAN                                   
     KM      MB      MB          KELVIN  KELVIN          KELVIN  KELVIN                           
  0.000  16.000   6.000    0.00  291.00    6.00    0.00  290.00    7.00    0.00       0       0
  0.098   3.074   5.544    2.16  296.82   10.25    0.06  276.11    9.20    0.15    8296    8296
  0.500   8.074   5.136    1.05  296.68    7.76   -0.09  274.80    8.78    0.07   24256   24256
  1.000   7.048   4.552    1.08  293.82    7.41   -0.19  272.81    8.82    0.03   24286   24286
  1.500   5.990   4.004    1.10  290.42    7.20   -0.26  270.21    9.32   -0.13   24422   24422
  2.000   4.876   3.630    1.12  287.07    6.86   -0.34  266.64   10.59   -0.25   24458   24458
  2.500   3.921   3.284    1.15  283.81    6.45   -0.44  262.80   11.90   -0.24   24452   24452
  3.000   3.127   2.888    1.20  280.64    6.05   -0.54  259.01   12.83   -0.16   24450   24450
  3.500   2.458   2.431    1.28  277.43    5.72   -0.63  255.49   13.12   -0.05   24441   24441
  4.000   1.925   1.993    1.37  274.15    5.51   -0.69  252.29   13.05    0.03   24444   24444
  4.500   1.484   1.599    1.51  270.81    5.40   -0.74  249.17   12.74    0.10   24439   24439
  5.000   1.120   1.247    1.68  267.43    5.39   -0.76  246.00   12.31    0.17   24438   24438
  5.500   0.828   0.943    1.87  264.04    5.45   -0.73  242.79   11.84    0.18   24437   24437
  6.000   0.612   0.707    2.03  260.63    5.57   -0.66  239.66   11.45    0.18   24427   24427
  6.500   0.445   0.518    2.20  257.09    5.68   -0.57  236.60   10.97    0.17   24342   24342
  7.000   0.323   0.380    2.33  253.49    5.77   -0.47  233.54   10.59    0.14   24214   24214
  7.500   0.231   0.276    2.36  249.83    5.84   -0.35  230.83   10.23    0.09   23245   23245
  8.000   0.163   0.199    2.44  246.10    5.89   -0.24  228.00    9.81    0.09   22533   22533
  8.500   0.114   0.143    2.48  242.33    5.88   -0.14  225.22    9.46    0.07   21494   21494
  9.000   0.077   0.101    2.52  238.58    5.84   -0.06  222.32    9.17    0.06   20372   20372
  9.500   0.051   0.069    2.57  234.87    5.77    0.01  219.28    8.80    0.08   19373   19373
 10.000   0.029   0.044    2.77  231.24    5.67    0.06  216.00    8.48    0.08   16390   16390
 10.500   0.017   0.028    2.95  227.78    5.54    0.06  212.58    7.93    0.12   15381   15381
 11.000   0.010   0.017    3.16  224.58    5.38    0.02  209.20    7.35    0.15   14510   14510
 11.500 999.900 999.900  999.90  221.63    5.13   -0.07  205.95    7.00    0.18   13516   13516
 12.000 999.900 999.900  999.90  219.09    4.86   -0.22  202.39    6.84    0.28   11792   11792
 12.500 999.900 999.900  999.90  217.01    4.45   -0.37  198.65    6.46    0.43   10454   10454
 13.000 999.900 999.900  999.90  215.26    3.99   -0.36  195.38    5.79    0.60    9491    9491
 13.500 999.900 999.900  999.90  213.65    3.62   -0.09  191.61    4.20    0.72    7344    7344
 14.000 999.900 999.900  999.90  212.01    3.48    0.25  188.10    2.44    0.21    4163    4163
 14.500 999.900 999.900  999.90  210.38    3.62    0.31  186.85    2.21    0.29    2566    2566
 15.000 999.900 999.900  999.90  208.78    3.85    0.25  186.23    2.19    0.45    1585    1585
 15.500 999.900 999.900  999.90  207.37    4.05    0.19  186.04    2.14    0.45     903     903
 16.000 999.900 999.900  999.90  206.26    4.10    0.20  185.88    2.13    0.74     544     544
 16.500 999.900 999.900  999.90  205.30    3.93    0.30  185.49    2.03    0.70     373     373
 17.000 999.900 999.900  999.90  205.16    3.72    0.34  185.09    1.92    0.65     266     266
 17.500 999.900 999.900  999.90  205.34    3.48    0.32  184.89    1.74    0.38     237     237
 18.000 999.900 999.900  999.90  205.94    3.21    0.19  184.84    1.87    0.46     208     208
 18.500 999.900 999.900  999.90  206.79    2.97    0.00  184.55    1.96    0.68     220     220
 19.000 999.900 999.900  999.90  207.78    2.81   -0.22  184.48    1.89    1.42     225     225
 19.500 999.900 999.900  999.90  208.82    2.68   -0.41  184.32    1.77    0.71     339     339
 20.000 999.900 999.900  999.90  209.89    2.61   -0.63  183.95    1.72   -0.04     697     697
 20.500 999.900 999.900  999.90  210.54    2.65   -0.77  999.90  999.90  999.90       0       0
 21.000 999.900 999.900  999.90  212.01    2.68   -1.12  999.90  999.90  999.90       0       0
 21.500 999.900 999.900  999.90  213.11    2.72   -1.17  999.90  999.90  999.90       0       0
 22.000 999.900 999.900  999.90  213.99    2.74   -1.02  999.90  999.90  999.90       0       0
 22.500 999.900 999.900  999.90  214.94    2.81   -1.13  999.90  999.90  999.90       0       0
 23.000 999.900 999.900  999.90  215.60    2.96   -1.09  999.90  999.90  999.90       0       0
 23.500 999.900 999.900  999.90  216.65    2.82   -1.30  999.90  999.90  999.90       0       0
 24.000 999.900 999.900  999.90  218.90    1.85   -1.61  999.90  999.90  999.90       0       0
 24.500 999.900 999.900  999.90  219.75    1.92   -1.68  999.90  999.90  999.90       0       0
 25.000 999.900 999.900  999.90  220.67    1.78   -1.68  999.90  999.90  999.90       0       0
 25.500 999.900 999.900  999.90  221.67    1.77   -1.33  999.90  999.90  999.90       0       0
 26.000 999.900 999.900  999.90  222.77    1.72   -1.17  999.90  999.90  999.90       0       0
 26.500 999.900 999.900  999.90  223.66    1.84   -0.70  999.90  999.90  999.90       0       0
 27.000 999.900 999.900  999.90  224.53    1.95   -1.31  999.90  999.90  999.90       0       0
 27.500 999.900 999.900  999.90  999.90  999.90  999.99  999.90  999.90  999.90       0       0
 28.000 999.900 999.900  999.90  999.90  999.90  999.99  999.90  999.90  999.90       0       0
 28.500 999.900 999.900  999.90  999.90  999.90  999.99  999.90  999.90  999.90       0       0
 29.000 999.900 999.900  999.90  999.90  999.90  999.99  999.90  999.90  999.90       0       0
 29.500 999.900 999.900  999.90  999.90  999.90  999.99  999.90  999.90  999.90       0       0
 30.000 999.900 999.900  999.90  999.90  999.90  999.99  999.90  999.90  999.90       0       0
